113 0.534375 0.1921875 0.2296875 0.3625
113 0.6802884609375 1 0.759615384375 0.8846153843750001 0.89423076875 0.65625 0.9543269234375 0.584134615625 0.9903846156249999 0.5 0.9903846156249999 0.427884615625 0.9615384609375001 0.3581730765625 0.9230769234375 0.3293269234375 0.8966346156249999 0.3293269234375 0.846153846875 0.35576923125 0.7668269234375 0.44230769218750005 0.709134615625 0.564903846875 0.6298076921875 0.689903846875 0.60576923125 0.747596153125 0.490384615625 0.9230769234375 0.46394230781249995 1 0.6802884609375 1
113 0.5865384609375 0.44230769218750005 0.43509615312500005 0.716346153125 0.4134615390625 0.8197115390624999 0.4302884609375 0.86298076875 0.4615384609375 0.8966346156249999 0.5072115390625 0.8894230765625 0.5552884609375 0.83173076875 0.622596153125 0.728365384375 0.7572115390625 0.4759615390625 0.8389423078125 0.3677884609375 0.8581730765625 0.2884615390625 0.8485576921875 0.189903846875 0.8197115390624999 0.146634615625 0.7668269234375 0.127403846875 0.721153846875 0.146634615625 0.689903846875 0.1875 0.5865384609375 0.44230769218750005
113 0.41826923125000004 0.48076923125000004 0.4831730765625 0.4855769234375 0.5144230765625 0.509615384375 0.533653846875 0.5456730765625 0.5697115390625 0.46875 0.5673076921875 0.4230769234375 0.552884615625 0.39423076875 0.5576923078125 0.3581730765625 0.478365384375 0.3389423078125 0.45673076874999996 0.3485576921875 0.42548076874999996 0.384615384375 0.41826923125000004 0.48076923125000004
113 0.40865384687499995 0.65625 0.46634615312500005 0.66826923125 0.53125 0.560096153125 0.53125 0.540865384375 0.5168269234375 0.509615384375 0.490384615625 0.48798076874999996 0.43269230781249995 0.478365384375 0.375 0.51201923125 0.3605769234375 0.615384615625 0.40865384687499995 0.65625
113 0.396634615625 0.721153846875 0.4375 0.7331730765625 0.4927884609375 0.622596153125 0.447115384375 0.63701923125 0.39423076875 0.6322115390625 0.3701923078125 0.596153846875 0.3677884609375 0.5480769234375 0.353365384375 0.58173076875 0.35576923125 0.6802884609375 0.396634615625 0.721153846875
113 0.259615384375 0.40625 0.247596153125 0.49519230781249995 0.3052884609375 0.5048076921875 0.33173076875 0.5384615390625 0.34375 0.5769230765625 0.35576923125 0.584134615625 0.3701923078125 0.560096153125 0.375 0.5168269234375 0.41826923125000004 0.4831730765625 0.41826923125000004 0.40144230781249995 0.40865384687499995 0.372596153125 0.377403846875 0.33173076875 0.334134615625 0.322115384375 0.3052884609375 0.334134615625 0.283653846875 0.3581730765625 0.259615384375 0.40625
113 0.1610576921875 0.43269230781249995 0.20913461562500002 0.4519230765625 0.252403846875 0.48798076874999996 0.278846153125 0.36298076875 0.2427884609375 0.3269230765625 0.19951923124999998 0.3173076921875 0.1826923078125 0.32451923125 0.16826923124999998 0.346153846875 0.1610576921875 0.43269230781249995
113 0.10096153906250001 0.5625 0.11298076875 0.5985576921875 0.1394230765625 0.6298076921875 0.20673076875000002 0.66826923125 0.20913461562500002 0.5697115390625 0.247596153125 0.49759615312500005 0.2259615390625 0.4615384609375 0.19951923124999998 0.43990384687499995 0.1490384609375 0.43269230781249995 0.125 0.4447115390625 0.10576923125 0.47115384687499995 0.10096153906250001 0.5625
113 0.19951923124999998 0.572115384375 0.197115384375 0.625 0.2115384609375 0.6706730765625 0.24038461562500002 0.7043269234375 0.26201923125 0.7139423078125 0.302884615625 0.7139423078125 0.334134615625 0.689903846875 0.346153846875 0.6514423078125 0.3485576921875 0.5865384609375 0.32451923125 0.5168269234375 0.30048076875 0.49759615312500005 0.2764423078125 0.4927884609375 0.25 0.502403846875 0.2115384609375 0.540865384375 0.19951923124999998 0.572115384375
113 0.290865384375 0.3485576921875 0.32451923125 0.3293269234375 0.36298076875 0.3269230765625 0.3822115390625 0.341346153125 0.4134615390625 0.40144230781249995 0.4230769234375 0.40384615312500005 0.44230769218750005 0.35576923125 0.41826923125000004 0.3052884609375 0.3894230765625 0.2764423078125 0.3509615390625 0.26923076875 0.3125 0.283653846875 0.29326923125 0.302884615625 0.290865384375 0.3485576921875
113 0.372596153125 0.26923076875 0.415865384375 0.302884615625 0.41826923125000004 0.26923076875 0.40865384687499995 0.259615384375 0.384615384375 0.247596153125 0.346153846875 0.247596153125 0.3125 0.2644230765625 0.30048076875 0.2860576921875 0.372596153125 0.26923076875
