223 0.7015625 0.334375 0.128125 0.15
223 0.5671875 0.3359375 0.134375 0.1515625
223 0.284375 0.3328125 0.128125 0.153125
223 0.8375 0.3359375 0.128125 0.15
223 0.428125 0.3328125 0.128125 0.153125
223 0.56875 0.6421875 0.1359375 0.1640625
223 0.1453125 0.334375 0.134375 0.15625
223 0.559375 0.3984375 0.103125 0.01875
223 0.259375 0.640625 0.1390625 0.165625
223 0.146875 0.3984375 0.096875 0.0171875
223 0.8421875 0.3984375 0.0984375 0.01875
223 0.425 0.396875 0.1 0.01875
223 0.2828125 0.3984375 0.096875 0.01875
223 0.7015625 0.3984375 0.0984375 0.01875
223 0.0984375 0.5671875 0.109375 0.015625
223 0.721875 0.640625 0.1390625 0.165625
223 0.890625 0.6375 0.1453125 0.165625
223 0.4125 0.56875 0.1046875 0.015625
223 0.2609375 0.5671875 0.1015625 0.015625
223 0.109375 0.640625 0.1390625 0.1625
223 0.571875 0.5671875 0.1046875 0.01875
223 0.728125 0.56875 0.1 0.01875
223 0.8828125 0.56875 0.103125 0.0171875
