223 0.54375 0.2734375 0.178125 0.315625
223 0.390625 0.89375 0.178125 0.2046875
223 0.7109375 0.271875 0.1546875 0.2921875
223 0.56875 0.840625 0.153125 0.171875
223 0.565625 0.709375 0.15625 0.0734375
223 0.7234375 0.6765625 0.1375 0.0625
223 0.7203125 0.7890625 0.1328125 0.1640625
223 0.3296875 0.2828125 0.2 0.34375
223 0.3734375 0.759375 0.184375 0.075
223 0.4671875 0.29375 0.0234375 0.0359375
223 0.378125 0.7625 0.0234375 0.0375
223 0.5703125 0.71875 0.0234375 0.0328125
223 0.4234375 0.29375 0.0234375 0.0390625
223 0.4640625 0.884375 0.0203125 0.0328125
223 0.7328125 0.678125 0.021875 0.0296875
223 0.5015625 0.8765625 0.0203125 0.0359375
223 0.65625 0.2890625 0.0234375 0.0328125
223 0.66875 0.8265625 0.0234375 0.03125