223 0.9078125 0.5625 0.18125 0.1109375
223 0.728125 0.6546875 0.14375 0.1375
223 0.6671875 0.5046875 0.259375 0.1078125
223 0.603125 0.6375 0.1203125 0.1703125
223 0.9015625 0.678125 0.165625 0.090625
223 0.4578125 0.609375 0.15 0.2234375
223 0.728125 0.51875 0.0671875 0.0375
223 0.453125 0.45 0.14375 0.0875
223 0.1015625 0.3671875 0.1453125 0.071875
223 0.59375 0.4875 0.059375 0.034375
223 0.221875 0.6171875 0.0875 0.20625
223 0.1265625 0.5421875 0.0671875 0.246875
223 0.9640625 0.709375 0.0359375 0.028125
223 0.0578125 0.3578125 0.0296875 0.025
223 0.6640625 0.6171875 0.034375 0.03125
223 0.634375 0.609375 0.03125 0.0265625
223 0.26875 0.553125 0.025 0.021875
223 0.3171875 0.63125 0.0984375 0.1859375
223 0.1296875 0.3765625 0.0359375 0.025
223 0.0953125 0.440625 0.0203125 0.0234375
223 0.0453125 0.534375 0.0703125 0.2375
223 0.246875 0.5484375 0.0203125 0.0234375
223 0.078125 0.4359375 0.0203125 0.021875
223 0.4453125 0.453125 0.04375 0.028125
