223 0.365625 0.1953125 0.128125 0.2
223 0.49375 0.19375 0.121875 0.2046875
223 0.4984375 0.3953125 0.128125 0.190625
223 0.3703125 0.3890625 0.1265625 0.1859375
223 0.3734375 0.5703125 0.121875 0.16875
223 0.5 0.5796875 0.1265625 0.1796875
223 0.375 0.75 0.1171875 0.1765625
223 0.503125 0.765625 0.128125 0.1859375
223 0.4515625 0.2046875 0.0234375 0.046875
223 0.40625 0.209375 0.028125 0.0453125
223 0.4078125 0.4015625 0.028125 0.0453125
223 0.45625 0.403125 0.025 0.0453125
223 0.4578125 0.5875 0.025 0.05
223 0.4140625 0.5890625 0.0296875 0.05
223 0.4609375 0.775 0.028125 0.0453125
223 0.4140625 0.7703125 0.025 0.05