311 0.2757101015625 0.58006956875 0.2962699578125 0.6427577390625 0.3182482328125 0.64235495 0.299668675 0.5787159984375 0.2757101015625 0.58006956875
311 0.3674827046875 0.5775316593750001 0.38780829687499996 0.63752161875 0.41069289531250003 0.6367160609375 0.3900740921875 0.5746882171875 0.3674827046875 0.5775316593750001
311 0.37330431875 0.48466618749999996 0.39397071562499997 0.5445169953125 0.41766703281249995 0.5437320890625 0.396178440625 0.4830323015625 0.37330431875 0.48466618749999996
311 0.43944998125 0.5421622625 0.4184782796875 0.48184005625 0.3972087234375 0.482770671875 0.4182557625 0.5437320890625 0.43944998125 0.5421622625
311 0.440311303125 0.48127809218750006 0.41993550468749996 0.481133521875 0.440311303125 0.541454596875 0.46018088125 0.5377916828125 0.440311303125 0.48127809218750006
311 0.3943517765625 0.36756681874999997 0.37361055468750004 0.43157355624999993 0.3955932484375 0.43108508749999996 0.4159272359375 0.366851709375 0.3943517765625 0.36756681874999997
311 0.416739459375 0.367014796875 0.396558253125 0.430921403125 0.4177860578125 0.430318596875 0.43792873125 0.3676271515625 0.416739459375 0.367014796875
311 0.0669211953125 0.7619339703125 0.087207309375 0.700540021875 0.0660130296875 0.699717775 0.0451950921875 0.7631758078125 0.0669211953125 0.7619339703125
311 0.1272983140625 0.492438053125 0.146015096875 0.5532790046875 0.167650865625 0.5522324671875001 0.148811553125 0.49048612968749994 0.1272983140625 0.492438053125
311 0.1507397328125 0.49182451718750003 0.168758459375 0.5518067921875 0.187967096875 0.5496915515625 0.1711382890625 0.49091798593749997 0.1507397328125 0.49182451718750003
311 0.1723184796875 0.374786409375 0.15066090000000001 0.4404607171875 0.1732025921875 0.4404607171875 0.193576834375 0.3752167859375 0.1723184796875 0.374786409375
311 0.217709134375 0.373630328125 0.19559980625 0.43840579062499996 0.2175635203125 0.43814892343749995 0.2370707640625 0.37290499375 0.217709134375 0.373630328125
311 0.0883789421875 0.7632050953125 0.10906869687500001 0.7011484828125 0.0879110390625 0.7004072609375 0.0681422390625 0.7623733453125 0.0883789421875 0.7632050953125
311 0.11054270625 0.7003997796875 0.0900165921875 0.7619574640625 0.111540015625 0.7615415828125001 0.131659734375 0.7001993203125 0.11054270625 0.7003997796875
311 0.1325688546875 0.6995184890624999 0.1121691484375 0.7613722484375 0.1343920125 0.761846296875 0.1540370375 0.6991134671875 0.1325688546875 0.6995184890624999
311 0.1566893390625 0.7609774421875 0.17633710625000001 0.69943995625 0.154703896875 0.6992836109375 0.13515025 0.76158519375 0.1566893390625 0.7609774421875
311 0.1773657203125 0.6975011515625 0.15769144375 0.7611740734375 0.179622475 0.760659753125 0.1993546203125 0.6973982875 0.1773657203125 0.6975011515625
311 0.221343521875 0.697604015625 0.2003961984375 0.697604015625 0.1805483265625 0.7607626203125 0.20166924062499997 0.7602482953125 0.221343521875 0.697604015625
311 0.22258889843750002 0.6966300875 0.2025950921875 0.7596858265625 0.22487331406250002 0.7596858265625 0.244693528125 0.6965272234375 0.22258889843750002 0.6966300875
311 0.26838143593749997 0.69573463125 0.24592921093750003 0.696535475 0.22613919999999998 0.7595912140625 0.24766517187499998 0.759488346875 0.26838143593749997 0.69573463125
311 0.269735603125 0.696475371875 0.2484270015625 0.7593945671875 0.27093669062500003 0.7587773859375 0.290784565625 0.6960302375 0.269735603125 0.696475371875
311 0.29443009375 0.75795446875 0.3136939359375 0.6955494468750001 0.29199974375000004 0.6960302375 0.272383328125 0.7587773859375 0.29443009375 0.75795446875
311 0.33780852031249997 0.6953642609374999 0.3188531390625 0.7571419765625 0.3408999015625 0.756421928125 0.3598219296875 0.6944976953124999 0.33780852031249997 0.6953642609374999
311 0.384579353125 0.6928642609375 0.365352165625 0.7555372390625 0.3867624140625 0.7548171890625001 0.40591589843750003 0.6921729078125 0.384579353125 0.6928642609375
311 0.41017748281250005 0.7544569390625 0.4294467015625 0.6914012031250001 0.40716847187500005 0.6923269796875 0.3878413859375 0.7551769890625 0.41017748281250005 0.7544569390625
311 0.43312266718750003 0.7533660765625 0.4524439359375 0.6903642609375 0.43040298281249995 0.69133898125 0.4111337640625 0.754291853125 0.43312266718750003 0.7533660765625
311 0.4535376859375 0.69073463125 0.4348324671875 0.7532012859375 0.456300578125 0.7529955578124999 0.47487540937499995 0.6896312265625 0.4535376859375 0.69073463125
311 0.5417939374999999 0.684627621875 0.52206134375 0.75018015625 0.5451108671875 0.7497683578125 0.5635273296875 0.6857339234375 0.5417939374999999 0.684627621875
311 0.591722146875 0.5707480281249999 0.6117848046875001 0.63288303125 0.6347975140625 0.6316204296875 0.612921221875 0.5700053781250001 0.591722146875 0.5707480281249999
311 0.5891982453125 0.6336406015625 0.5681742859375001 0.573035621875 0.5470082765625001 0.574803271875 0.56561731875 0.6336406015625 0.5891982453125 0.6336406015625
311 0.6591038921875 0.63007465 0.6799706015625 0.6298527859374999 0.6576681578125 0.568237734375 0.6356498312500001 0.5679852125 0.6591038921875 0.63007465
311 0.7463037984375 0.68190020625 0.7300485140624999 0.7429926265625 0.7514986312499999 0.7412249828124999 0.767124546875 0.6808725375 0.7463037984375 0.68190020625
311 0.773374915625 0.7409724671875 0.7897758921875 0.6803090703125 0.767976871875 0.680620009375 0.7520668484375 0.74223506875 0.773374915625 0.7409724671875
311 0.7912977625 0.6801227937500001 0.7746060046875 0.7410051046875 0.7957099484375 0.7402859671875001 0.8113524921874999 0.6793985874999999 0.7912977625 0.6801227937500001
311 0.43571912968750004 0.574268290625 0.457331896875 0.6364032328125 0.4791869203125 0.636637271875 0.457331896875 0.5729787859375 0.43571912968750004 0.574268290625
311 0.1592934265625 0.64596319375 0.1404861796875 0.58212391875 0.11914598750000001 0.582310846875 0.138832184375 0.6456876421875 0.1592934265625 0.64596319375
311 0.21717501874999998 0.4900600234375 0.235717825 0.5506856390625 0.2571021484375 0.55032013125 0.237979628125 0.48891345625 0.21717501874999998 0.4900600234375
311 0.2397116046875 0.4886031609375 0.257592790625 0.5493231375 0.27833991875 0.5483483078125 0.2606088984375 0.48904634218750004 0.2397116046875 0.4886031609375
311 0.302834321875 0.5483483078125 0.282982575 0.48743318125 0.262345440625 0.48888386562499997 0.2798936703125 0.5478608984375 0.302834321875 0.5483483078125
311 0.3248844265625 0.5466598765625 0.306016553125 0.48670194375 0.28448695 0.48768284843750004 0.3037717203125 0.5471472875 0.3248844265625 0.5466598765625
311 0.5318297750000001 0.358070534375 0.531742246875 0.35820305 0.5095848890625 0.430166309375 0.5301091765625 0.4296201234375 0.5519853625 0.3582890078125 0.5318297750000001 0.358070534375
311 0.5310923734374999 0.4290739453125 0.553423609375 0.42781939687500004 0.5751836078125 0.3578520625 0.5532143578125 0.3582890078125 0.5310923734374999 0.4290739453125
311 0.5544749718750001 0.42809082187499997 0.575490821875 0.42656151875 0.59656815625 0.359381365625 0.5765355078125001 0.35927213125 0.5544749718750001 0.42809082187499997
311 0.59845955625 0.42593914374999997 0.6197640718749999 0.3584578015625 0.5972920078125 0.35930516875 0.5764604703125 0.42659455625 0.59845955625 0.42593914374999997
311 0.7911636843750001 0.472368975 0.8135372875 0.5319978078125 0.8328375046875 0.530899921875 0.811838859375 0.472163146875 0.7911636843750001 0.472368975
311 0.3063872453125 0.43425636718750005 0.325980115625 0.369768078125 0.305621884375 0.37058438125 0.2855698 0.43507266875 0.3063872453125 0.43425636718750005
311 0.2162027546875 0.4901172265625 0.1942723375 0.4895617078125 0.21268124843749997 0.5505339484375 0.2346389109375 0.5506918140625 0.2162027546875 0.4901172265625
311 0.1922771890625 0.4895911359375 0.17339009218749998 0.4907451671875 0.1898949921875 0.5488768937499999 0.21133478593750002 0.5494292515625 0.1922771890625 0.4895911359375
311 0.19455201093750002 0.43917914687500004 0.215706371875 0.37437330156250004 0.19654519374999999 0.37437330156250004 0.1742768109375 0.440471403125 0.19455201093750002 0.43917914687500004
311 0.128455975 0.440505003125 0.14809687031250002 0.377925090625 0.127278515625 0.3773727375 0.10687446249999999 0.44107731875 0.128455975 0.440505003125
311 0.10459583593749999 0.3786615625 0.0867847078125 0.44249378906250003 0.10542442968750002 0.441997903125 0.12489631718750001 0.378845675 0.10459583593749999 0.3786615625
311 0.163398384375 0.5828889625 0.180328390625 0.64678815 0.2043324109375 0.6449851640625 0.186582953125 0.58218135 0.163398384375 0.5828889625
311 0.255008334375 0.5803499234375 0.273431153125 0.6448557515625 0.2951289625 0.6420136875 0.274344746875 0.5792851921875 0.255008334375 0.5803499234375
311 0.2319838984375 0.5781571203125 0.2518475515625 0.6458707734375 0.272289165625 0.6446527515625 0.253332140625 0.5803002187499999 0.2319838984375 0.5781571203125
311 0.21101521562499997 0.581629059375 0.22763737812499998 0.6454647625 0.250134571875 0.6454647625 0.230035559375 0.5809092312499999 0.21101521562499997 0.581629059375
311 0.1888130796875 0.5827254609375 0.205939575 0.6456677734375 0.2266095875 0.6450587515625 0.20936554687500003 0.5811122359375 0.1888130796875 0.5827254609375
311 0.05 0.63203125 0.03984375 0.03515625
311 0.05 0.59921875 0.04140625 0.02890625
311 0.05234375 0.4671875 0.04140625 0.028125
311 0.05234375 0.4984375 0.04140625 0.03125
311 0.0484375 0.53515625 0.0390625 0.0265625
311 0.05 0.5609375 0.03828125 0.021875
311 0.3481643015625 0.5467877171875 0.3274490859375 0.48565947343750004 0.30735531875 0.4862118390625 0.32620616875 0.5475242046875 0.3481643015625 0.5467877171875
311 0.3225032953125 0.5794194218750001 0.34288899375000004 0.6409879375 0.36342278906250003 0.64062291875 0.34340233750000004 0.5776574140624999 0.3225032953125 0.5794194218750001
311 0.345513346875 0.5776122953125 0.36496283125 0.6404404140625 0.3871393359375 0.6397103765625001 0.3665028625 0.5765623625 0.345513346875 0.5776122953125
311 0.39142161249999996 0.5750528515625 0.4116912046875 0.6382589734375 0.43414312187500004 0.6396119015624999 0.41237617968749996 0.5752123765625 0.39142161249999996 0.5750528515625
311 0.43460880625 0.5744103125 0.4133490609375 0.5750163328125 0.434485184375 0.6375883046874999 0.45642748749999995 0.6371488046875 0.43460880625 0.5744103125
311 0.5028833859375 0.6366985203125 0.48056853281249995 0.571154221875 0.458733575 0.573144721875 0.48000866249999996 0.6361298046874999 0.5028833859375 0.6366985203125
311 0.7037886390625 0.630363415625 0.6809220875 0.5660459109375 0.658888359375 0.5671423328125 0.6821164671875 0.6305609765625 0.7037886390625 0.630363415625
311 0.726349915625 0.629375578125 0.7037297828125 0.5662237484375 0.6821164671875 0.566944771875 0.704344334375 0.6295731499999999 0.726349915625 0.629375578125
311 0.7282163859375 0.74288924375 0.744333878125 0.6841753921875 0.7239298187500001 0.6828176515625 0.70669003125 0.7431401765625 0.7282163859375 0.74288924375
311 0.6347055453125 0.5359405140625 0.6133837734375 0.4765156078125 0.59063283125 0.4786363859375 0.6107803625 0.5379551124999999 0.6347055453125 0.5359405140625
311 0.46349460625 0.4802279359375 0.442060478125 0.48109846718749993 0.46083839375 0.5364326875 0.4808885734375 0.5355187859375 0.46349460625 0.4802279359375
311 0.3714298015625 0.546070921875 0.3930472328125 0.545226346875 0.3712843640625 0.48463843124999995 0.35978966093750003 0.48462829375 0.3609774296875 0.5135548875 0.3714298015625 0.546070921875
311 0.4404512359375 0.43112661093750004 0.46050158906250005 0.36620830937500004 0.43955853593749994 0.36705481562500003 0.41936098125 0.43112661093750004 0.4404512359375 0.43112661093750004
311 0.5660931828125 0.53977859375 0.5452179859374999 0.47726520156249996 0.523681784375 0.478026353125 0.5432133515625 0.5390345937500001 0.5660931828125 0.53977859375
311 0.7321115203125 0.42262312656249995 0.7519437 0.35301210781250003 0.728237484375 0.3530678140625 0.7100294703125 0.42365611875000003 0.7321115203125 0.42262312656249995
311 0.3178449234375 0.7577285125000001 0.336261421875 0.6950803890625 0.31483525156250003 0.69566720625 0.2956736953125 0.7582635203125 0.3178449234375 0.7577285125000001
311 0.479417046875 0.7509780562499999 0.49780385625 0.6878565812499999 0.47600609531250004 0.6905217859375 0.45885098125 0.7525830890625 0.479417046875 0.7509780562499999
311 0.525112815625 0.576872878125 0.5451618953125 0.6338589125 0.5652109875 0.6338589125 0.5458051890625 0.5755387578125 0.525112815625 0.576872878125
311 0.657689690625 0.6303048125 0.6344416453124999 0.56854693125 0.6140669515625 0.5697851843749999 0.6357477125 0.6315430609375 0.657689690625 0.6303048125
311 0.6768239609375 0.6835829718750001 0.65566934375 0.6839248390625 0.6381687109375 0.7446061671875001 0.6589386984375001 0.74392243125 0.6768239609375 0.6835829718750001
311 0.63301176875 0.684225925 0.616148678125 0.7464864343750001 0.636245559375 0.74563176875 0.653650046875 0.6839248390625 0.63301176875 0.684225925
311 0.7501605546875 0.5663908296875 0.7713824484375 0.6276821421875 0.7920166109375 0.62635863125 0.76914885 0.5641536375 0.7501605546875 0.5663908296875
311 0.81487639375 0.62680848125 0.7925705046875 0.5633273562500001 0.770949021875 0.5646034828125 0.793391334375 0.62680848125 0.81487639375 0.62680848125
311 0.8163124171874999 0.5655398640625 0.8373233578124999 0.6255585859374999 0.8574257125000001 0.62536950625 0.837110628125 0.5652443109374999 0.8163124171874999 0.5655398640625
311 0.614638503125 0.7465388625 0.6308596421875 0.6856641812500001 0.6097886625 0.6866855078125 0.5937692 0.7462016140625 0.5945280859375 0.7462016140625 0.614638503125 0.7465388625
311 0.6201684625 0.42668549375 0.64231610625 0.3557792140625 0.6213695953125 0.356685890625 0.60043566875 0.4251604515625 0.6201684625 0.42668549375
311 0.6442467875 0.35555039375 0.622828103125 0.425312953125 0.6427324921875 0.4250079484375 0.6637522062500001 0.35439832187500003 0.6442467875 0.35555039375
311 0.5073276859375 0.3598696328125 0.48713007499999994 0.42813454531249995 0.5083707609375 0.4288087640625 0.5298010828125 0.35953252343750003 0.5073276859375 0.3598696328125
311 0.8506713453125 0.35223018281249996 0.8282527328124999 0.3556787609375 0.8518569421875 0.4158372734375 0.865760790625 0.4056831265625 0.8506713453125 0.35223018281249996
311 0.8249115046875 0.34724890625 0.8105765265624999 0.34724890625 0.8286838640624999 0.41123917031249996 0.8430188421875 0.40721583125 0.8249115046875 0.34724890625
311 0.798930590625 0.49306622187500004 0.78793685 0.4733327015625 0.75894355625 0.5218043640625 0.7709073328125 0.5405799609375 0.798930590625 0.49306622187500004
311 0.744177446875 0.5415378937499999 0.77457190625 0.48674383125 0.7586202109375 0.47103365 0.729950253125 0.5218043640625 0.744177446875 0.5415378937499999
311 0.7447163625 0.4685430140625 0.72617789375 0.4587720421875 0.70591491875 0.530234221875 0.7227288765625001 0.5401967734374999 0.7447163625 0.4685430140625
311 0.695445978125 0.5371427328125 0.71161324375 0.46797960312500003 0.6931825609375 0.46587214218749995 0.679494271875 0.5340773343749999 0.695445978125 0.5371427328125
311 0.6668838046875 0.465297378125 0.6489466796875 0.46664752031249995 0.6582612671875 0.5381006734375 0.6783086765624999 0.53656796875 0.6668838046875 0.465297378125
311 0.6486686875000001 0.4651057890625 0.6315313859375 0.46817119218750003 0.640261709375 0.5340773343749999 0.657937921875 0.5363763859375 0.6486686875000001 0.4651057890625
311 0.825227521875 0.6409300546875001 0.8384838515625 0.6313401265625 0.8181369203125 0.5711976078125 0.8051118078125 0.5822945171875 0.825227521875 0.6409300546875001
311 0.8090148296875 0.4048421859375 0.7865032625 0.35555843125000003 0.7745853734375 0.3701228828125 0.7970969390625 0.41675855625 0.8090148296875 0.4048421859375
311 0.77690274375 0.401311409375 0.7675505046875 0.35188054062499996 0.7555498578125001 0.3562940109375 0.7634123515625 0.40763738125 0.77690274375 0.401311409375
311 0.280910128125 0.371159196875 0.262785240625 0.43718506250000005 0.283226446875 0.43528930781249997 0.3036676625 0.3705176921875 0.280910128125 0.371159196875
311 0.2603102015625 0.37400363125 0.24127753593749998 0.43560526250000003 0.25976349375 0.43671112343749996 0.279671459375 0.3722554671875 0.2603102015625 0.37400363125
311 0.24157411875 0.4361930765625 0.2398711359375 0.38036302499999997 0.2224905046875 0.3833949828125 0.222413559375 0.439612646875 0.24157411875 0.4361930765625
311 0.36168025937500003 0.6942197734375 0.34279460156249997 0.7543961890624999 0.3638902859375 0.7545747609375 0.3826754859375 0.6933269453124999 0.36168025937500003 0.6942197734375