311 0.27327258125 0.58260931875 0.299217834375 0.6432670328125 0.3203125 0.641031309375 0.3203125 0.6389859515625 0.2970220125 0.5791727718749999 0.27327258125 0.58260931875
311 0.3680124953125 0.57701433125 0.38683680625 0.6359375 0.4098680703125 0.6359375 0.3906500671875 0.5745655968750001 0.3680124953125 0.57701433125
311 0.376589146875 0.48301586093750004 0.3908862171875 0.5446990265625 0.39943864218749997 0.5453125 0.41427490312500004 0.5453125 0.3995087484375 0.483781921875 0.376589146875 0.48301586093750004
311 0.3980913359375 0.48269895937499996 0.4179837875 0.54375 0.4228185390625 0.54375 0.4390625 0.5428315593749999 0.4390625 0.5421266874999999 0.41937389375 0.48213969062500006 0.3980913359375 0.48269895937499996
311 0.4408070515625 0.480860996875 0.4204487109375 0.480005409375 0.4385944171875 0.540625 0.44123834687499996 0.540625 0.45869222968749995 0.5380336 0.4408070515625 0.480860996875
311 0.371875 0.4294517703125 0.371875 0.43004035937499996 0.3936054234375 0.43107542656250003 0.4171875 0.37141024375 0.4171875 0.36837352968750003 0.3967977859375 0.36762528437499997 0.371875 0.4294517703125
311 0.390625 0.42542175625 0.390625 0.42571660937500005 0.4113629484375 0.42951278750000005 0.4421875 0.37571651875 0.4421875 0.37191462343750004 0.4235008203125 0.367374728125 0.390625 0.42542175625
311 0.060256290625 0.7625 0.06671614687500001 0.7621307625 0.0859375 0.7039592046875 0.0859375 0.70069550625 0.0680101375 0.7 0.065779953125 0.7 0.0452763078125 0.7625 0.060256290625 0.7625
311 0.1356008578125 0.48858399375 0.1390429125 0.552145709375 0.1597129203125 0.55625 0.16028325625 0.55625 0.15694727343749998 0.491894575 0.1356008578125 0.48858399375
311 0.173840840625 0.4914267296875 0.1534287375 0.490908121875 0.167120390625 0.5515625 0.1782186203125 0.5515625 0.18652881875 0.5512310453125 0.173840840625 0.4914267296875
311 0.18783081562499998 0.3717545671875 0.1668206890625 0.375022203125 0.157080828125 0.4421875 0.16411063125 0.4421875 0.17909559375 0.439545246875 0.18783081562499998 0.3717545671875
311 0.2334010953125 0.3703330234375 0.21422134843750001 0.3730782265625 0.1991744515625 0.4390625 0.2053951203125 0.4390625 0.22082056093750002 0.4372586015625 0.2334010953125 0.3703330234375
311 0.105355603125 0.69977834375 0.0842363703125 0.701252759375 0.07123591093750001 0.7640625 0.08491341875 0.7640625 0.091265871875 0.763657671875 0.105355603125 0.69977834375
311 0.12703731093749998 0.6974459171875 0.10615369062499999 0.7005833484374999 0.09445645 0.7640625 0.096491478125 0.7640625 0.1156505890625 0.760991325 0.12703731093749998 0.6974459171875
311 0.1080719984375 0.758542028125 0.13007144375 0.7617208296875 0.15625 0.703978771875 0.15625 0.7017496515625 0.13585772499999998 0.699635415625 0.1080719984375 0.758542028125
311 0.1697047625 0.6957448875 0.148511784375 0.7000897546875 0.14258511875 0.7625 0.1530531796875 0.7625 0.16328070781249998 0.76002263125 0.1697047625 0.6957448875
311 0.1907415328125 0.6937672312500001 0.16943068125 0.6991866359375 0.16583693906250002 0.7640625 0.17181405624999999 0.7640625 0.18689985 0.7599231984375 0.1907415328125 0.6937672312500001
311 0.178125 0.7585689312499999 0.178125 0.759512784375 0.19886609375 0.7604564609375 0.221875 0.701851865625 0.221875 0.69926815 0.201965996875 0.6978759765625 0.178125 0.7585689312499999
311 0.2214650453125 0.6966448546875 0.20323848125000002 0.7578125 0.225391515625 0.7578125 0.24356451250000002 0.6961562265625 0.2214650453125 0.6966448546875
311 0.2209635640625 0.756147359375 0.24224060781249998 0.7594131625 0.271875 0.7012553015625 0.271875 0.699587465625 0.2503740171875 0.6969637796875 0.2209635640625 0.756147359375
311 0.290309365625 0.6960327375 0.269271378125 0.696845159375 0.24930413593749998 0.759375 0.26580667187499996 0.759375 0.271559603125 0.759116721875 0.290309365625 0.6960327375
311 0.305456453125 0.6912996640625 0.284522984375 0.6970144734375 0.280677590625 0.7625 0.2811647796875 0.7625 0.3018619703125 0.7565113343750001 0.305456453125 0.6912996640625
311 0.3144710859375 0.75363301875 0.33635905625 0.756370709375 0.3640625 0.6995487015624999 0.3640625 0.6980893546875 0.342857259375 0.6955811640625 0.3144710859375 0.75363301875
311 0.3991307359375 0.6885859453125 0.3783181203125 0.6933358015625 0.3714784484375 0.7578125 0.37451161875 0.7578125 0.392282246875 0.75373393125 0.3991307359375 0.6885859453125
311 0.3859375 0.7535991109375 0.3859375 0.754292925 0.3964301359375 0.7546875 0.40817264375000006 0.7546875 0.43125 0.6945458515625 0.43125 0.6935541640625 0.4093379 0.6929342843749999 0.3859375 0.7535991109375
311 0.41618112187499995 0.75625 0.4190369203125 0.75625 0.4376709046875 0.752489059375 0.44686192656249996 0.6875 0.44562626875 0.6875 0.4252815296875 0.6916510734375 0.41618112187499995 0.75625
311 0.471057053125 0.6877279625 0.4500128484375 0.69142355625 0.43923306406249996 0.7546875 0.4467315796875 0.7546875 0.46034284531249997 0.7528836875 0.471057053125 0.6877279625
311 0.519090990625 0.7484487984375 0.54208869375 0.7500474640625 0.565625 0.688878103125 0.565625 0.6878074421875 0.544461775 0.68486551875 0.519090990625 0.7484487984375
311 0.612899803125 0.5698870828125 0.591700728125 0.5706297328125001 0.6112742953125 0.63125 0.6328125 0.63125 0.6328125 0.6259716296875 0.612899803125 0.5698870828125
311 0.5536516734375 0.5705131765625 0.5596210953125 0.63193380625 0.5784569953124999 0.6359375 0.5825742328125 0.6359375 0.5747226703125 0.5731848140625 0.5536516734375 0.5705131765625
311 0.6773651265625 0.6296875 0.6598273515625 0.568114315625 0.6484499203125 0.5671875 0.6381384921875 0.5671875 0.6568821109375 0.6296875 0.6773651265625 0.6296875
311 0.7242596140625001 0.7379355859375 0.745608509375 0.7406663 0.771875 0.6880201359375 0.771875 0.6846286046875 0.7528615109375 0.6815578453125 0.7242596140625001 0.7379355859375
311 0.7817943421875 0.67664978125 0.7608185828125 0.682592128125 0.7613895203125 0.7453125 0.7641439046875 0.7453125 0.7816530578124999 0.7394910078125 0.7817943421875 0.67664978125
311 0.7705018765625 0.73819488125 0.7915005234375 0.74041984375 0.8140625 0.6857026921875 0.8140625 0.68215634375 0.795504371875 0.6802281171875 0.7705018765625 0.73819488125
311 0.43809493593750004 0.572579009375 0.45421004218750005 0.6363611859375 0.4657963734375 0.6375 0.475713353125 0.6375 0.45973784687499997 0.5731780890625 0.43809493593750004 0.572579009375
311 0.11609334843750001 0.584547684375 0.1422074109375 0.6453125 0.1445587765625 0.6453125 0.1625 0.643670740625 0.1625 0.6432321296875 0.137297096875 0.5821311234375 0.11609334843750001 0.584547684375
311 0.2098784453125 0.49659302031249997 0.24348048437499997 0.5503536375 0.264041553125 0.5444659140625 0.2296774 0.49010089375000004 0.2098784453125 0.49659302031249997
311 0.233222315625 0.4935217609375 0.2652618453125 0.54811224375 0.284375 0.542381609375 0.284375 0.5408275703125 0.253606084375 0.48889626562500005 0.233222315625 0.4935217609375
311 0.2556945109375 0.4946212359375 0.28698931875 0.547601096875 0.3078125 0.5428767421875 0.3078125 0.5400422015624999 0.27536768125 0.48822106718749997 0.2556945109375 0.4946212359375
311 0.2793755953125 0.492583390625 0.3096524 0.5472755921875 0.328125 0.5432403140625001 0.328125 0.5387865828125 0.30032247343749996 0.48751246562499995 0.2793755953125 0.492583390625
311 0.5339172609375 0.35868683749999997 0.508024003125 0.42939184687500004 0.5195011578125001 0.4296875 0.5286338078124999 0.4296875 0.553125 0.3625807484375 0.553125 0.3597686390625 0.5340116046875 0.358559084375 0.5339172609375 0.35868683749999997
311 0.5313122390625 0.428125 0.54288821875 0.428125 0.5534366000000001 0.42753240156250005 0.575 0.35819721250000003 0.575 0.3575689765625 0.5532273484375 0.35800201249999997 0.5313122390625 0.428125
311 0.591322984375 0.3567543375 0.5714700890625 0.359434171875 0.5593683328125 0.4296875 0.5636835984374999 0.4296875 0.5798004437500001 0.4262140953125 0.591322984375 0.3567543375
311 0.571023365625 0.42307166250000006 0.5928541359375 0.425865734375 0.6234375 0.364582359375 0.6234375 0.3624261671875 0.6021248109374999 0.3598694890625 0.571023365625 0.42307166250000006
311 0.7909391625 0.473250134375 0.8138640890625 0.53125 0.8308713578125 0.53125 0.8328125 0.531105553125 0.8328125 0.5288831546874999 0.811607596875 0.47268350625 0.7909391625 0.473250134375
311 0.28665263125 0.434375 0.3061335609375 0.434375 0.30702585312499997 0.4343087609375 0.3240537765625 0.3703125 0.309227296875 0.3703125 0.3040388390625 0.370702271875 0.28665263125 0.434375
311 0.215568040625 0.4906559625 0.19363159531250002 0.4908661421875 0.21376270625 0.55 0.234375 0.55 0.234375 0.545499528125 0.215568040625 0.4906559625
311 0.1684177484375 0.49483970624999996 0.1957114640625 0.54875410625 0.215625 0.545413075 0.215625 0.5429414328125 0.1867376375 0.49010305 0.1684177484375 0.49483970624999996
311 0.17496762500000002 0.4390625 0.19151828437500001 0.4390625 0.19477864218750002 0.43879749375 0.2140625 0.376028846875 0.2140625 0.3736451765625 0.195640503125 0.3739667328125 0.17496762500000002 0.4390625
311 0.126861925 0.377228778125 0.1082405109375 0.4390625 0.1295149125 0.4390625 0.14768675 0.3774177171875 0.126861925 0.377228778125
311 0.0828125 0.43974160468749995 0.0828125 0.44032430468749995 0.101140575 0.442081375 0.1265625 0.385346234375 0.1265625 0.3815615484375 0.108036915625 0.379116153125 0.0828125 0.43974160468749995
311 0.16288878281250002 0.5825299625 0.1795229328125 0.6453125 0.1946852875 0.6453125 0.203125 0.644678578125 0.203125 0.642157075 0.1860733515625 0.58182235 0.16288878281250002 0.5825299625
311 0.2567869859375 0.5789181734375 0.2718085828125 0.6442997734375 0.2936253984375 0.6425971796875001 0.276152621875 0.578866890625 0.2567869859375 0.5789181734375
311 0.22970734375 0.5802864171875 0.25539704375 0.6460111671875 0.2734375 0.6433439796875 0.2734375 0.6373625703125 0.25116113281249997 0.5805607375 0.22970734375 0.5802864171875
311 0.20404185468749997 0.587181246875 0.235613521875 0.6450994921875 0.25625 0.6399542406250001 0.25625 0.6376952015625 0.2223230703125 0.5818813640625 0.20404185468749997 0.587181246875
311 0.206260840625 0.6453125 0.2168800359375 0.6453125 0.225 0.6449313234375 0.225 0.637693121875 0.208717490625 0.58125 0.20816967968750003 0.58125 0.18818153437500001 0.5831704546875 0.206260840625 0.6453125
311 0.05 0.63203125 0.040234375 0.035546875
311 0.05 0.59921875 0.042578125 0.031640625
311 0.05234375 0.4671875 0.043359375 0.03125
311 0.05234375 0.4984375 0.044140625 0.034375
311 0.0484375 0.53515625 0.03984375 0.0265625
311 0.05 0.5609375 0.038671875 0.0234375
311 0.3015625 0.491279825 0.3015625 0.49208775625 0.332352696875 0.5474287390625 0.353125 0.5422800296875 0.353125 0.5412126203125001 0.3207060515625 0.48665748437499995 0.3015625 0.491279825
311 0.3433966296875 0.577605090625 0.3224975875 0.5793670984375 0.3422630875 0.6390625 0.3625 0.6390625 0.3625 0.6376863203124999 0.3433966296875 0.577605090625
311 0.34652740312499997 0.5768096546875 0.36344203125 0.6390625 0.38559719062500003 0.6390625 0.36754077500000004 0.5764928859375 0.34652740312499997 0.5768096546875
311 0.3890625 0.5773135125 0.3890625 0.5793898234375 0.4139200484375 0.63857985 0.4359375 0.637983465625 0.4359375 0.6369058359374999 0.40910754374999997 0.575713465625 0.3890625 0.5773135125
311 0.4109375 0.576727484375 0.4109375 0.5779160906249999 0.43695107499999997 0.6372768484375 0.4578125 0.6350299234375 0.4578125 0.6327902125 0.4315679015625 0.5743284937500001 0.4109375 0.576727484375
311 0.45375710625 0.5770659140625 0.4846233 0.6359473890625 0.50625 0.63307106875 0.50625 0.630929146875 0.4750118578125 0.5716841796875001 0.45375710625 0.5770659140625
311 0.659526440625 0.566622778125 0.681384378125 0.6296875 0.7030039375 0.6296875 0.6815759484374999 0.565911065625 0.659526440625 0.566622778125
311 0.6867443796875 0.5640341921875 0.6989013468749999 0.629368715625 0.711510996875 0.63125 0.7204086328125 0.63125 0.7082043921875 0.5667031140625001 0.6867443796875 0.5640341921875
311 0.703699578125 0.740383853125 0.725096059375 0.7427581937500001 0.746875 0.6897876390625 0.746875 0.6861839671875 0.7281623296874999 0.6826119640625 0.703699578125 0.740383853125
311 0.5955131765624999 0.47576930468749995 0.6061331640625001 0.5375094875 0.6273480046875 0.5390625 0.630041028125 0.5390625 0.6183157796875001 0.47723366875 0.5955131765624999 0.47576930468749995
311 0.44324130000000006 0.4806240546875 0.4588359609375 0.5359375 0.47889350156250005 0.5359375 0.46469161249999996 0.48087649218750006 0.44324130000000006 0.4806240546875
311 0.365147284375 0.48268061875 0.3612939578125 0.51137400625 0.365941184375 0.545211084375 0.3781472484375 0.546875 0.38716048125 0.546875 0.37646559687500003 0.4846866375 0.365147284375 0.48268061875
311 0.414083290625 0.4273031546875 0.43485313750000004 0.4309654390625 0.465625 0.37099612187500003 0.465625 0.3704817921875 0.44509995 0.36771202187499996 0.414083290625 0.4273031546875
311 0.5289542890625001 0.4758408921875 0.5387015984375 0.53915343125 0.54637039375 0.540625 0.5607094328125 0.540625 0.5503444156249999 0.47845811562499996 0.5289542890625001 0.4758408921875
311 0.7063885453125 0.42095438124999995 0.7284318890625 0.42262021406250005 0.7546875 0.3604712921875 0.7546875 0.355714771875 0.7330633890625 0.3531112296875 0.7063885453125 0.42095438124999995
311 0.32837477812500004 0.6911325953125 0.3077270203125 0.696885440625 0.3043477296875 0.7609375 0.3090778078125 0.7609375 0.32566128125 0.7563751546875 0.32837477812500004 0.6911325953125
311 0.4546875 0.7493250234375 0.4546875 0.7498145640625 0.47509721718750003 0.750719065625 0.5 0.6927296000000001 0.5 0.6903083484375 0.47907945625000004 0.6902977359375 0.4546875 0.7493250234375
311 0.5196206437499999 0.5816917796875 0.551079665625 0.6332640953124999 0.5703125 0.6291760296875 0.5703125 0.6284512546875 0.539583459375 0.5760846265625 0.5196206437499999 0.5816917796875
311 0.621967046875 0.565436725 0.6280632140625 0.6306051796875 0.6478815578125 0.634375 0.649613825 0.634375 0.6420360859375001 0.5691643375 0.621967046875 0.565436725
311 0.632695603125 0.7400490421875 0.6531538734375 0.7436985703125 0.68125 0.69197430625 0.68125 0.6880158234375 0.6624301625 0.6843323328124999 0.632695603125 0.7400490421875
311 0.6459328953125001 0.6797840500000001 0.6259805015625 0.68506904375 0.6247031187500001 0.7484375 0.6284847874999999 0.7484375 0.643973653125 0.743868546875 0.6459328953125001 0.6797840500000001
311 0.7453155515625001 0.570301234375 0.7768581625000001 0.6269762515624999 0.7953125 0.622487796875 0.7953125 0.619276178125 0.7636268875 0.5648007484375 0.7453155515625001 0.570301234375
311 0.7663601296875 0.568181625 0.7982571468749999 0.626110025 0.81875 0.6228642765625 0.81875 0.6214009609375 0.7875157859375 0.5635388640625 0.7663601296875 0.568181625
311 0.8236831312499999 0.5618014578125 0.8306542875 0.6250083359375 0.8447579578125 0.628125 0.850162734375 0.628125 0.8440147703124999 0.5661920578124999 0.8236831312499999 0.5618014578125
311 0.58915320625 0.7425999125 0.58990275 0.742718628125 0.6097128171875 0.7461976875 0.634375 0.690598746875 0.634375 0.6885137984374999 0.6142858125 0.6863225453124999 0.58915320625 0.7425999125
311 0.596221171875 0.4217830125 0.6155496828125 0.42603948750000004 0.646875 0.359908465625 0.646875 0.3588596984375 0.6264811890625 0.35688828125 0.596221171875 0.4217830125
311 0.6437869421875 0.35556228125 0.6224679906249999 0.425 0.6422785515625 0.425 0.6625 0.357071915625 0.6625 0.3546875 0.658597628125 0.3546875 0.6437869421875 0.35556228125
311 0.5240590218750001 0.3570568828125 0.5019150453125001 0.36090545625 0.4928817484375 0.4296875 0.5069457749999999 0.4296875 0.513729734375 0.428832659375 0.5240590218750001 0.3570568828125
311 0.852439346875 0.3529118296875 0.8298709734375 0.35518238125 0.8500049765625001 0.415625 0.851625025 0.415625 0.8647106015625001 0.4070812375 0.852439346875 0.3529118296875
311 0.8326418390624999 0.34803588125 0.8187953140625 0.34432571562500003 0.819723759375 0.4108220875 0.8346116015625 0.41064600625000003 0.8326418390624999 0.34803588125
311 0.7959288578125 0.48942705625 0.7813717703124999 0.47215379999999996 0.76215999375 0.5252670828125 0.7774865140625 0.5414149234375001 0.7959288578125 0.48942705625
311 0.74595279375 0.5419526953125 0.7734378984375 0.48564300312500003 0.7566858578125 0.4707892 0.730712325 0.5229908046875 0.74595279375 0.5419526953125
311 0.7354638875 0.46419852500000003 0.7150281890625 0.4595586 0.71395143125 0.5338302078125 0.7327709640625 0.5391015218749999 0.7354638875 0.46419852500000003
311 0.6987877499999999 0.5369406437500001 0.7088655296875 0.46663162968750005 0.6903213046875 0.466138528125 0.682629578125 0.5352771921875 0.6987877499999999 0.5369406437500001
311 0.640744884375 0.4716838046875 0.668235521875 0.5382914578125 0.6859375 0.532067334375 0.6859375 0.528793909375 0.657721375 0.46573719843749994 0.640744884375 0.4716838046875
311 0.640617853125 0.465877578125 0.6319929328125 0.531797596875 0.642031840625 0.5359375 0.6488256796874999 0.5359375 0.6579646 0.46735208593750005 0.640617853125 0.465877578125
311 0.8054552718749999 0.5818194390625 0.8239831484375 0.6390625 0.8270326906250001 0.6390625 0.8375 0.6317650671874999 0.8375 0.629978221875 0.8186720671875 0.5709515390625 0.8054552718749999 0.5818194390625
311 0.810142959375 0.402746365625 0.78342169375 0.35561216406249996 0.77281853125 0.3711599046875 0.7993089999999999 0.415656103125 0.810142959375 0.402746365625
311 0.7719975578125 0.40309267968749996 0.7731269421875 0.3527975546875 0.7604709265625 0.3546195046875 0.75748671875 0.406475603125 0.7719975578125 0.40309267968749996
311 0.2609375 0.4356209578125 0.2609375 0.4356518453125 0.28145021875 0.4351868625 0.3046875 0.3762412328125 0.3046875 0.3719292703125 0.2836130328125 0.3710513921875 0.2609375 0.4356209578125
311 0.2771568984375 0.371252090625 0.258021678125 0.37468104687500003 0.24447502812500002 0.4375 0.25195398125 0.4375 0.26294236875 0.4371975671875 0.2771568984375 0.371252090625
311 0.238197275 0.43776899843750006 0.24331095781249998 0.382147553125 0.22569037656250002 0.38303874531250004 0.21876279531249998 0.43882799375000003 0.238197275 0.43776899843750006
311 0.34535978125 0.7546875 0.3572601109375 0.7546875 0.366239471875 0.7541359375 0.38059971406250004 0.6921875 0.3766229421875 0.6921875 0.3598246765625 0.694082134375 0.34535978125 0.7546875