311 0.276877171875 0.579929871875 0.29491515156250003 0.6421875 0.3168405265625 0.6421875 0.3008683890625 0.5794132671875001 0.276877171875 0.579929871875
311 0.3706281046875 0.575288196875 0.38457169375 0.637074128125 0.390686528125 0.6375 0.407159240625 0.6375 0.3933929546875 0.5748217734375001 0.3706281046875 0.575288196875
311 0.3688428953125 0.48941599374999994 0.39958830624999997 0.5447688515625 0.421875 0.5400734671875 0.421875 0.5382664015625 0.3910857859375 0.48383488124999996 0.3688428953125 0.48941599374999994
311 0.3922781234375 0.48756415625000005 0.42457045468750004 0.543389575 0.44375 0.5381656359375 0.44375 0.5355240046875 0.41297932812499993 0.482592215625 0.3922781234375 0.48756415625000005
311 0.43407639218750005 0.54042371875 0.45427982812499995 0.540619396875 0.4455586109375 0.4813528265625 0.42558475937500007 0.47732302656250003 0.43407639218750005 0.54042371875
311 0.379423915625 0.4328125 0.38815685312500003 0.4328125 0.4008028125 0.43052050937499997 0.4108132140625 0.3640625 0.4099786515625 0.3640625 0.38964017812499996 0.367978465625 0.379423915625 0.4328125
311 0.3921875 0.425139025 0.3921875 0.42671948437499996 0.412432525 0.42969940937500006 0.4421875 0.373293046875 0.4421875 0.3712584625 0.422394415625 0.3671755953125 0.3921875 0.425139025
311 0.062124959375 0.7625 0.0672515765625 0.7621171015625 0.0859375 0.7020676375 0.0859375 0.700367253125 0.0687167890625 0.7 0.06523494375 0.7 0.045932770312499996 0.7625 0.062124959375 0.7625
311 0.1258921734375 0.493882928125 0.1487514421875 0.553125 0.150029478125 0.553125 0.16875 0.5509028921875 0.16875 0.5466264578125 0.1472168484375 0.490435071875 0.1258921734375 0.493882928125
311 0.1854759546875 0.5518122625 0.174882846875 0.49160157499999996 0.154501278125 0.49037091093749996 0.166151440625 0.5519080656249999 0.1854759546875 0.5518122625
311 0.18593204531250002 0.370981425 0.1651217265625 0.37534416875 0.1588347484375 0.44375 0.160772834375 0.44375 0.180756684375 0.439136365625 0.18593204531250002 0.370981425
311 0.2334010953125 0.3703330234375 0.21422134843750001 0.3730782265625 0.1991744515625 0.4390625 0.2053951203125 0.4390625 0.22082056093750002 0.4372586015625 0.2334010953125 0.3703330234375
311 0.06454653437499999 0.7605722640625 0.0845854375 0.76351476875 0.1109375 0.7055254515625 0.1109375 0.703860765625 0.09068425937499999 0.7010120390625 0.06454653437499999 0.7605722640625
311 0.0849027953125 0.7576864640625 0.10617144687499999 0.761014403125 0.134375 0.708324571875 0.134375 0.7037209921875001 0.1158064515625 0.7006283015625 0.0849027953125 0.7576864640625
311 0.1111424140625 0.7610047625 0.1333536203125 0.76186658125 0.153125 0.7023905421875 0.153125 0.699487521875 0.1326185109375 0.6995164484374999 0.1111424140625 0.7610047625
311 0.13330409999999998 0.7600577015625001 0.154438665625 0.7609375 0.154839653125 0.7609375 0.178125 0.7024457265625 0.178125 0.7008905296875 0.157156053125 0.699271875 0.13330409999999998 0.7600577015625001
311 0.1913595625 0.6939858828125 0.1699573765625 0.6990325359375 0.165215409375 0.7640625 0.1707295328125 0.7640625 0.186363884375 0.7600647281249999 0.1913595625 0.6939858828125
311 0.21792350312500003 0.69627616875 0.197055890625 0.6981018484375 0.1828433484375 0.7625 0.1850184875 0.7625 0.2037838984375 0.76039679375 0.21792350312500003 0.69627616875
311 0.2192756984375 0.6968735109375 0.2053131421875 0.759375 0.22707246718750002 0.759375 0.2412872484375 0.69484449375 0.2192756984375 0.6968735109375
311 0.22591129843750002 0.759375 0.2474097828125 0.759375 0.2671875 0.6985096359375 0.2671875 0.69608226875 0.2455332796875 0.6968546484375 0.22591129843750002 0.759375
311 0.28862300625000004 0.6949926109375 0.2676563703125 0.6969049625 0.2512565890625 0.759375 0.2690626859375 0.759375 0.2732005 0.7589714296875 0.28862300625000004 0.6949926109375
311 0.310913896875 0.6936837812500001 0.2893441609375 0.696053515625 0.2754676453125 0.759375 0.28243096093750003 0.759375 0.297162315625 0.7575302875000001 0.310913896875 0.6936837812500001
311 0.31804601093749996 0.7564561624999999 0.34010447187500004 0.7565059734374999 0.359375 0.7005131390625 0.359375 0.6952878250000001 0.33914585625 0.6953776125 0.31804601093749996 0.7564561624999999
311 0.3609375 0.751902971875 0.3609375 0.7520088656249999 0.3821924390625 0.7542705359374999 0.409375 0.695980025 0.409375 0.694847415625 0.3886528046875 0.69261670625 0.3609375 0.751902971875
311 0.420697046875 0.6877018984375 0.39941753750000003 0.694362159375 0.3970984015625 0.7578125 0.4044804875 0.7578125 0.4184044359375 0.7535963031249999 0.420697046875 0.6877018984375
311 0.40983107656250006 0.753125 0.42236182187500004 0.753125 0.43180784531249994 0.7530572656250001 0.453125 0.6913214953125 0.453125 0.69076990625 0.43125453125 0.690973040625 0.40983107656250006 0.753125
311 0.430220628125 0.750022484375 0.4514566140625 0.7531776406249999 0.4796875 0.6935575109375 0.4796875 0.69349625 0.4584674921875 0.6912510375 0.430220628125 0.750022484375
311 0.5557504859375 0.6821317921875 0.53432525625 0.68594279375 0.5299185796875 0.753125 0.5343651390625 0.753125 0.5522106499999999 0.7486678296875 0.5557504859375 0.6821317921875
311 0.6134506046875 0.56988560625 0.592241796875 0.5702581671875 0.6107663171875 0.63125 0.6328125 0.63125 0.6328125 0.6275938515624999 0.6134506046875 0.56988560625
311 0.5486946453125 0.57317803125 0.5641988765625 0.6329086484374999 0.5877474859375 0.6341427796875 0.569924159375 0.572520546875 0.5486946453125 0.57317803125
311 0.6330097015625 0.56984685 0.6617859640625 0.6296558625 0.68125 0.6277442515625 0.68125 0.6248069093749999 0.65496625 0.5681793875000001 0.6330097015625 0.56984685
311 0.73181860625 0.743345825 0.753146815625 0.7404579906250001 0.7655281203125 0.6796875 0.762485375 0.6796875 0.744854284375 0.68148639375 0.73181860625 0.743345825
311 0.7489975046875 0.740112765625 0.7703006171875 0.7414563750000001 0.7921875 0.6876331546875 0.7921875 0.683050575 0.7722979249999999 0.68089591875 0.7489975046875 0.740112765625
311 0.7705018765625 0.73819488125 0.7915005234375 0.74041984375 0.8140625 0.6857026921875 0.8140625 0.68215634375 0.795504371875 0.6802281171875 0.7705018765625 0.73819488125
311 0.437535409375 0.5729217640625001 0.4546322140625 0.6359375 0.47595037968750004 0.6359375 0.45918548125 0.57314303125 0.437535409375 0.5729217640625001
311 0.1233212015625 0.5801013625 0.1351202546875 0.6453125 0.15493795625 0.6453125 0.14452510937500002 0.58251654375 0.1233212015625 0.5801013625
311 0.2251338734375 0.4860720359375 0.22735378593750002 0.549431115625 0.24214629062499998 0.553125 0.24804438125 0.553125 0.2455263375 0.4903491671875 0.2251338734375 0.4860720359375
311 0.248186678125 0.4843857515625 0.250847225 0.5476279359375 0.2705201609375 0.5515625 0.2712074953125 0.5515625 0.26835601875 0.48987128125 0.248186678125 0.4843857515625
311 0.2686171640625 0.48518609375 0.2735199078125 0.54652281875 0.28832500781250003 0.55 0.2956703890625 0.55 0.2891049421875 0.4880578125 0.2686171640625 0.48518609375
311 0.280684203125 0.49129212187500004 0.308057146875 0.5474939359375 0.328125 0.5441996046875001 0.328125 0.5424530328125 0.30186776718749997 0.487324421875 0.280684203125 0.49129212187500004
311 0.545817115625 0.35545984062499997 0.5259298 0.35874466875 0.5258666125 0.35889036875 0.5168364234375 0.43125 0.5281065734375 0.43125 0.536659796875 0.42950603750000005 0.545817115625 0.35545984062499997
311 0.5237239 0.4229253359375 0.5457650000000001 0.42672637656249995 0.58125 0.36594218437500003 0.58125 0.3631413453125 0.5612020453125 0.3589309765625 0.5237239 0.4229253359375
311 0.5944812671874999 0.358272040625 0.57447035625 0.359211384375 0.556296321875 0.428125 0.5637239890625 0.428125 0.57694875625 0.426463228125 0.5944812671874999 0.358272040625
311 0.575 0.42599551875 0.575 0.42614555468750004 0.5969563984375 0.42625803125 0.6203125 0.3603806921875 0.6203125 0.359562121875 0.598115053125 0.3596239015625 0.575 0.42599551875
311 0.7904392109375 0.47362209843749997 0.814388246875 0.53125 0.82774901875 0.53125 0.8328125 0.5307842203125 0.8328125 0.527346709375 0.8110946078125 0.4726948421875 0.7904392109375 0.47362209843749997
311 0.2882194953125 0.4359375 0.2950235 0.4359375 0.3086930484375 0.43419959218750004 0.32248527656250003 0.36875 0.3186783765625 0.36875 0.3023812203125 0.370836603125 0.2882194953125 0.4359375
311 0.200170275 0.48717599843750004 0.2077117953125 0.5504186062499999 0.2139370828125 0.5515625 0.2289652640625 0.5515625 0.22167105468749998 0.4915312546875 0.200170275 0.48717599843750004
311 0.192452128125 0.48957007968750005 0.17356503125 0.49072411093749996 0.18995115625 0.5484375 0.2109375 0.5484375 0.2109375 0.547611490625 0.192452128125 0.48957007968750005
311 0.1825180203125 0.44375 0.1838966625 0.44375 0.2018419703125 0.4380412546875 0.20667076875 0.3703125 0.20560796250000002 0.3703125 0.1880979953125 0.374678225 0.1825180203125 0.44375
311 0.13939180625 0.3734754453125 0.119139859375 0.3783301 0.11598626249999999 0.44375 0.12062257031250001 0.44375 0.13661703125 0.43900643749999996 0.13939180625 0.3734754453125
311 0.10308820781250001 0.37915990312500003 0.0878510390625 0.4421875 0.10619195937499999 0.4421875 0.12338274687499999 0.3786354265625 0.10308820781250001 0.37915990312500003
311 0.198285609375 0.647633815625 0.1917115734375 0.582701971875 0.1709257875 0.5796875 0.16878299218749998 0.5796875 0.174333178125 0.64524115625 0.198285609375 0.647633815625
311 0.28804257187500004 0.6453557562500001 0.2819018953125 0.5795595578125 0.26282156093750003 0.576247253125 0.26626154999999996 0.643244034375 0.28804257187500004 0.6453557562500001
311 0.23804917187500002 0.5758027484375 0.2470755203125 0.64579009375 0.25816009218749997 0.646875 0.26733761093749997 0.646875 0.25879932656250004 0.5812590625 0.23804917187500002 0.5758027484375
311 0.2128045671875 0.5805600656250001 0.226063046875 0.6451782203125 0.2286252546875 0.6453125 0.248263640625 0.6453125 0.2318365171875 0.580836671875 0.2128045671875 0.5805600656250001
311 0.19726772343750001 0.5789579671875 0.197519978125 0.6441882359375 0.2154783796875 0.6484375 0.217642484375 0.6484375 0.217537415625 0.5827190812499999 0.19726772343750001 0.5789579671875
311 0.05 0.63203125 0.042578125 0.037890625
311 0.05 0.59921875 0.043359375 0.032421875
311 0.05234375 0.4671875 0.042578125 0.0296875
311 0.05234375 0.4984375 0.044140625 0.03515625
311 0.0484375 0.53515625 0.03984375 0.0265625
311 0.05 0.5609375 0.039453125 0.025
311 0.30346517031250003 0.4891536796875 0.32964760625 0.5477116921875 0.35 0.5445169453125 0.35 0.541497353125 0.3233418453125 0.48615661718750003 0.30346517031250003 0.4891536796875
311 0.3263008 0.5770962703125 0.33901817031250003 0.640625 0.3590421921875 0.640625 0.3472587984375 0.5778943484375 0.3263008 0.5770962703125
311 0.340370975 0.5816186265625001 0.3704349671875 0.6401148765625 0.390625 0.63586551875 0.390625 0.6326927453125 0.36085929375000003 0.5769398531250001 0.340370975 0.5816186265625001
311 0.4161520328125 0.6390625 0.43202757187499996 0.6390625 0.4129883109375 0.5755013 0.40120548125 0.575 0.39216213125 0.575 0.410103459375 0.6384855843749999 0.4161520328125 0.6390625
311 0.41944140937499996 0.5711784843750001 0.42824990781250005 0.6366337953125 0.442234153125 0.6390625 0.44968231718749996 0.6390625 0.44042618750000007 0.5746401484375 0.41944140937499996 0.5711784843750001
311 0.46578898750000003 0.568888165625 0.4723502359375 0.6350447984375001 0.4879707515625 0.6390625 0.49433984375 0.6390625 0.48751208281249997 0.571860478125 0.46578898750000003 0.568888165625
311 0.653125 0.57229735625 0.653125 0.5726060453125 0.688864878125 0.629544796875 0.709375 0.6249894406250001 0.709375 0.623792175 0.6742831625 0.566687865625 0.653125 0.57229735625
311 0.6753320734375 0.57305148125 0.7110785609375 0.6290745171875 0.73125 0.62422641875 0.73125 0.6220231125 0.6962292453125001 0.5674870000000001 0.6753320734375 0.57305148125
311 0.7416975296875 0.6820115609374999 0.7212633234375 0.6827940625 0.7105704312500001 0.74375 0.71759320625 0.74375 0.7318055984375 0.7420885078125 0.7416975296875 0.6820115609374999
311 0.590625 0.4791915140625 0.590625 0.48010390625 0.6112436031249999 0.5375 0.618213140625 0.5375 0.634375 0.5358545796875 0.634375 0.533109225 0.61302025625 0.47670894218750004 0.590625 0.4791915140625
311 0.4355719921875 0.487614471875 0.46803161718749997 0.5362031421875 0.4859375 0.5305196999999999 0.4859375 0.5282060921875 0.4560504609375 0.48122604375 0.4355719921875 0.487614471875
311 0.3711403109375 0.4851442890625 0.3596456078125 0.4851341515625 0.3608333765625 0.5140607453125 0.37087934218749996 0.5453125 0.3921875 0.5453125 0.3921875 0.5437397500000001 0.3711403109375 0.4851442890625
311 0.4150984078125 0.4281877921875 0.43598341406249996 0.4311229890625 0.4640625 0.371353290625 0.4640625 0.3695461953125 0.44401647187500004 0.3675504953125 0.4150984078125 0.4281877921875
311 0.5187376171875 0.483261271875 0.5495512546875 0.5394218203125 0.5703125 0.536082459375 0.5703125 0.5325294281249999 0.539732903125 0.478404803125 0.5187376171875 0.483261271875
311 0.7041729890624999 0.41915904687500005 0.7260464343749999 0.42235848750000005 0.7578125 0.3597502546875 0.7578125 0.357621678125 0.7355153546875 0.3533419015625 0.7041729890624999 0.41915904687500005
311 0.30312150312499997 0.7609375 0.3067877328125 0.7609375 0.32461875 0.7566953671875 0.329561534375 0.6921875 0.32712046875 0.6921875 0.308771575 0.6966159953125 0.30312150312499997 0.7609375
311 0.5045154828125 0.693299740625 0.4827204375 0.6906124218749999 0.4515625 0.7457917562499999 0.4515625 0.7467643140625 0.4714043734375 0.750098065625 0.5045154828125 0.693299740625
311 0.5317368625000001 0.573053159375 0.5384530171875 0.6330887078125 0.5575604234375 0.6375 0.55797890625 0.6375 0.5521990031249999 0.5764080046875 0.5317368625000001 0.573053159375
311 0.6086443375 0.574558409375 0.6417107203125 0.6310447359375 0.6625 0.6257726796874999 0.6625 0.6248090859375 0.6284084203125 0.56945523125 0.6086443375 0.574558409375
311 0.6355444453125 0.74249924375 0.6562721218750001 0.7439903078125 0.6796875 0.6874895609375 0.6796875 0.6857906140625001 0.659292134375 0.6839796484375 0.6355444453125 0.74249924375
311 0.613047834375 0.7436158046875 0.6330990734374999 0.745216703125 0.65625 0.690011109375 0.65625 0.68591324375 0.6373728765625 0.6838744703125 0.613047834375 0.7436158046875
311 0.74576655 0.569855334375 0.776315240625 0.6270722140625 0.7953125 0.6228014390625 0.7953125 0.620431878125 0.76417109375 0.5646752625 0.74576655 0.569855334375
311 0.774223571875 0.562225440625 0.79004075 0.626435534375 0.791248746875 0.6265625 0.8109048828125 0.6265625 0.7958600015624999 0.563216365625 0.774223571875 0.562225440625
311 0.8473625953124999 0.6265625 0.8547349984375 0.6265625 0.8398800671875 0.5654818328125 0.8204868890625001 0.5640625 0.8191604437500001 0.5640625 0.8348352515625 0.625585134375 0.8473625953124999 0.6265625
311 0.5882425359375001 0.74177545625 0.588987478125 0.7419202578124999 0.6086640609375 0.746088559375 0.6359375 0.6899729203125 0.6359375 0.6893891359375 0.6153238828125 0.6864094859375001 0.5882425359375001 0.74177545625
311 0.593654228125 0.41947437968749995 0.6125382125 0.4253992484375 0.6484375 0.36407865 0.6484375 0.360989478125 0.6294550437499999 0.35746392656250003 0.593654228125 0.41947437968749995
311 0.6256356015625 0.4265625 0.6299183546875 0.4265625 0.64534128125 0.4249747078125 0.6600607578125001 0.353125 0.6579329046875 0.353125 0.6407961890625 0.3556494796875 0.6256356015625 0.4265625
311 0.48523177031250003 0.42738474374999996 0.49401403750000006 0.428125 0.506792209375 0.428125 0.5296875 0.36586133906249996 0.5296875 0.3610446625 0.5089744109375001 0.3602704484375 0.48523177031250003 0.42738474374999996
311 0.856971365625 0.41510093281250005 0.8691155765625 0.402896759375 0.8458500250000001 0.35246241875 0.8242468984375 0.3593755828125 0.856971365625 0.41510093281250005
311 0.80629738125 0.3498660734375 0.8320682015624999 0.411172634375 0.8453125 0.4056385015625 0.8453125 0.40431346718750005 0.8205255093750001 0.3481190796875 0.80629738125 0.3498660734375
311 0.7561627953125 0.5168601828125 0.76359635 0.5378458265625 0.8015896390625 0.497853721875 0.79531674375 0.47615291718749997 0.7561627953125 0.5168601828125
311 0.7662986296875001 0.47338391093750004 0.72694255625 0.5164040375 0.7363660296875 0.5388322203125 0.7783074625 0.49227979218750006 0.7662986296875001 0.47338391093750004
311 0.704924675 0.529367309375 0.720654778125 0.5390625 0.7217445625 0.5390625 0.74375 0.47157335 0.74375 0.46778734218749995 0.7264317515625 0.4582696515625 0.704924675 0.529367309375
311 0.6860499203125 0.4670398390625 0.686841409375 0.5366005390625 0.703081865625 0.5362824046875 0.7045160140625 0.4652692921875 0.6860499203125 0.4670398390625
311 0.6578982328125 0.5375 0.6689012 0.5375 0.6780418859374999 0.5369614281249999 0.6678800765624999 0.465625 0.6657375515624999 0.465625 0.6499046421875 0.466539190625 0.6578982328125 0.5375
311 0.6488720921875 0.4650656265625 0.631734790625 0.4681310296875 0.6404651125 0.534037171875 0.6430624968750001 0.534375 0.6578125 0.534375 0.6578125 0.5338079062500001 0.6488720921875 0.4650656265625
311 0.8126223703125 0.57202775625 0.8014935578125 0.5850256218750001 0.8305342328125 0.6397924671874999 0.8421271593749999 0.628246859375 0.8126223703125 0.57202775625
311 0.7760291421875001 0.3678136171875 0.79354263125 0.416546915625 0.806640834375 0.40594158281250003 0.78940414375 0.354574709375 0.7760291421875001 0.3678136171875
311 0.75376450625 0.3571797609375 0.765181015625 0.4078125 0.7652559765625 0.4078125 0.7765625 0.4015134171875 0.7765625 0.3943408109375 0.7654280531250001 0.35193991874999997 0.75376450625 0.3571797609375
311 0.25876258124999996 0.4340190671875 0.2792686921875 0.434986628125 0.30625 0.37845755625 0.30625 0.373435590625 0.285900103125 0.3711582578125 0.25876258124999996 0.4340190671875
311 0.26010655312500003 0.37458254375 0.2423169953125 0.4359375 0.26104634843749996 0.4359375 0.279434353125 0.3724967453125 0.26010655312500003 0.37458254375
311 0.21935804062500003 0.38536419375 0.22587677187500002 0.4390625 0.23298247500000002 0.4390625 0.24375 0.43574606875 0.24375 0.42904855781249995 0.2362396171875 0.3802366703125 0.21935804062500003 0.38536419375
311 0.3433445171875 0.753125 0.3644878171875 0.753125 0.3828125 0.6933786671875 0.3828125 0.6930632171875 0.36191530312500003 0.6939518765625 0.3433445171875 0.753125