223 0.496875 0.6890625 0.3265625 0.23125
223 0.4953125 0.4375 0.33125 0.2375
223 0.6015625 0.2390625 0.134375 0.1125
223 0.6 0.1140625 0.1375 0.109375
223 0.396875 0.11875 0.1453125 0.1171875
223 0.3953125 0.2390625 0.1359375 0.109375
223 0.5 0.85625 0.3421875 0.0765625
223 0.5 0.484375 0.0984375 0.0453125
223 0.4984375 0.115625 0.0640625 0.1140625
223 0.5046875 0.7296875 0.09375 0.0453125
223 0.5046875 0.2421875 0.065625 0.115625
223 0.3984375 0.1265625 0.034375 0.01875
223 0.6078125 0.125 0.05 0.0203125
223 0.4 0.2578125 0.0375 0.021875