311 0.11953125 0.728125 0.03515625 0.06796875
311 0.20390625 0.73046875 0.04296875 0.08515625
311 0.39453125 0.396875 0.04609375 0.1046875
311 0.4171875 0.403125 0.04296875 0.1015625
311 0.44140625 0.40625 0.04453125 0.09296875
311 0.471875 0.396875 0.06640625 0.1046875
311 0.503125 0.39375 0.04765625 0.1046875
311 0.5546875 0.396875 0.08984375 0.0953125
311 0.62109375 0.396875 0.05078125 0.1015625
311 0.19140625 0.40390625 0.04296875 0.0859375
311 0.2328125 0.40390625 0.04453125 0.09296875
311 0.2765625 0.39921875 0.06640625 0.08046875
311 0.34609375 0.5109375 0.05625 0.0765625
311 0.428125 0.51328125 0.1171875 0.07890625
311 0.28203125 0.51796875 0.09765625 0.06640625
311 0.1421875 0.51484375 0.05703125 0.08828125
311 0.06328125 0.73203125 0.05234375 0.06640625
311 0.15546875 0.7265625 0.04296875 0.0765625
311 0.24296875 0.7265625 0.0546875 0.07421875
311 0.26796875 0.72109375 0.04453125 0.07578125
311 0.315625 0.72421875 0.05078125 0.08125
311 0.3421875 0.72578125 0.04609375 0.08046875
311 0.3625 0.72578125 0.04765625 0.0859375
311 0.4046875 0.7234375 0.05859375 0.08359375
311 0.6140625 0.50703125 0.0484375 0.08828125
311 0.6515625 0.49921875 0.0625 0.08125