311 0.065625 0.7234375 0.053125 0.08125
311 0.090625 0.73125 0.04609375 0.09296875
311 0.13984375 0.7421875 0.0859375 0.11796875
311 0.28984375 0.52109375 0.12265625 0.090625
311 0.43125 0.5109375 0.11328125 0.08046875
311 0.39765625 0.40390625 0.04609375 0.08828125
311 0.41953125 0.4015625 0.0640625 0.0859375
311 0.16484375 0.40703125 0.071875 0.09296875
311 0.20078125 0.73203125 0.04765625 0.10625
311 0.2296875 0.728125 0.05859375 0.125
311 0.27109375 0.73203125 0.05234375 0.096875
311 0.3203125 0.61796875 0.046875 0.08515625
311 0.28125 0.40234375 0.04609375 0.08046875
311 0.15625 0.62265625 0.03671875 0.08359375
311 0.175 0.61953125 0.03828125 0.08203125
311 0.20078125 0.61640625 0.0515625 0.08984375
311 0.2234375 0.61875 0.03515625 0.07890625
311 0.24765625 0.61171875 0.04296875 0.07890625
311 0.27109375 0.609375 0.05703125 0.071875
311 0.2953125 0.609375 0.04921875 0.075
311 0.31328125 0.7265625 0.03515625 0.08203125
311 0.33828125 0.72109375 0.0421875 0.08046875
311 0.36875 0.7265625 0.04609375 0.08671875
311 0.38671875 0.7234375 0.04453125 0.06796875
311 0.41171875 0.72109375 0.04921875 0.075
311 0.6140625 0.509375 0.07578125 0.08671875