311 0.15 0.61875 0.03984375 0.0859375
311 0.55390625 0.39140625 0.05078125 0.084375
311 0.57421875 0.390625 0.04609375 0.08203125
311 0.6 0.38984375 0.05234375 0.08203125
311 0.39765625 0.39453125 0.0515625 0.08984375
311 0.4203125 0.396875 0.05234375 0.08828125
311 0.28515625 0.515625 0.05546875 0.07890625
311 0.30390625 0.51328125 0.05234375 0.08125
311 0.32421875 0.5171875 0.053125 0.07578125
311 0.35234375 0.51015625 0.0609375 0.078125
311 0.375 0.51484375 0.053125 0.0734375
311 0.39609375 0.51484375 0.05234375 0.0640625
311 0.446875 0.51328125 0.07890625 0.07421875
311 0.1453125 0.51953125 0.04921875 0.07421875
311 0.1859375 0.5171875 0.04453125 0.0796875
311 0.21328125 0.51953125 0.05859375 0.0796875
311 0.2375 0.51796875 0.0578125 0.071875
311 0.171875 0.40390625 0.05234375 0.08984375
311 0.2125 0.403125 0.04765625 0.09609375
311 0.06640625 0.73203125 0.05234375 0.08203125
311 0.08828125 0.73046875 0.04921875 0.08984375
311 0.11328125 0.72890625 0.0515625 0.0796875
311 0.1375 0.73203125 0.04765625 0.0890625
311 0.15703125 0.73125 0.05390625 0.08671875
311 0.178125 0.72890625 0.05546875 0.0796875
311 0.2 0.73046875 0.06484375 0.08125
311 0.2234375 0.7265625 0.04921875 0.078125
311 0.25234375 0.73203125 0.05078125 0.07578125
311 0.27109375 0.72578125 0.06171875 0.0890625
311 0.29296875 0.7265625 0.06171875 0.09140625
311 0.31328125 0.72578125 0.04453125 0.08671875
311 0.3421875 0.72109375 0.0578125 0.09140625
311 0.3640625 0.7234375 0.05234375 0.09609375
311 0.3359375 0.72265625 0.0609375 0.09296875
311 0.43359375 0.73203125 0.05 0.0859375
311 0.34140625 0.60859375 0.08828125 0.08125
311 0.3984375 0.60859375 0.06640625 0.08984375
311 0.2375 0.60703125 0.11484375 0.0890625