133 0.7125 0.821875 0.21875 0.353125
133 0.4734375 0.709375 0.228125 0.4171875
133 0.5515625 0.54375 0.4390625 0.7625
133 0.1359375 0.48125 0.2296875 0.4046875
133 0.090625 0.0984375 0.1796875 0.1953125
133 0.3109375 0.5796875 0.2265625 0.8390625
133 0.0578125 0.646875 0.115625 0.7046875
133 0.2453125 0.34375 0.346875 0.48125
133 0.6328125 0.4046875 0.4609375 0.6109375
133 0.8859375 0.2359375 0.209375 0.1828125
133 0.8546875 0.4421875 0.290625 0.5953125
133 0.678125 0.2890625 0.6203125 0.3390625