223 0.34375 0.3515625 0.125 0.1578125
223 0.4546875 0.365625 0.0828125 0.16875
223 0.5640625 0.6796875 0.08125 0.1578125
223 0.484375 0.690625 0.0859375 0.1640625
223 0.615625 0.3734375 0.0703125 0.1578125
223 0.5375 0.3734375 0.0796875 0.1625
223 0.6828125 0.3796875 0.0609375 0.1453125
223 0.3609375 0.634375 0.1453125 0.053125
223 0.190625 0.5828125 0.178125 0.0796875
223 0.6484375 0.6671875 0.0734375 0.1453125
223 0.3546875 0.7484375 0.1453125 0.090625
223 0.1984375 0.7265625 0.1796875 0.2125
223 0.909375 0.5609375 0.05 0.025
223 0.359375 0.6890625 0.1453125 0.046875
223 0.1953125 0.39375 0.175 0.3046875
