223 0.4609375 0.28125 0.1015625 0.1375
223 0.1671875 0.7125 0.1 0.1703125
223 0.371875 0.6890625 0.1 0.1625
223 0.46875 0.6796875 0.09375 0.15625
223 0.2671875 0.703125 0.1 0.1671875
223 0.6703125 0.265625 0.0984375 0.13125
223 0.7609375 0.7296875 0.053125 0.1515625
223 0.8140625 0.759375 0.059375 0.1625
223 0.565625 0.2734375 0.1015625 0.1328125
223 0.6546875 0.6734375 0.0484375 0.1296875
223 0.703125 0.7015625 0.05 0.1484375
223 0.2328125 0.7015625 0.015625 0.0578125
223 0.571875 0.6671875 0.0984375 0.1453125
223 0.7953125 0.7421875 0.015625 0.053125
223 0.4078125 0.678125 0.015625 0.0546875
223 0.6703125 0.678125 0.0140625 0.053125
223 0.7765625 0.7359375 0.015625 0.053125
223 0.690625 0.684375 0.015625 0.05
223 0.2 0.703125 0.0171875 0.05625
223 0.5390625 0.6640625 0.0171875 0.0515625
223 0.4375 0.675 0.015625 0.0546875
223 0.3515625 0.2859375 0.1140625 0.1375