223 0.6609375 0.4828125 0.209375 0.2640625
223 0.25625 0.55 0.1484375 0.4640625
223 0.65625 0.8 0.2078125 0.240625
223 0.66875 0.246875 0.21875 0.1578125
223 0.43125 0.5921875 0.184375 0.5109375
223 0.1 0.2015625 0.11875 0.115625
223 0.103125 0.3828125 0.1171875 0.2
223 0.1015625 0.628125 0.0734375 0.0453125
223 0.3046875 0.4140625 0.034375 0.1171875
223 0.659375 0.24375 0.1125 0.05
223 0.0921875 0.203125 0.0734375 0.028125
223 0.35625 0.234375 0.3375 0.1296875
223 0.65 0.8109375 0.1171875 0.0640625
223 0.0953125 0.390625 0.0765625 0.0390625
223 0.34375 0.4140625 0.034375 0.1171875
223 0.109375 0.6078125 0.128125 0.2140625
223 0.653125 0.5 0.1125 0.0546875
