223 0.6078125 0.3203125 0.5625 0.115625
223 0.6078125 0.2140625 0.5890625 0.071875
223 0.6078125 0.440625 0.5421875 0.0921875
223 0.6078125 0.528125 0.5265625 0.0828125
223 0.6046875 0.709375 0.484375 0.08125
223 0.6015625 0.621875 0.5046875 0.08125
223 0.6625 0.440625 0.128125 0.0546875
223 0.6578125 0.61875 0.11875 0.065625
223 0.66875 0.3046875 0.1390625 0.0390625
223 0.6484375 0.7875 0.1125 0.0640625
223 0.6625 0.5328125 0.1265625 0.065625
223 0.65 0.6953125 0.1140625 0.065625
223 0.6734375 0.196875 0.1484375 0.0375
223 0.98125 0.29375 0.0375 0.228125
223 0.6796875 0.7875 0.3328125 0.0609375