223 0.5671875 0.3125 0.18125 0.5234375
223 0.3921875 0.309375 0.1546875 0.503125
223 0.475 0.8265625 0.3328125 0.115625
223 0.4734375 0.6984375 0.3296875 0.0890625
223 0.4796875 0.325 0.01875 0.0296875
223 0.475 0.615625 0.3390625 0.053125
223 0.5546875 0.8296875 0.021875 0.0359375
223 0.5546875 0.70625 0.021875 0.0328125
223 0.4515625 0.3265625 0.01875 0.0296875
223 0.3796875 0.8125 0.0234375 0.0328125
223 0.5546875 0.6234375 0.01875 0.025
223 0.3796875 0.69375 0.021875 0.03125
223 0.3796875 0.6109375 0.01875 0.0234375
