223 0.68125 0.7234375 0.1390625 0.25
223 0.6953125 0.21875 0.1546875 0.24375
223 0.5453125 0.725 0.128125 0.2484375
223 0.4078125 0.7265625 0.1328125 0.2484375
223 0.2765625 0.7171875 0.121875 0.2421875
223 0.6796875 0.621875 0.0625 0.025
223 0.35 0.159375 0.25 0.1078125
223 0.5421875 0.621875 0.0609375 0.025
223 0.69375 0.321875 0.0640625 0.028125
223 0.346875 0.19375 0.06875 0.03125
223 0.4046875 0.61875 0.0609375 0.025
223 0.2703125 0.6171875 0.0609375 0.0234375
223 0.5484375 0.3171875 0.0609375 0.028125
223 0.546875 0.21875 0.134375 0.2390625
