223 0.3375 0.4921875 0.21875 0.7421875
223 0.5984375 0.8109375 0.209375 0.1
223 0.590625 0.428125 0.0296875 0.0421875
223 0.5984375 0.68125 0.203125 0.096875
223 0.5984375 0.4265625 0.209375 0.10625
223 0.5984375 0.5546875 0.209375 0.1
223 0.596875 0.3 0.20625 0.1
223 0.5890625 0.1671875 0.03125 0.040625
223 0.5921875 0.815625 0.025 0.040625
223 0.5890625 0.1640625 0.2015625 0.09375
223 0.590625 0.296875 0.0328125 0.0390625
223 0.59375 0.5546875 0.028125 0.0421875
223 0.5921875 0.6828125 0.028125 0.0421875
223 0.4359375 0.378125 0.0390625 0.1265625