223 0.14375 0.7546875 0.040625 0.090625
223 0.1421875 0.6875 0.0390625 0.0421875
223 0.1359375 0.6484375 0.04375 0.0265625
223 0.0140625 0.665625 0.0265625 0.0703125
223 0.0828125 0.3890625 0.03125 0.08125
223 0.05 0.3828125 0.03125 0.075
223 0.6265625 0.5828125 0.0546875 0.03125
223 0.6265625 0.5484375 0.05625 0.0265625
223 0.625 0.521875 0.0546875 0.0265625
223 0.571875 0.515625 0.0484375 0.0171875
223 0.56875 0.5375 0.046875 0.01875
223 0.45625 0.5015625 0.0359375 0.0171875
223 0.45625 0.5234375 0.0390625 0.0203125
223 0.41875 0.4953125 0.0296875 0.0125
223 0.41875 0.515625 0.028125 0.021875
223 0.8390625 0.790625 0.1234375 0.0375
223 0.8453125 0.8453125 0.1015625 0.0359375
223 0.9578125 0.7578125 0.0828125 0.0296875
223 0.965625 0.8109375 0.06875 0.040625
