223 0.175 0.4265625 0.015625 0.0234375
223 0.090625 0.51875 0.0078125 0.0203125
223 0.165625 0.6 0.0203125 0.0078125
223 0.1671875 0.6296875 0.0234375 0.0078125
223 0.16875 0.6640625 0.0203125 0.0125
223 0.16875 0.690625 0.0203125 0.009375
223 0.1703125 0.7171875 0.0171875 0.015625
223 0.3875 0.5640625 0.009375 0.0203125
223 0.4015625 0.5609375 0.0078125 0.0203125
223 0.4578125 0.5484375 0.0109375 0.0171875
223 0.284375 0.4140625 0.009375 0.0234375
223 0.440625 0.4 0.0125 0.0203125
223 0.5046875 0.390625 0.009375 0.0203125
223 0.6 0.3984375 0.009375 0.0171875
223 0.64375 0.4015625 0.009375 0.0203125
223 0.659375 0.403125 0.009375 0.01875
223 0.7515625 0.4109375 0.009375 0.015625
223 0.7671875 0.4140625 0.009375 0.015625
223 0.8046875 0.3078125 0.009375 0.015625
223 0.9359375 0.3140625 0.0109375 0.021875
223 0.9203125 0.546875 0.0125 0.128125
223 0.8 0.53125 0.0046875 0.11875
223 0.71875 0.5640625 0.009375 0.0203125
223 0.734375 0.5671875 0.0109375 0.0203125
223 0.5640625 0.5390625 0.009375 0.015625
223 0.1328125 0.3546875 0.090625 0.184375
223 0.2359375 0.346875 0.0953125 0.1578125
223 0.0484375 0.534375 0.0875 0.1265625
223 0.1625 0.5984375 0.096875 0.015625
223 0.165625 0.6359375 0.09375 0.0171875
223 0.1671875 0.665625 0.0875 0.0140625
223 0.171875 0.6921875 0.0828125 0.0125
223 0.1703125 0.7296875 0.096875 0.0140625
223 0.3609375 0.6203125 0.0546875 0.121875
223 0.4203125 0.6078125 0.0515625 0.121875
223 0.4703125 0.59375 0.03125 0.1125
223 0.5515625 0.5796875 0.028125 0.1125
223 0.6984375 0.609375 0.04375 0.1203125
223 0.753125 0.628125 0.05 0.140625
223 0.859375 0.2921875 0.121875 0.065625
223 0.9640625 0.2984375 0.071875 0.071875
223 0.4609375 0.3296875 0.0546875 0.1515625
223 0.5296875 0.33125 0.053125 0.15
223 0.590625 0.3296875 0.0359375 0.1578125
223 0.6328125 0.3328125 0.0359375 0.1578125
223 0.6796875 0.3359375 0.04375 0.1546875
223 0.7359375 0.340625 0.0484375 0.1640625
223 0.778125 0.3421875 0.025 0.159375