223 0.21875 0.19375 0.05625 0.1109375
223 0.3390625 0.2296875 0.06875 0.1171875
223 0.4265625 0.25625 0.053125 0.09375
223 0.221875 0.6796875 0.0359375 0.0703125
223 0.1390625 0.6796875 0.0328125 0.0671875
223 0.04375 0.671875 0.040625 0.0796875
223 0.734375 0.54375 0.025 0.1296875
223 0.696875 0.665625 0.0390625 0.046875
223 0.7296875 0.671875 0.0265625 0.046875
223 0.7546875 0.66875 0.028125 0.0515625
223 0.9171875 0.4203125 0.0296875 0.075
223 0.9484375 0.425 0.0375 0.075
223 0.98125 0.44375 0.0328125 0.075
