124 0.01875 0.5046875 0.0375 0.05
124 0.034375 0.546875 0.06875 0.0765625
124 0.5 0.4015625 0.9984375 0.08125
124 0.01875 0.446875 0.0296875 0.0296875
124 0.06875 0.4953125 0.05625 0.040625
124 0.1234375 0.4734375 0.046875 0.0375
124 0.20625 0.6359375 0.109375 0.0875
124 0.2046875 0.4484375 0.0390625 0.0265625
124 0.25625 0.671875 0.134375 0.125
124 0.259375 0.4484375 0.0453125 0.0203125
124 0.3140625 0.5734375 0.1125 0.078125
124 0.3703125 0.7 0.1484375 0.1421875
124 0.3546875 0.5328125 0.078125 0.059375
124 0.3625 0.4671875 0.0578125 0.04375
124 0.4296875 0.515625 0.05625 0.0515625
124 0.453125 0.546875 0.071875 0.05
124 0.5328125 0.7484375 0.1671875 0.1484375
124 0.4875 0.46875 0.05 0.0375
124 0.528125 0.4609375 0.0421875 0.034375
124 0.546875 0.5265625 0.0703125 0.0734375
124 0.5640625 0.5140625 0.05625 0.040625
124 0.565625 0.465625 0.0375 0.034375
124 0.6265625 0.6171875 0.1421875 0.109375
124 0.609375 0.4953125 0.05 0.0453125
124 0.6546875 0.4890625 0.0578125 0.0390625
124 0.728125 0.66875 0.1140625 0.128125
124 0.715625 0.459375 0.0390625 0.028125
124 0.765625 0.73125 0.1328125 0.134375
124 0.740625 0.50625 0.078125 0.0578125
124 0.7375 0.55 0.0703125 0.065625
124 0.75625 0.45625 0.0421875 0.021875
124 0.8 0.578125 0.09375 0.090625
124 0.85 0.4765625 0.0671875 0.06875
124 0.890625 0.4609375 0.025 0.028125
124 0.9375 0.4765625 0.03125 0.04375
124 0.9640625 0.6828125 0.0703125 0.1078125
124 0.965625 0.478125 0.065625 0.0703125
