223 0.1796875 0.653125 0.121875 0.0078125
223 0.1859375 0.696875 0.103125 0.028125
223 0.825 0.6375 0.0328125 0.0875
223 0.853125 0.6140625 0.0171875 0.0875
223 0.840625 0.534375 0.0546875 0.0265625
223 0.8859375 0.51875 0.021875 0.0359375
223 0.88125 0.58125 0.0265625 0.05625
223 0.3859375 0.6609375 0.0484375 0.0234375
223 0.3859375 0.6984375 0.0234375 0.0203125
223 0.3859375 0.7359375 0.028125 0.0203125
223 0.3890625 0.659375 0.059375 0.0265625
223 0.3890625 0.7015625 0.0609375 0.025
223 0.384375 0.7375 0.0625 0.03125
223 0.4640625 0.634375 0.090625 0.0234375
223 0.5375 0.6125 0.05625 0.01875
223 0.534375 0.6484375 0.03125 0.03125