223 0.0484375 0.4828125 0.0515625 0.171875
223 0.0578125 0.6671875 0.0453125 0.1734375
223 0.421875 0.409375 0.0171875 0.0203125
223 0.453125 0.4078125 0.0234375 0.025
223 0.2984375 0.4046875 0.0203125 0.015625
223 0.0625 0.321875 0.028125 0.025
223 0.0875 0.334375 0.0234375 0.0125
223 0.421875 0.2515625 0.0125 0.0125
223 0.4546875 0.25 0.0125 0.0234375
223 0.29375 0.2484375 0.0171875 0.0203125
223 0.6390625 0.2515625 0.0171875 0.015625
223 0.665625 0.2484375 0.015625 0.0140625
223 0.6375 0.4046875 0.0125 0.015625
223 0.6625 0.40625 0.0203125 0.025
223 0.7796875 0.35 0.0109375 0.015625
223 0.7984375 0.34375 0.0171875 0.0203125
223 0.6296875 0.6421875 0.0859375 0.015625
223 0.6234375 0.7765625 0.090625 0.0265625
223 0.7625 0.6328125 0.16875 0.015625
223 0.7578125 0.7765625 0.1640625 0.015625
223 0.4328125 0.7625 0.0828125 0.1359375
223 0.528125 0.7640625 0.0828125 0.1390625
223 0.08125 0.2625 0.1578125 0.1828125
223 0.246875 0.2328125 0.1171875 0.0671875
223 0.2484375 0.3828125 0.11875 0.2078125
223 0.3703125 0.3890625 0.121875 0.215625
223 0.36875 0.221875 0.115625 0.08125
223 0.5 0.21875 0.1234375 0.0796875
223 0.503125 0.3875 0.1140625 0.2203125
223 0.609375 0.2265625 0.0765625 0.078125
223 0.696875 0.221875 0.09375 0.0671875
223 0.696875 0.3484375 0.0828125 0.14375
223 0.6125 0.3453125 0.071875 0.1421875
223 0.76875 0.265625 0.04375 0.1796875
223 0.834375 0.25625 0.0609375 0.159375
223 0.2625 0.734375 0.0796875 0.140625
223 0.3484375 0.73125 0.06875 0.134375
223 0.3 0.634375 0.15 0.034375