124 0.015625 0.665625 0.03125 0.028125
124 0.0234375 0.7609375 0.046875 0.046875
124 0.4609375 0.6703125 0.9140625 0.225
124 0.0453125 0.696875 0.0359375 0.0359375
124 0.0453125 0.58125 0.015625 0.0078125
124 0.0859375 0.5890625 0.021875 0.0109375
124 0.090625 0.6421875 0.028125 0.0234375
124 0.0890625 0.6109375 0.0140625 0.0140625
124 0.13125 0.7171875 0.0453125 0.0140625
124 0.121875 0.5796875 0.0140625 0.009375
124 0.159375 0.6671875 0.0375 0.025
124 0.1765625 0.590625 0.0140625 0.0109375
124 0.1828125 0.58125 0.0109375 0.0125
124 0.1921875 0.6390625 0.0203125 0.0140625
124 0.2015625 0.6171875 0.01875 0.0125
124 0.2015625 0.578125 0.0109375 0.0078125
124 0.228125 0.659375 0.025 0.0140625
124 0.2359375 0.5984375 0.01875 0.0140625
124 0.2640625 0.69375 0.0296875 0.0234375
124 0.259375 0.578125 0.0109375 0.009375
124 0.259375 0.571875 0.0046875 0.0046875
124 0.2859375 0.584375 0.015625 0.0078125
124 0.303125 0.6453125 0.0234375 0.0140625
124 0.3125 0.615625 0.0203125 0.0171875
124 0.3359375 0.7546875 0.053125 0.0171875
124 0.328125 0.5734375 0.009375 0.0078125
124 0.33125 0.5984375 0.015625 0.009375
124 0.334375 0.590625 0.0125 0.0125
124 0.3515625 0.6546875 0.0375 0.0421875
124 0.3421875 0.5765625 0.009375 0.00625
124 0.3671875 0.628125 0.021875 0.0171875
124 0.3703125 0.5796875 0.0078125 0.0125
124 0.3890625 0.64375 0.025 0.01875
124 0.41875 0.5734375 0.0109375 0.00625
124 0.4234375 0.5875 0.015625 0.0140625
124 0.446875 0.60625 0.015625 0.0171875
124 0.5046875 0.5796875 0.0078125 0.00625
124 0.5328125 0.590625 0.015625 0.009375
124 0.5390625 0.5765625 0.015625 0.00625
124 0.5453125 0.6046875 0.0203125 0.0140625
124 0.571875 0.6203125 0.021875 0.021875
124 0.590625 0.5671875 0.0046875 0.00625
124 0.5953125 0.5703125 0.0078125 0.0078125
124 0.5984375 0.5765625 0.009375 0.0109375
124 0.6328125 0.584375 0.0140625 0.009375
124 0.6546875 0.56875 0.003125 0.0078125
124 0.6609375 0.6046875 0.0171875 0.0140625
124 0.671875 0.584375 0.0078125 0.00625
124 0.6765625 0.578125 0.009375 0.00625
124 0.6953125 0.634375 0.025 0.0203125
124 0.7078125 0.596875 0.0171875 0.0125
124 0.7109375 0.565625 0.0078125 0.009375
124 0.715625 0.5734375 0.00625 0.00625
124 0.725 0.5640625 0.0046875 0.0046875
124 0.728125 0.56875 0.0078125 0.0078125
124 0.759375 0.61875 0.0171875 0.015625
124 0.765625 0.5890625 0.009375 0.009375
124 0.7828125 0.728125 0.0421875 0.0234375
124 0.7703125 0.5671875 0.0046875 0.0078125
124 0.7953125 0.5953125 0.01875 0.009375
124 0.8 0.571875 0.0078125 0.0046875
124 0.8171875 0.5796875 0.009375 0.0078125
124 0.8203125 0.575 0.0109375 0.0046875
124 0.825 0.565625 0.0078125 0.0046875
124 0.865625 0.571875 0.0046875 0.0078125
124 0.8703125 0.565625 0.009375 0.003125
124 0.8703125 0.575 0.0078125 0.0046875
124 0.8828125 0.578125 0.003125 0.0046875
124 0.890625 0.5765625 0.015625 0.00625
124 0.8921875 0.5640625 0.00625 0.00625
124 0.9125 0.56875 0.0109375 0.0078125