124 0.003125 0.846875 0.00625 0.0484375
124 0.00625 0.6375 0.0109375 0.0640625
124 0.2578125 0.4359375 0.515625 0.209375
124 0.053125 0.609375 0.0984375 0.1171875
124 0.028125 0.6640625 0.0296875 0.059375
124 0.090625 0.659375 0.1171875 0.1125
124 0.090625 0.8 0.11875 0.1484375
124 0.14375 0.8484375 0.1515625 0.053125
124 0.2125 0.7671875 0.1078125 0.125
124 0.515625 0.4859375 0.65625 0.096875
124 0.303125 0.7203125 0.11875 0.1421875
124 0.63125 0.7546875 0.6203125 0.2375
124 0.4828125 0.7 0.0953125 0.1203125
124 0.65625 0.3703125 0.246875 0.0703125
124 0.8015625 0.4609375 0.3953125 0.103125
124 0.903125 0.38125 0.1828125 0.0484375
124 0.909375 0.5078125 0.0234375 0.021875
124 0.98125 0.609375 0.0359375 0.0359375
