223 0.565625 0.5296875 0.2828125 0.0453125
223 0.5671875 0.4 0.303125 0.0421875
223 0.5625 0.2640625 0.2984375 0.0171875
223 0.3140625 0.3 0.1875 0.0171875
223 0.1453125 0.3109375 0.1296875 0.0109375
223 0.1609375 0.39375 0.125 0.028125
223 0.3234375 0.39375 0.1875 0.0390625
223 0.3203125 0.496875 0.1640625 0.0390625
223 0.1640625 0.48125 0.1234375 0.03125
223 0.153125 0.3421875 0.1296875 0.071875
223 0.159375 0.428125 0.1328125 0.071875
223 0.1671875 0.5171875 0.1296875 0.0828125
223 0.328125 0.5359375 0.1828125 0.0859375
223 0.3234375 0.440625 0.1640625 0.075
223 0.3203125 0.3421875 0.184375 0.0640625
223 0.565625 0.3328125 0.2859375 0.096875
223 0.5671875 0.4609375 0.2828125 0.1109375
223 0.5703125 0.58125 0.275 0.134375
