124 0.01875 0.65 0.0375 0.121875
124 0.125 0.61875 0.1546875 0.1578125
124 0.2640625 0.575 0.134375 0.165625
124 0.36875 0.5734375 0.0828125 0.1046875
124 0.440625 0.559375 0.0859375 0.0859375
124 0.521875 0.5265625 0.0984375 0.1046875
124 0.5984375 0.50625 0.1015625 0.1125
124 0.6828125 0.50625 0.08125 0.090625
124 0.728125 0.490625 0.065625 0.0890625
124 0.790625 0.4859375 0.078125 0.0765625
124 0.840625 0.48125 0.05 0.0703125
124 0.890625 0.4734375 0.0546875 0.0765625
124 0.940625 0.46875 0.0625 0.071875
124 0.984375 0.465625 0.03125 0.05
124 0.99375 0.4484375 0.0109375 0.0125
