275 0.009375 0.4859375 0.01875 0.05625
275 0.025 0.49375 0.03125 0.0609375
275 0.05625 0.49375 0.04375 0.059375
275 0.103125 0.496875 0.0359375 0.0640625
275 0.14375 0.5 0.0328125 0.0609375
275 0.2203125 0.5 0.04375 0.0703125
275 0.296875 0.509375 0.0546875 0.05625
275 0.365625 0.509375 0.0515625 0.0578125
275 0.44375 0.50625 0.046875 0.0703125
275 0.509375 0.5125 0.0484375 0.0734375
275 0.65625 0.51875 0.03125 0.0640625
275 0.7171875 0.515625 0.0484375 0.0671875
275 0.796875 0.521875 0.0609375 0.0765625
275 0.875 0.521875 0.0609375 0.0703125
275 0.95 0.5265625 0.0625 0.084375
