223 0.2578125 0.634375 0.0265625 0.0203125
223 0.403125 0.65 0.028125 0.0171875
223 0.553125 0.63125 0.03125 0.0203125
223 0.6765625 0.6203125 0.0328125 0.0140625
223 0.54375 0.6671875 0.028125 0.0171875
223 0.66875 0.66875 0.0234375 0.0171875
223 0.5453125 0.7171875 0.0234375 0.015625
223 0.81875 0.6546875 0.015625 0.0171875
223 0.9171875 0.6640625 0.015625 0.015625
223 0.91875 0.6203125 0.0125 0.0234375
223 0.096875 0.74375 0.0203125 0.0328125
223 0.1125 0.7140625 0.0125 0.0203125
223 0.0984375 0.809375 0.0234375 0.0234375
223 0.115625 0.7734375 0.0125 0.015625
223 0.103125 0.86875 0.025 0.0125
223 0.1203125 0.83125 0.0234375 0.0171875
223 0.1015625 0.6578125 0.0171875 0.0265625
223 0.134375 0.63125 0.0125 0.015625
223 0.15 0.6171875 0.015625 0.0203125
223 0.178125 0.596875 0.0125 0.028125
223 0.3625 0.7171875 0.0171875 0.009375
223 0.4484375 0.7140625 0.025 0.015625
223 0.3625 0.765625 0.025 0.015625
223 0.440625 0.7578125 0.0265625 0.015625
223 0.3671875 0.7203125 0.05625 0.0203125
223 0.4359375 0.7171875 0.05625 0.025
223 0.3640625 0.74375 0.05 0.0203125
223 0.434375 0.74375 0.05625 0.0109375
223 0.36875 0.7640625 0.046875 0.0171875
223 0.428125 0.7671875 0.0625 0.025
223 0.371875 0.7859375 0.0578125 0.0203125
223 0.434375 0.7859375 0.0671875 0.015625
223 0.55 0.628125 0.109375 0.03125
223 0.5453125 0.671875 0.10625 0.034375
223 0.5484375 0.709375 0.11875 0.028125
223 0.66875 0.625 0.0953125 0.028125
223 0.6625 0.6625 0.096875 0.03125
223 0.7703125 0.6609375 0.0671875 0.0890625
223 0.8484375 0.653125 0.05625 0.0984375
223 0.928125 0.621875 0.0484375 0.028125
223 0.925 0.6671875 0.05625 0.0390625
223 0.103125 0.6515625 0.0375 0.0390625
223 0.1328125 0.6265625 0.03125 0.03125
223 0.153125 0.6140625 0.028125 0.03125
223 0.171875 0.596875 0.025 0.0296875
223 0.1125 0.45625 0.0875 0.1625
223 0.6734375 0.3484375 0.0578125 0.184375
223 0.74375 0.3515625 0.0625 0.1765625
223 0.50625 0.3796875 0.075 0.1234375
223 0.1 0.7265625 0.05 0.0390625
223 0.1 0.8015625 0.05 0.0484375
223 0.1046875 0.853125 0.0390625 0.0296875
223 0.396875 0.64375 0.1421875 0.0328125
223 0.25625 0.6375 0.1296875 0.04375
