124 0.0140625 0.8015625 0.028125 0.0140625
124 0.0625 0.665625 0.0828125 0.0546875
124 0.14375 0.7609375 0.109375 0.1015625
124 0.1171875 0.6546875 0.05 0.028125
124 0.2109375 0.5140625 0.10625 0.071875
124 0.3015625 0.6921875 0.1046875 0.096875
124 0.33125 0.4625 0.0765625 0.0734375
124 0.4046875 0.7796875 0.0984375 0.0734375
124 0.484375 0.4609375 0.2140625 0.171875
124 0.4265625 0.8109375 0.0671875 0.015625
124 0.48125 0.6734375 0.08125 0.05625
124 0.5328125 0.659375 0.06875 0.025
124 0.5828125 0.7671875 0.1046875 0.090625
124 0.7265625 0.6984375 0.1015625 0.096875
124 0.8359375 0.775 0.0890625 0.05
124 0.8890625 0.671875 0.08125 0.0640625
124 0.9375 0.653125 0.059375 0.040625
124 0.9765625 0.7578125 0.04375 0.08125
