223 0.1765625 0.396875 0.1328125 0.2125
223 0.271875 0.390625 0.0546875 0.1203125
223 0.321875 0.4046875 0.040625 0.0984375
223 0.3609375 0.4296875 0.0359375 0.128125
223 0.39375 0.4390625 0.0375 0.115625
223 0.4328125 0.4390625 0.04375 0.1
223 0.4703125 0.4375 0.0421875 0.103125
223 0.640625 0.4234375 0.05 0.121875
223 0.7 0.4171875 0.0640625 0.125
223 0.70625 0.5640625 0.05625 0.0234375
223 0.70625 0.5890625 0.0546875 0.0234375
223 0.7078125 0.60625 0.0484375 0.0203125
223 0.709375 0.6375 0.0515625 0.0390625
223 0.709375 0.64375 0.0140625 0.0125
223 0.7078125 0.609375 0.0125 0.015625
223 0.709375 0.5859375 0.0140625 0.015625
223 0.7078125 0.5625 0.0125 0.0125
223 0.246875 0.61875 0.0171875 0.0125
223 0.246875 0.496875 0.0125 0.015625
223 0.3328125 0.4859375 0.015625 0.0375