223 0.5296875 0.428125 0.0046875 0.0390625
223 0.54375 0.425 0.0125 0.03125
223 0.1046875 0.421875 0.0125 0.0375
223 0.0875 0.421875 0.0140625 0.0296875
223 0.021875 0.5765625 0.0421875 0.3328125
223 0.584375 0.640625 0.009375 0.034375
223 0.59375 0.646875 0.0125 0.0328125
223 0.4453125 0.6265625 0.0125 0.034375
223 0.3359375 0.6359375 0.0125 0.0328125
223 0.3171875 0.6375 0.0171875 0.028125
223 0.1375 0.6078125 0.04375 0.0125
223 0.1421875 0.6515625 0.040625 0.015625
223 0.140625 0.703125 0.046875 0.0171875
223 0.14375 0.765625 0.04375 0.015625
223 0.3046875 0.346875 0.0125 0.028125
223 0.321875 0.3515625 0.0171875 0.03125
223 0.14375 0.3453125 0.09375 0.1921875
223 0.2546875 0.309375 0.1109375 0.10625
223 0.3640625 0.3234375 0.0953125 0.0953125
223 0.4828125 0.365625 0.1046875 0.165625
223 0.5890625 0.3671875 0.096875 0.1640625
223 0.4859375 0.5875 0.0328125 0.0109375
223 0.4828125 0.5859375 0.0859375 0.0234375
223 0.4828125 0.66875 0.0828125 0.1140625
223 0.571875 0.6828125 0.0390625 0.1375
223 0.6203125 0.7109375 0.0515625 0.16875
223 0.375 0.6828125 0.0796875 0.13125
223 0.2765625 0.6921875 0.0953125 0.128125
223 0.1453125 0.609375 0.1078125 0.025
223 0.140625 0.6484375 0.109375 0.0296875
223 0.146875 0.703125 0.1140625 0.0484375
223 0.14375 0.7640625 0.1140625 0.040625