223 0.209375 0.840625 0.0421875 0.04375
223 0.21875 0.9375 0.04375 0.046875
223 0.325 0.8109375 0.0328125 0.0359375
223 0.3234375 0.71875 0.0296875 0.0328125
223 0.38125 0.578125 0.0125 0.01875
223 0.428125 0.5421875 0.0125 0.0234375
223 0.4109375 0.6125 0.0125 0.0265625
223 0.3609375 0.66875 0.0125 0.0359375
223 0.2140625 0.8171875 0.0828125 0.0484375
223 0.225 0.91875 0.0828125 0.0640625
223 0.31875 0.796875 0.059375 0.0484375
223 0.3171875 0.715625 0.0625 0.0390625
223 0.378125 0.6734375 0.025 0.090625
223 0.3828125 0.58125 0.025 0.0359375
223 0.4859375 0.5671875 0.05625 0.1109375
223 0.5640625 0.590625 0.0546875 0.0984375
223 0.60625 0.528125 0.1234375 0.0453125
223 0.63125 0.596875 0.0578125 0.0953125
223 0.6125 0.2921875 0.0484375 0.196875
223 0.5484375 0.2921875 0.0515625 0.196875
223 0.4875 0.2875 0.05 0.1890625
223 0.434375 0.284375 0.0484375 0.1921875
223 0.425 0.55 0.0375 0.0203125
223 0.4203125 0.6296875 0.0328125 0.0859375
223 0.8265625 0.24375 0.0125 0.1140625
223 0.721875 0.55625 0.071875 0.0609375