124 0.13125 0.028125 0.0125 0.01875
124 0.175 0.328125 0.0984375 0.1015625
124 0.1609375 0.0359375 0.03125 0.028125
124 0.1984375 0.171875 0.0921875 0.0734375
124 0.2328125 0.1328125 0.059375 0.0578125
124 0.40625 0.69375 0.21875 0.2640625
124 0.3484375 0.0671875 0.04375 0.040625
124 0.496875 0.0625 0.028125 0.0171875
124 0.7390625 0.1515625 0.059375 0.0578125
124 0.75 0.1125 0.03125 0.025
124 0.775 0.1546875 0.028125 0.040625
124 0.803125 0.09375 0.0296875 0.0203125
124 0.8515625 0.2609375 0.0390625 0.0453125
124 0.8703125 0.11875 0.0078125 0.034375
