223 0.778125 0.6015625 0.009375 0.2046875
223 0.7953125 0.603125 0.015625 0.19375
223 0.096875 0.7234375 0.01875 0.0171875
223 0.0984375 0.7921875 0.025 0.0203125
223 0.1 0.7203125 0.053125 0.03125
223 0.1015625 0.79375 0.0703125 0.0609375
223 0.0578125 0.4109375 0.0671875 0.234375
223 0.1390625 0.425 0.0640625 0.221875
223 0.3234375 0.4453125 0.0234375 0.165625
223 0.3875 0.446875 0.0484375 0.153125
223 0.4578125 0.44375 0.0546875 0.1453125
223 0.534375 0.39375 0.0640625 0.0609375
223 0.603125 0.3921875 0.05625 0.0640625
223 0.671875 0.44375 0.040625 0.15625
223 0.7625 0.384375 0.09375 0.0796875
223 0.865625 0.3828125 0.0953125 0.075
223 0.55 0.659375 0.15625 0.025
223 0.03125 0.8234375 0.04375 0.0640625
