223 0.6 0.484375 0.0125 0.0359375
223 0.5515625 0.3859375 0.0328125 0.0125
223 0.4875 0.378125 0.025 0.015625
223 0.490625 0.421875 0.03125 0.015625
223 0.5515625 0.428125 0.028125 0.0171875
223 0.5484375 0.471875 0.03125 0.009375
223 0.4875 0.4625 0.0265625 0.0125
223 0.4875 0.503125 0.028125 0.015625
223 0.5515625 0.51875 0.0328125 0.0125
223 0.5515625 0.55625 0.0328125 0.0171875
223 0.4890625 0.5484375 0.025 0.015625
223 0.49375 0.3828125 0.05625 0.0328125
223 0.5546875 0.3875 0.0609375 0.040625
223 0.4921875 0.41875 0.0546875 0.0375
223 0.5546875 0.4265625 0.059375 0.0390625
223 0.4921875 0.4625 0.0546875 0.03125
223 0.5515625 0.475 0.05625 0.0375
223 0.49375 0.503125 0.059375 0.0265625
223 0.553125 0.5171875 0.0515625 0.03125
223 0.4921875 0.55 0.04375 0.0421875
223 0.5515625 0.559375 0.059375 0.04375
223 0.6265625 0.4859375 0.0734375 0.2234375