223 0.275 0.3125 0.0890625 0.2359375
223 0.3625 0.34375 0.065625 0.184375
223 0.4484375 0.359375 0.0953125 0.159375
223 0.5515625 0.35 0.0890625 0.1640625
223 0.659375 0.278125 0.0859375 0.0578125
223 0.759375 0.265625 0.0984375 0.053125
223 0.8875 0.3171875 0.13125 0.1890625
223 0.9828125 0.25 0.0328125 0.084375
223 0.9140625 0.7375 0.128125 0.184375
223 0.521875 0.7234375 0.11875 0.159375
223 0.2671875 0.7796875 0.0984375 0.0984375
223 0.13125 0.8 0.11875 0.059375
223 0.7609375 0.3765625 0.009375 0.0640625
