124 0.0453125 0.6375 0.090625 0.1203125
124 0.1171875 0.6703125 0.1203125 0.096875
124 0.221875 0.628125 0.0953125 0.1484375
124 0.3328125 0.2671875 0.228125 0.196875
124 0.29375 0.6671875 0.1265625 0.159375
124 0.3328125 0.5625 0.0640625 0.109375
124 0.3359375 0.5921875 0.065625 0.0828125
124 0.40625 0.5 0.1125 0.0953125
124 0.39375 0.659375 0.078125 0.0984375
124 0.415625 0.5859375 0.1046875 0.1046875
124 0.4796875 0.65625 0.0953125 0.0859375
124 0.48125 0.340625 0.0734375 0.0546875
124 0.5125 0.590625 0.065625 0.075
124 0.5421875 0.665625 0.1109375 0.1453125
124 0.553125 0.74375 0.08125 0.1265625
124 0.584375 0.63125 0.09375 0.0921875
124 0.5890625 0.5375 0.0890625 0.090625
124 0.634375 0.7609375 0.0953125 0.134375
124 0.6296875 0.4734375 0.059375 0.04375
124 0.6375 0.5078125 0.053125 0.03125
124 0.678125 0.6515625 0.1015625 0.10625
124 0.709375 0.509375 0.0890625 0.0625
124 0.753125 0.7671875 0.140625 0.128125
124 0.7328125 0.5875 0.0765625 0.084375
124 0.778125 0.6578125 0.1046875 0.1
124 0.790625 0.515625 0.0875 0.0515625
124 0.840625 0.5546875 0.046875 0.0484375
124 0.871875 0.6375 0.096875 0.0734375
124 0.878125 0.5875 0.0890625 0.078125
124 0.875 0.7078125 0.075 0.0828125