223 0.40625 0.6515625 0.0171875 0.028125
223 0.4078125 0.5578125 0.021875 0.0171875
223 0.3046875 0.5328125 0.0171875 0.015625
223 0.303125 0.553125 0.015625 0.015625
223 0.3046875 0.6078125 0.0125 0.028125
223 0.2359375 0.578125 0.0125 0.0171875
223 0.2390625 0.534375 0.015625 0.0171875
223 0.234375 0.5125 0.0140625 0.0171875
223 0.103125 0.5421875 0.0265625 0.0171875
223 0.10625 0.4953125 0.0203125 0.0203125
223 0.1 0.5046875 0.1171875 0.0328125
223 0.0984375 0.5453125 0.109375 0.03125
223 0.2421875 0.515625 0.0484375 0.028125
223 0.2375 0.546875 0.040625 0.03125
223 0.24375 0.5875 0.0578125 0.040625
223 0.3078125 0.5296875 0.0609375 0.0234375
223 0.3109375 0.5640625 0.0625 0.040625
223 0.3203125 0.625 0.0640625 0.0515625
223 0.41875 0.5671875 0.1203125 0.0671875
223 0.4203125 0.6578125 0.0921875 0.075
