223 0.2953125 0.6578125 0.0765625 0.04375
223 0.48125 0.65625 0.0625 0.040625
223 0.7296875 0.90625 0.0703125 0.046875
223 0.86875 0.9015625 0.0515625 0.0390625
223 0.415625 0.4078125 0.05625 0.028125
223 0.2234375 0.96875 0.0640625 0.025
223 0.353125 0.9796875 0.059375 0.028125
223 0.3609375 0.0796875 0.04375 0.0171875
223 0.2921875 0.6546875 0.1765625 0.13125
223 0.475 0.65625 0.184375 0.125
223 0.409375 0.4078125 0.1265625 0.090625
223 0.771875 0.28125 0.1546875 0.1140625
223 0.96875 0.584375 0.0625 0.1015625
223 0.9890625 0.6046875 0.0203125 0.0390625
223 0.8796875 0.7359375 0.2359375 0.1609375
223 0.8296875 0.9078125 0.340625 0.0953125
223 0.225 0.9453125 0.11875 0.1078125
223 0.34765625 0.94921875 0.1109375 0.1015625
223 0.3546875 0.0734375 0.1015625 0.065625
