223 0.3390625 0.7953125 0.0140625 0.071875
223 0.259375 0.621875 0.059375 0.0265625
223 0.4 0.63125 0.015625 0.025
223 0.49375 0.6296875 0.0125 0.021875
223 0.584375 0.63125 0.0140625 0.015625
223 0.7296875 0.6296875 0.05625 0.0296875
223 0.4921875 0.7140625 0.08125 0.0359375
223 0.4890625 0.8046875 0.075 0.0421875
223 0.4859375 0.8828125 0.075 0.034375
223 0.6328125 0.8 0.0125 0.0875
223 0.35 0.221875 0.0140625 0.078125
223 0.6421875 0.21875 0.009375 0.065625
223 0.271875 0.221875 0.184375 0.2921875
223 0.259375 0.7875 0.184375 0.2453125
223 0.25625 0.6203125 0.1890625 0.06875
223 0.3984375 0.6171875 0.0796875 0.078125
223 0.490625 0.6265625 0.0796875 0.065625
223 0.584375 0.6203125 0.090625 0.075
223 0.7328125 0.621875 0.1921875 0.0796875
223 0.70625 0.8015625 0.171875 0.259375
223 0.4859375 0.7109375 0.2546875 0.0890625
223 0.484375 0.7984375 0.25625 0.08125
223 0.484375 0.88125 0.2578125 0.08125