223 0.290625 0.5375 0.015625 0.028125
223 0.159375 0.6671875 0.0125 0.0140625
223 0.1328125 0.6765625 0.0203125 0.025
223 0.346875 0.571875 0.021875 0.0125
223 0.3609375 0.603125 0.0078125 0.015625
223 0.4046875 0.6078125 0.00625 0.0125
223 0.4203125 0.609375 0.009375 0.0203125
223 0.496875 0.5828125 0.0328125 0.0171875
223 0.4921875 0.6296875 0.0171875 0.0125
223 0.4921875 0.6828125 0.028125 0.0140625
223 0.6296875 0.6015625 0.0328125 0.0125
223 0.078125 0.7390625 0.1171875 0.1390625
223 0.190625 0.70625 0.08125 0.1140625
223 0.3484375 0.56875 0.04375 0.0203125
223 0.35 0.63125 0.040625 0.0875
223 0.396875 0.6390625 0.0390625 0.09375
223 0.440625 0.65 0.040625 0.0921875
223 0.4953125 0.63125 0.0515625 0.03125
223 0.49375 0.68125 0.0453125 0.040625
223 0.41875 0.578125 0.075 0.025
223 0.496875 0.578125 0.0484375 0.01875
223 0.6421875 0.6 0.178125 0.021875
