223 0.190625 0.609375 0.0203125 0.0203125
223 0.1859375 0.665625 0.01875 0.0171875
223 0.1875 0.73125 0.015625 0.0234375
223 0.3421875 0.690625 0.01875 0.0234375
223 0.346875 0.6328125 0.0171875 0.0140625
223 0.346875 0.5859375 0.0109375 0.0125
223 0.60625 0.60625 0.0203125 0.0125
223 0.8328125 0.7140625 0.3296875 0.0984375
223 0.9484375 0.3734375 0.034375 0.1078125
223 0.8296875 0.2765625 0.0203125 0.025
223 0.853125 0.2765625 0.0265625 0.01875
223 0.6984375 0.4359375 0.015625 0.0234375
223 0.196875 0.4421875 0.0140625 0.0171875
223 0.2125 0.446875 0.0125 0.0140625
223 0.1828125 0.609375 0.178125 0.0328125
223 0.1796875 0.6625 0.1890625 0.05
223 0.184375 0.7234375 0.2 0.065625
223 0.340625 0.696875 0.1421875 0.04375
223 0.3421875 0.6375 0.1390625 0.05625
223 0.3390625 0.6 0.1296875 0.05
223 0.15 0.35625 0.125 0.2
223 0.253125 0.378125 0.09375 0.16875
223 0.3421875 0.3984375 0.078125 0.1640625
223 0.4578125 0.434375 0.09375 0.234375
223 0.45625 0.615625 0.0890625 0.125
223 0.615625 0.7046875 0.090625 0.2296875
223 0.6625 0.359375 0.0828125 0.203125
223 0.778125 0.2625 0.134375 0.0859375
223 0.9203125 0.23125 0.1578125 0.0875
