223 0.371875 0.7171875 0.0171875 0.109375
223 0.3859375 0.7078125 0.015625 0.10625
223 0.15 0.7515625 0.103125 0.0578125
223 0.5078125 0.653125 0.0125 0.08125
223 0.515625 0.6484375 0.0125 0.0796875
223 0.56875 0.5953125 0.03125 0.021875
223 0.6578125 0.5671875 0.0171875 0.0171875
223 0.61875 0.578125 0.015625 0.0125
223 0.6609375 0.6015625 0.015625 0.0171875
223 0.6578125 0.640625 0.0203125 0.028125
223 0.659375 0.68125 0.0203125 0.0203125
223 0.621875 0.621875 0.0171875 0.01875
223 0.621875 0.6640625 0.0234375 0.0171875
223 0.61875 0.70625 0.01875 0.0203125
223 0.56875 0.746875 0.0296875 0.021875
223 0.575 0.69375 0.028125 0.0203125
223 0.56875 0.64375 0.025 0.021875
223 0.1359375 0.3546875 0.028125 0.121875
223 0.309375 0.3828125 0.0203125 0.0859375
223 0.3296875 0.3828125 0.015625 0.078125
223 0.475 0.40625 0.0125 0.0671875
223 0.4890625 0.40625 0.015625 0.071875
223 0.0765625 0.278125 0.134375 0.284375
223 0.23125 0.28125 0.1734375 0.30625
223 0.375 0.284375 0.1015625 0.3125
223 0.45 0.3140625 0.0515625 0.2625
223 0.5015625 0.3296875 0.0515625 0.234375
223 0.1359375 0.803125 0.246875 0.1421875
223 0.3203125 0.76875 0.1046875 0.2078125
223 0.4203125 0.7546875 0.0875 0.2359375
223 0.4875 0.7421875 0.040625 0.24375
223 0.5296875 0.7046875 0.0484375 0.2203125
223 0.5671875 0.603125 0.046875 0.025
223 0.571875 0.64375 0.0359375 0.046875
223 0.571875 0.7 0.0390625 0.04375
223 0.571875 0.753125 0.0359375 0.04375
223 0.6125 0.5859375 0.0234375 0.03125
223 0.6546875 0.571875 0.0296875 0.0359375
223 0.615625 0.621875 0.0328125 0.0328125
223 0.653125 0.60625 0.0328125 0.028125
223 0.65 0.65 0.034375 0.0328125
223 0.6546875 0.68125 0.0359375 0.03125
223 0.6140625 0.6703125 0.0359375 0.040625
223 0.615625 0.7046875 0.040625 0.0296875
223 0.6796875 0.5953125 0.0125 0.0484375
223 0.678125 0.3640625 0.0203125 0.0484375
223 0.6890625 0.3421875 0.028125 0.0984375
223 0.6875 0.621875 0.021875 0.1140625