223 0.315625 0.8015625 0.0546875 0.046875
223 0.2765625 0.7578125 0.253125 0.153125
223 0.3296875 0.9 0.178125 0.0953125
223 0.44375 0.7890625 0.046875 0.3125
223 0.49375 0.7515625 0.0359375 0.284375
223 0.8875 0.6140625 0.0828125 0.0578125
223 0.89375 0.6953125 0.090625 0.0859375
223 0.890625 0.7828125 0.090625 0.1015625
223 0.8 0.640625 0.059375 0.184375
223 0.7234375 0.6734375 0.0875 0.1109375
223 0.6265625 0.675 0.0875 0.1046875
223 0.5453125 0.6421875 0.059375 0.1671875
223 0.909375 0.8125 0.025 0.0328125
223 0.8609375 0.746875 0.015625 0.0265625
223 0.90625 0.7203125 0.0171875 0.025
223 0.865625 0.6765625 0.0203125 0.028125