216 0.3203125 0.5375 0.2125 0.1109375
216 0.5484375 0.5625 0.215625 0.1140625
216 0.784375 0.596875 0.2328125 0.1140625
216 0.640625 0.8390625 0.3515625 0.246875
216 0.878125 0.8625 0.1796875 0.2140625
216 0.2828125 0.8 0.403125 0.25625
216 0.046875 0.77421875 0.09375 0.2265625
216 0.1015625 0.5125 0.203125 0.1046875
216 0.1734375 0.3984375 0.203125 0.0703125
216 0.35625 0.421875 0.1828125 0.0640625
216 0.528125 0.446875 0.1703125 0.06875
216 0.7 0.4625 0.1609375 0.0625
216 0.884375 0.484375 0.1609375 0.0703125
216 0.815625 0.409375 0.121875 0.04375
216 0.6625 0.3875 0.134375 0.04375
216 0.528125 0.371875 0.1328125 0.0390625
216 0.3875 0.353125 0.1359375 0.04375
216 0.24375 0.3328125 0.134375 0.0484375
216 0.1 0.315625 0.1203125 0.0296875
216 0.0453125 0.3875 0.075 0.0578125
