216 0.3265625 0.559375 0.2046875 0.0875
216 0.55625 0.55625 0.20625 0.0890625
216 0.79375 0.5625 0.2234375 0.0875
216 0.68125 0.81875 0.328125 0.2078125
216 0.9203125 0.8140625 0.15625 0.196875
216 0.321875 0.825 0.3796875 0.2125
216 0.0625 0.83125 0.1171875 0.2140625
216 0.103125 0.5625 0.2015625 0.08125
216 0.1625 0.4390625 0.1984375 0.046875
216 0.346875 0.4390625 0.1796875 0.0421875
216 0.521875 0.44375 0.165625 0.0484375
216 0.69375 0.4375 0.15625 0.0453125
216 0.88125 0.4375 0.15625 0.0515625
216 0.803125 0.371875 0.11875 0.0296875
216 0.6484375 0.36875 0.13125 0.028125
216 0.5125 0.36875 0.13125 0.0234375
216 0.3703125 0.3671875 0.1328125 0.028125
216 0.225 0.365625 0.13125 0.03125
216 0.08125 0.365625 0.11875 0.015625
216 0.034375 0.44375 0.06875 0.05