99 0.33828125 0.23046875 0.2203125 0.13828125
99 0.45859375 0.1671875 0.13359375 0.11171875
99 0.58203125 0.209375 0.1125 0.165625
99 0.74140625 0.275 0.24140625 0.134375
99 0.8765625 0.27890625 0.21015625 0.1765625
99 0.56953125 0.4 0.99 0.13046875
99 0.384375 0.409375 0.20546875 0.13046875
99 0.26171875 0.3484375 0.19453125 0.08828125
99 0.3203125 0.56171875 0.16953125 0.15
99 0.45390625 0.6015625 0.18984375 0.134375
99 0.6203125 0.55390625 0.128125 0.15390625
99 0.76171875 0.634375 0.20546875 0.134375
99 0.271875 0.7265625 0.99 0.165625
99 0.58203125 0.725 0.20546875 0.1734375
99 0.73359375 0.77890625 0.1234375 0.134375
