273 0.1203125 0.41875 0.1234375 0.1390625
273 0.01875 0.42109375 0.0375 0.1421875
273 0.853125 0.1765625 0.1203125 0.1546875
273 0.70625 0.1765625 0.11875 0.1546875
273 0.5625 0.1765625 0.125 0.1546875
273 0.4125 0.1765625 0.128125 0.1546875
273 0.2671875 0.175 0.1296875 0.1546875
273 0.11875 0.175 0.128125 0.1546875
273 0.01875 0.175 0.0359375 0.1546875
273 0.11875 0.646875 0.128125 0.125
273 0.9671875 0.171875 0.0625 0.1640625
273 0.2640625 0.6515625 0.1265625 0.125
273 0.415625 0.65 0.1265625 0.125
273 0.5640625 0.65 0.128125 0.125
273 0.7078125 0.65 0.128125 0.125
273 0.85625 0.65 0.128125 0.125
273 0.965625 0.65 0.0625 0.1328125
273 0.409375 0.421875 0.1234375 0.1390625
273 0.5609375 0.41875 0.121875 0.1390625
273 0.709375 0.41875 0.121875 0.1390625
273 0.85 0.41875 0.121875 0.1390625
273 0.9671875 0.41875 0.0625 0.1453125
273 0.2671875 0.421875 0.1234375 0.1390625
