273 0.440625 0.0359375 0.2015625 0.0640625
273 0.890625 0.69375 0.209375 0.225
273 0.7671875 0.453125 0.20625 0.2234375
273 0.5625 0.1984375 0.2109375 0.228125
273 0.5234375 0.653125 0.215625 0.2234375
273 0.7234375 0.8984375 0.21875 0.203125
273 0.203125 0.153125 0.21875 0.2265625
273 0.15 0.609375 0.209375 0.2328125
273 0.059375 0.825 0.1109375 0.2296875
273 0.403125 0.409375 0.2140625 0.228125
273 0.084375 0.375 0.1671875 0.228125
273 0.91484375 0.2375 0.1703125 0.221875
273 0.3453125 0.8640625 0.215625 0.225
273 0.96875 0.446875 0.0609375 0.090625
273 0.73125 0.190625 0.0625 0.08125
273 0.60625 0.40625 0.065625 0.075
273 0.93125 0.90625 0.0640625 0.0828125
273 0.00625 0.559375 0.00625 0.084375
273 0.565625 0.85625 0.071875 0.1
273 0.1875 0.809375 0.06875 0.0875
273 0.315625 0.603125 0.071875 0.0953125
273 0.684375 0.646875 0.0625 0.0875
273 0.240625 0.3609375 0.075 0.0890625
273 0.125 0.0109375 0.1375 0.0203125
273 0.0515625 0.109375 0.021875 0.08125
273 0.365625 0.146875 0.06875 0.090625
273 0.80625 0.071875 0.19375 0.0796875
