273 0.409375 0.0203125 0.1875 0.0390625
273 0.9078125 0.5890625 0.178125 0.1921875
273 0.765625 0.378125 0.1734375 0.1921875
273 0.54375 0.159375 0.178125 0.1953125
273 0.55625 0.5984375 0.1828125 0.1921875
273 0.775 0.815625 0.1875 0.1921875
273 0.1984375 0.1625 0.1875 0.1921875
273 0.1984375 0.603125 0.1765625 0.2
273 0.0875 0.825 0.175 0.2015625
273 0.415625 0.38125 0.1828125 0.1953125
273 0.0875 0.3875 0.175 0.2015625
273 0.9015625 0.15 0.1828125 0.190625
273 0.4109375 0.81875 0.1828125 0.1921875
273 0.9625 0.34375 0.0578125 0.0796875
273 0.7015625 0.13125 0.053125 0.071875
273 0.60625 0.353125 0.0578125 0.0671875
273 0.971875 0.784375 0.053125 0.0765625
273 0.0265625 0.575 0.053125 0.0765625
273 0.61875 0.784375 0.0578125 0.0875
273 0.2546875 0.790625 0.0578125 0.0765625
273 0.353125 0.575 0.0578125 0.0828125
273 0.70625 0.56875 0.053125 0.0796875
273 0.2546875 0.3546875 0.0625 0.0765625
273 0.084375 0.0203125 0.16875 0.0390625
273 0.0265625 0.140625 0.053125 0.0765625
273 0.35 0.1375 0.0578125 0.0765625
273 0.759375 0.01875 0.1828125 0.0328125
