273 0.41875 0.0359375 0.175 0.071875
273 0.8984375 0.596875 0.1703125 0.184375
273 0.759375 0.39375 0.165625 0.18125
273 0.55 0.1875 0.1703125 0.184375
273 0.559375 0.60625 0.175 0.18125
273 0.76875 0.8140625 0.1765625 0.184375
273 0.21875 0.190625 0.1765625 0.184375
273 0.2171875 0.6109375 0.1671875 0.1890625
273 0.10625 0.821875 0.175 0.1921875
273 0.425 0.3984375 0.171875 0.184375
273 0.10625 0.4046875 0.175 0.1921875
273 0.890625 0.1765625 0.171875 0.18125
273 0.421875 0.8171875 0.175 0.18125
273 0.95 0.3625 0.05625 0.0765625
273 0.7 0.159375 0.05 0.06875
273 0.609375 0.371875 0.0546875 0.0625
273 0.959375 0.7828125 0.0546875 0.071875
273 0.0515625 0.5828125 0.0546875 0.06875
273 0.621875 0.784375 0.0546875 0.0828125
273 0.2734375 0.7890625 0.0515625 0.0734375
273 0.3671875 0.5828125 0.0546875 0.078125
273 0.70625 0.578125 0.05 0.0734375
273 0.271875 0.3734375 0.059375 0.0734375
273 0.1 0.0359375 0.1796875 0.071875
273 0.046875 0.165625 0.059375 0.06875
273 0.3640625 0.1640625 0.0546875 0.0734375
273 0.753125 0.034375 0.1703125 0.0671875
