110 0.427884615625 0.4755859375 0.40625 0.5126953125 0.41105769218750005 0.5537109375 0.4831730765625 0.5751953125 0.518028846875 0.5625 0.540865384375 0.5302734375 0.5084134609375 0.421875 0.427884615625 0.4755859375
110 0.3137019234375 0.4140625 0.283653846875 0.4580078125 0.283653846875 0.5537109375 0.34375 0.5693359375 0.3990384609375 0.5458984375 0.3990384609375 0.5087890625 0.3509615390625 0.4384765625 0.3137019234375 0.4140625
110 0.1514423078125 0.5380859375 0.162259615625 0.587890625 0.23317307656250003 0.5927734375 0.2740384609375 0.5556640625 0.2704326921875 0.455078125 0.21514423124999998 0.47265625 0.1514423078125 0.5380859375
110 0.21274038437499998 0.306640625 0.1802884609375 0.3232421875 0.1634615390625 0.3740234375 0.1862980765625 0.412109375 0.2379807687500000110 0.4287109375 0.2980769234375 0.4052734375 0.3076923078125 0.3505859375 0.2800480765625 0.314453125 0.21274038437499998 0.306640625
110 0.572115384375 0.2587890625 0.5697115390625 0.3388671875 0.5949519234375 0.36328125 0.64423076875 0.3662109375 0.697115384375 0.3349609375 0.7019230765625 0.2998046875 0.599759615625 0.212890625 0.572115384375 0.2587890625
110 0.65264423125 0.501953125 0.5949519234375 0.501953125 0.6105769234375 0.5791015625 0.67548076875 0.6220703125 0.703125 0.62109375 0.7427884609375 0.5908203125 0.7427884609375 0.5400390625 0.65264423125 0.501953125
110 0.26923076875 0.2646484375 0.3509615390625 0.2939453125 0.3990384609375 0.2666015625 0.4134615390625 0.2041015625 0.2800480765625 0.203125 0.26923076875 0.2646484375
110 0.443509615625 0.587890625 0.3918269234375 0.6435546875 0.384615384375 0.6943359375 0.4098557687499999110 0.724609375 0.4615384609375 0.7314453125 0.5 0.7158203125 0.5144230765625 0.6669921875 0.46634615312500005 0.5947265625 0.443509615625 0.587890625
110 0.15264423124999998 0.591796875 0.134615384375 0.6865234375 0.162259615625 0.71484375 0.2259615390625 0.7275390625 0.26923076875 0.6708984375 0.26201923125 0.6318359375 0.236778846875 0.599609375 0.15264423124999998 0.591796875
110 0.837740384375000110 0.56640625 0.7704326921875 0.57421875 0.7139423078125 0.6220703125 0.73798076875 0.6826171875 0.7704326921875 0.703125 0.810096153125 0.7021484375 0.84375 0.6904296875 0.8798076921875 0.6396484375 0.875 0.5849609375 0.837740384375000110 0.56640625
