129 0.43125 0.1296875 0.428125 0.259375
129 0.628125 0.15 0.2296875 0.2265625
129 0.96875 0.296875 0.0625 0.1421875
129 0.884375 0.184375 0.2109375 0.165625
129 0.234375 0.5328125 0.46875 0.6875
129 0.70625 0.8984375 0.26875 0.203125
129 0.8046875 0.8859375 0.16875 0.20625
129 0.7125 0.78125 0.3171875 0.3171875
129 0.5625 0.7296875 0.3078125 0.3078125
129 0.8296875 0.7609375 0.2515625 0.2640625
129 0.503125 0.584375 0.28125 0.284375
129 0.684375 0.609375 0.3265625 0.325
129 0.890625 0.475 0.2171875 0.3234375