129 0.696875 0.0453125 0.1546875 0.090625
129 0.79375 0.225 0.3734375 0.384375
129 0.8625 0.4125 0.24375 0.2453125
129 0.94375 0.6171875 0.1109375 0.221875
129 0.3140625 0.2953125 0.628125 0.590625
129 0.29375 0.88984375 0.26875 0.2203125
129 0.371875 0.940625 0.2234375 0.1171875
129 0.384375 0.83125 0.3390625 0.3359375
129 0.3453125 0.68125 0.3296875 0.3296875
129 0.4671875 0.89375 0.3125 0.2125
129 0.43125 0.55 0.3015625 0.3015625
129 0.5125 0.7125 0.346875 0.3484375
129 0.7484375 0.83125 0.3046875 0.2984375
