273 0.15 0.553125 0.2140625 0.0578125
273 0.146875 0.090625 0.2078125 0.10625
273 0.1453125 0.3765625 0.2078125 0.1015625
273 0.15 0.634375 0.2078125 0.0984375
273 0.15 0.921875 0.209375 0.103125
273 0.5359375 0.9265625 0.2171875 0.10625
273 0.5359375 0.6390625 0.2109375 0.1015625
273 0.534375 0.2984375 0.2140625 0.0640625
273 0.5375 0.021875 0.2171875 0.04375
273 0.9078125 0.09375 0.18125 0.10625
273 0.9078125 0.3796875 0.18125 0.10625
273 0.9078125 0.64375 0.18125 0.103125
273 0.9078125 0.846875 0.18125 0.0765625
273 0.5375 0.0921875 0.221875 0.10625
273 0.146875 0.0203125 0.209375 0.040625
273 0.15 0.2921875 0.2171875 0.0625
273 0.534375 0.3796875 0.2234375 0.1015625
273 0.90625 0.021875 0.1828125 0.04375
273 0.90625 0.559375 0.1828125 0.065625
273 0.534375 0.8421875 0.2140625 0.0625
273 0.1515625 0.8375 0.2171875 0.0671875
273 0.909375 0.93125 0.178125 0.1109375
273 0.9046875 0.296875 0.1859375 0.0671875
273 0.5375 0.55625 0.209375 0.065625
