273 0.503125 0.190625 0.05625 0.2109375
273 0.05 0.1890625 0.0984375 0.20625
273 0.3265625 0.1859375 0.1 0.2015625
273 0.5828125 0.190625 0.0953125 0.2015625
273 0.8671875 0.190625 0.1 0.20625
273 0.871875 0.571875 0.1046875 0.2125
273 0.5875 0.571875 0.1 0.2078125
273 0.25 0.5703125 0.0625 0.2109375
273 0.05 0.925 0.1 0.1453125
273 0.33125 0.925 0.103125 0.1453125
273 0.590625 0.925 0.1 0.1453125
273 0.7921875 0.925 0.0734375 0.1453125
273 0.05 0.575 0.1 0.2203125
273 0.24375 0.190625 0.0625 0.2109375
273 0.33125 0.5703125 0.0984375 0.2203125
273 0.5078125 0.9234375 0.0625 0.1484375
273 0.7890625 0.5703125 0.0625 0.2109375
273 0.7828125 0.1921875 0.0640625 0.215625
273 0.8765625 0.925 0.109375 0.14375
273 0.2484375 0.921875 0.0671875 0.15
273 0.5046875 0.575 0.0625 0.20625