273 0.10625 0.503125 0.2109375 0.0625
273 0.103125 0.05 0.20625 0.09375
273 0.1015625 0.328125 0.2015625 0.1046875
273 0.1015625 0.584375 0.203125 0.0953125
273 0.1046875 0.86875 0.2078125 0.1
273 0.4875 0.8734375 0.215625 0.1046875
273 0.4875 0.5875 0.2109375 0.1
273 0.4859375 0.2484375 0.2109375 0.0625
273 0.878125 0.05 0.2203125 0.0953125
273 0.878125 0.3296875 0.21875 0.103125
273 0.875 0.590625 0.215625 0.1
273 0.871875 0.79375 0.2109375 0.0734375
273 0.490625 0.05 0.225 0.0953125
273 0.10625 0.2421875 0.2125 0.0625
273 0.4859375 0.33125 0.2203125 0.0984375
273 0.871875 0.5078125 0.215625 0.0625
273 0.4859375 0.7890625 0.2109375 0.0625
273 0.1078125 0.784375 0.215625 0.0671875
273 0.8765625 0.878125 0.2109375 0.1078125
273 0.8734375 0.246875 0.2234375 0.0625
273 0.4890625 0.5046875 0.2078125 0.0625
