273 0.8359375 0.290625 0.2171875 0.1328125
273 0.9484375 0.69375 0.103125 0.16875
273 0.896875 0.4421875 0.20625 0.16875
273 0.80625 0.21875 0.2265625 0.165625
273 0.69609375 0.025 0.2265625 0.05
273 0.359375 0.103125 0.240625 0.1765625
273 0.46875 0.353125 0.234375 0.1703125
273 0.6 0.65 0.21875 0.1359375
273 0.70625 0.9015625 0.221875 0.1296875
273 0.334375 0.9375 0.2359375 0.10625
273 0.228125 0.7234375 0.2421875 0.175
273 0.140625 0.49375 0.2140625 0.1703125
273 0.09375 0.3125 0.1453125 0.1421875
273 0.675 0.83125 0.2421875 0.1765625
273 0.96875 0.765625 0.0625 0.1296875
273 0.91171875 0.515625 0.1765625 0.1375
273 0.56875 0.5796875 0.24375 0.1734375
273 0.1625 0.565625 0.225 0.1390625
273 0.3921875 0.178125 0.2171875 0.134375
273 0.7265625 0.05625 0.225 0.1109375
273 0.075 0.240625 0.121875 0.1671875
273 0.2625 0.796875 0.2296875 0.1390625
273 0.4984375 0.428125 0.2171875 0.1359375
