273 0.3609375 0.50625 0.2984375 0.16875
273 0.703125 0.184375 0.3015625 0.2390625
273 0.6984375 0.98125 0.2984375 0.03125
273 0.36875 0.9859375 0.31875 0.025
273 0.696875 0.83125 0.303125 0.16875
273 0.0875 0.184375 0.1734375 0.25
273 0.0875 0.83125 0.1734375 0.16875
273 0.084375 0.54375 0.16875 0.253125
273 0.946875 0.2546875 0.103125 0.240625
273 0.94375 0.5140625 0.1078125 0.1828125
273 0.7 0.54375 0.2890625 0.2359375
273 0.3625 0.253125 0.290625 0.240625
273 0.359375 0.7953125 0.290625 0.23125
273 0.940625 0.803125 0.115625 0.2421875
273 0.0875 0.9828125 0.1734375 0.0296875
