273 0.48125 0.340625 0.15625 0.2796875
273 0.78125 0.659375 0.221875 0.2796875
273 0.028125 0.6546875 0.053125 0.2765625
273 0.025 0.3484375 0.04375 0.2984375
273 0.18125 0.653125 0.15625 0.28125
273 0.78125 0.084375 0.23125 0.16875
273 0.18125 0.0828125 0.159375 0.1625
273 0.446875 0.08125 0.23125 0.159375
273 0.715625 0.9171875 0.2234375 0.159375
273 0.4734375 0.915625 0.16875 0.1640625
273 0.446875 0.65625 0.2171875 0.2671875
273 0.71875 0.3421875 0.221875 0.2703125
273 0.2125 0.340625 0.2171875 0.2703125
273 0.2046875 0.9125 0.2265625 0.16875
273 0.02734375 0.08125 0.0484375 0.1625
