223 0.315625 0.2171875 0.2109375 0.0609375
223 0.5609375 0.2234375 0.2546875 0.0671875
223 0.453125 0.340625 0.4625 0.146875
223 0.4546875 0.48125 0.44375 0.10625
223 0.4578125 0.5953125 0.428125 0.0984375
223 0.459375 0.7 0.4140625 0.0921875
223 0.634375 0.225 0.0375 0.0328125
223 0.471875 0.225 0.034375 0.03125
223 0.375 0.221875 0.03125 0.0296875
223 0.24375 0.21875 0.0296875 0.0265625
223 0.5875 0.3515625 0.034375 0.0328125
223 0.2875 0.33125 0.03125 0.0296875
223 0.296875 0.46875 0.0296875 0.0296875
223 0.5859375 0.50625 0.0328125 0.03125
223 0.584375 0.6203125 0.0265625 0.0296875
223 0.30625 0.575 0.0296875 0.028125
223 0.3125 0.678125 0.025 0.0296875
223 0.58125 0.734375 0.0296875 0.025