273 0.5078125 0.3421875 0.2203125 0.0859375
273 0.8328125 0.3453125 0.2078125 0.090625
273 0.8375 0.09375 0.21875 0.103125
273 0.5078125 0.0796875 0.234375 0.103125
273 0.83125 0.25625 0.2109375 0.090625
273 0.5125 0.66875 0.2203125 0.1484375
273 0.1609375 0.3359375 0.234375 0.0953125
273 0.8421875 0.55625 0.1765625 0.0546875
273 0.840625 0.6640625 0.1875 0.1484375
273 0.5109375 0.7734375 0.215625 0.0515625
273 0.1671875 0.6625 0.2296875 0.09375
273 0.165625 0.5703125 0.225 0.0953125
273 0.1609375 0.24375 0.2296875 0.103125
273 0.509375 0.253125 0.2203125 0.0953125
273 0.7484375 0.984375 0.1453125 0.025
273 0.8375 0.028125 0.228125 0.0515625
273 0.7515625 0.9296875 0.1484375 0.08125
273 0.159375 0.065625 0.24375 0.1046875
273 0.503125 0.0203125 0.2375 0.0359375
273 0.5125 0.5609375 0.215625 0.071875
273 0.840625 0.76875 0.1875 0.0625