273 0.5234375 0.6546875 0.2328125 0.090625
273 0.865625 0.653125 0.2203125 0.0953125
273 0.8703125 0.915625 0.2296875 0.1078125
273 0.5234375 0.93125 0.24375 0.1078125
273 0.8640625 0.746875 0.2203125 0.0953125
273 0.528125 0.3109375 0.2296875 0.1578125
273 0.159375 0.6640625 0.246875 0.103125
273 0.8765625 0.4296875 0.1875 0.05625
273 0.8734375 0.31875 0.196875 0.1578125
273 0.5265625 0.2015625 0.225 0.05625
273 0.1640625 0.3203125 0.2390625 0.0984375
273 0.1640625 0.4171875 0.2375 0.1
273 0.159375 0.7578125 0.24375 0.1078125
273 0.525 0.7484375 0.2296875 0.1
273 0.8703125 0.9765625 0.2390625 0.040625
273 0.778125 0.0421875 0.1609375 0.078125
273 0.1578125 0.94375 0.25625 0.1078125
273 0.51875 0.9859375 0.25 0.0234375
273 0.528125 0.425 0.225 0.0765625
273 0.8734375 0.209375 0.196875 0.0640625