273 0.2921875 0.49375 0.096875 0.24375
273 0.2953125 0.8484375 0.1015625 0.228125
273 0.040625 0.853125 0.075 0.240625
273 0.0328125 0.490625 0.0578125 0.259375
273 0.196875 0.846875 0.1015625 0.23125
273 0.6515625 0.496875 0.1640625 0.240625
273 0.284375 0.121875 0.1109375 0.240625
273 0.528125 0.859375 0.0625 0.196875
273 0.64375 0.8578125 0.1640625 0.2046875
273 0.765625 0.496875 0.0609375 0.2359375
273 0.6421875 0.1234375 0.103125 0.240625
273 0.540625 0.121875 0.10625 0.240625
273 0.184375 0.121875 0.115625 0.2359375
273 0.19375 0.49375 0.10625 0.240625
273 0.9890625 0.759375 0.0171875 0.1609375
273 0.9375 0.759375 0.0875 0.1640625
273 0.025 0.1234375 0.0453125 0.240625
273 0.5328125 0.4984375 0.0765625 0.2359375
273 0.759375 0.8578125 0.0671875 0.2046875
