273 0.49375 0.6546875 0.2359375 0.090625
273 0.8375 0.653125 0.221875 0.0984375
273 0.8421875 0.91875 0.23125 0.1109375
273 0.490625 0.934375 0.25 0.1109375
273 0.8375 0.746875 0.221875 0.096875
273 0.496875 0.30625 0.2328125 0.1578125
273 0.1265625 0.6625 0.2484375 0.10625
273 0.8484375 0.4265625 0.190625 0.0578125
273 0.846875 0.3140625 0.196875 0.1578125
273 0.496875 0.196875 0.23125 0.0578125
273 0.13125 0.315625 0.2453125 0.1015625
273 0.1296875 0.4125 0.240625 0.1015625
273 0.1234375 0.759375 0.2453125 0.1109375
273 0.49375 0.7484375 0.2328125 0.1015625
273 0.8421875 0.978125 0.24375 0.0390625
273 0.75 0.0375 0.159375 0.075
273 0.128125 0.94375 0.25 0.10625
273 0.4875 0.9875 0.2515625 0.021875
273 0.4984375 0.421875 0.23125 0.0765625
273 0.846875 0.203125 0.196875 0.0671875
