273 0.46875 0.6421875 0.2390625 0.0953125
273 0.8203125 0.6390625 0.225 0.1
273 0.825 0.9109375 0.234375 0.109375
273 0.4671875 0.9265625 0.2546875 0.1125
273 0.8203125 0.7375 0.225 0.0984375
273 0.4734375 0.2875 0.2375 0.1625
273 0.1125 0.6515625 0.21875 0.1078125
273 0.83125 0.409375 0.1921875 0.059375
273 0.83125 0.29375 0.2015625 0.1625
273 0.471875 0.175 0.234375 0.05625
273 0.1125 0.2953125 0.2203125 0.1
273 0.1125 0.3984375 0.21875 0.1046875
273 0.1109375 0.7484375 0.215625 0.1125
273 0.4703125 0.7390625 0.2375 0.103125
273 0.825 0.975 0.246875 0.0453125
273 0.73125 0.025 0.1625 0.05
273 0.1125 0.940625 0.2203125 0.1125
273 0.4625 0.984375 0.259375 0.025
273 0.475 0.4046875 0.234375 0.0765625
273 0.83125 0.18125 0.2015625 0.0671875
