223 0.675 0.29375 0.04375 0.125
223 0.8140625 0.709375 0.05625 0.046875
223 0.790625 0.8078125 0.0234375 0.0265625
223 0.8234375 0.825 0.0265625 0.03125
223 0.9125 0.3046875 0.025 0.0359375
223 0.95 0.3046875 0.021875 0.0265625
223 0.384375 0.5625 0.0234375 0.0203125
223 0.3890625 0.6390625 0.0234375 0.0296875
223 0.3890625 0.73125 0.0234375 0.0265625
223 0.29375 0.5328125 0.0234375 0.0203125
223 0.08125 0.39375 0.0875 0.375
223 0.1375 0.3875 0.0703125 0.3484375
223 0.3484375 0.253125 0.0421875 0.1921875
223 0.3953125 0.2390625 0.059375 0.196875
223 0.471875 0.2390625 0.078125 0.196875
223 0.5796875 0.159375 0.10625 0.059375
223 0.709375 0.1484375 0.134375 0.040625
223 0.621875 0.15 0.028125 0.028125
223 0.6515625 0.1515625 0.0234375 0.0203125
223 0.8625 0.2375 0.134375 0.215625
223 0.971875 0.2421875 0.0546875 0.215625
223 0.853125 0.725 0.2921875 0.125
223 0.7390625 0.8078125 0.128125 0.134375
223 0.903125 0.825 0.1765625 0.0984375
223 0.30625 0.5375 0.0734375 0.0515625
223 0.3859375 0.559375 0.0875 0.065625
223 0.390625 0.6421875 0.08125 0.09375
223 0.3953125 0.7296875 0.0859375 0.0953125
223 0.284375 0.63125 0.0390625 0.1453125
223 0.321875 0.6515625 0.0515625 0.1640625
