223 0.18125 0.1265625 0.1484375 0.253125
223 0.7375 0.690625 0.1171875 0.2125
223 0.103125 0.6296875 0.059375 0.040625
223 0.109375 0.671875 0.0609375 0.0453125
223 0.30625 0.6546875 0.0421875 0.2625
223 0.2125 0.5390625 0.046875 0.0328125
223 0.221875 0.715625 0.0453125 0.0421875
223 0.60625 0.64375 0.109375 0.246875
223 0.215625 0.6 0.046875 0.0375
223 0.74375 0.596875 0.05 0.025
223 0.853125 0.55625 0.053125 0.0234375
223 0.2390625 0.2421875 0.040625 0.025
223 0.2125 0.6328125 0.115625 0.0953125
223 0.346875 0.625 0.0375 0.240625
223 0.228125 0.821875 0.04375 0.0484375
223 0.8578125 0.684375 0.084375 0.271875
223 0.20625 0.5375 0.125 0.0734375
223 0.21875 0.7375 0.115625 0.0953125
223 0.3 0.5078125 0.034375 0.03125
223 0.0703125 0.753125 0.140625 0.209375
223 0.3 0.5421875 0.0328125 0.0328125
223 0.21875 0.8515625 0.109375 0.103125
223 0.06875 0.3234375 0.1359375 0.646875
223 0.4015625 0.61875 0.071875 0.2421875
223 0.49375 0.6375 0.1078125 0.2546875
223 0.74375 0.55625 0.134375 0.0484375
223 0.58125 0.53125 0.0546875 0.0296875
223 0.5265625 0.521875 0.053125 0.0203125
223 0.409375 0.509375 0.05 0.01875
223 0.3328125 0.525 0.046875 0.0296875
