110 0.5244140625 0.3365384609375 0.4794921875 0.3365384609375 0.39453125 0.3954326921875 0.3779296875 0.46875 0.4052734375 0.51923076875 0.4462890625 0.55048076875 0.5166015625 0.560096153125 0.576171875 0.5108173078125 0.587890625 0.40264423125000004 0.5244140625 0.3365384609375
110 0.5068359375 0.08173076875 0.4541015625 0.07451923125 0.4150390625 0.09375 0.390625 0.1286057687500000110 0.3876953125 0.1875 0.40625 0.25360576875 0.4462890625 0.3125 0.515625 0.299278846875 0.541015625 0.1862980765625 0.52734375 0.1069711531250000110 0.5068359375 0.08173076875
110 0.5302734375 0.58173076875 0.4892578125 0.5625 0.4501953125 0.564903846875 0.3955078125 0.6105769234375 0.3818359375 0.6706730765625 0.4150390625 0.76201923125 0.4990234375 0.8076923078125 0.5537109375 0.78125 0.5859375 0.712740384375 0.572265625 0.631009615625 0.5302734375 0.58173076875
110 0.2841796875 0.5384615390625 0.21875 0.599759615625 0.2138671875 0.6610576921875 0.2548828125 0.716346153125 0.2958984375 0.7259615390625 0.361328125 0.6959134609375 0.37890625 0.618990384375 0.3310546875 0.540865384375 0.2841796875 0.5384615390625
110 0.3173828125 0.1923076921875 0.263671875 0.2247596156250000110 0.2373046875 0.3197115390625 0.2607421875 0.35576923125 0.3232421875 0.377403846875 0.3876953125 0.346153846875 0.400390625 0.294471153125 0.384765625 0.236778846875 0.3173828125 0.1923076921875
110 0.6396484375 0.153846153125 0.60546875 0.1887019234375 0.5869140625 0.271634615625 0.6357421875 0.346153846875 0.6923828125 0.353365384375 0.7421875 0.3137019234375 0.748046875 0.2223557687500000110 0.6943359375 0.153846153125 0.6396484375 0.153846153125
110 0.6533203125 0.3605769234375 0.6025390625 0.375 0.5849609375 0.5168269234375 0.6005859375 0.533653846875 0.6474609375 0.51201923125 0.6982421875 0.5168269234375 0.7109375 0.43389423125000004 0.69921875 0.390625 0.6533203125 0.3605769234375
110 0.6416015625 0.5168269234375 0.591796875 0.556490384375 0.5771484375 0.6298076921875 0.6044921875 0.689903846875 0.6474609375 0.7043269234375 0.7080078125 0.66826923125 0.7421875 0.587740384375 0.7060546875 0.528846153125 0.6416015625 0.5168269234375
110 0.7060546875 0.6947115390625 0.646484375 0.7295673078125 0.6279296875 0.7980769234375 0.6708984375 0.872596153125 0.7197265625 0.8918269234375 0.748046875 0.8762019234375 0.775390625 0.820913460937500110 0.7578125 0.7295673078125 0.7060546875 0.6947115390625
110 0.5087890625 0.8125 0.478515625 0.8737980765625 0.4677734375 0.95673076875 0.4912109375 110 0.6455078125 0.997596153125 0.64453125 0.8353365390624999 0.6142578125 0.7980769234375 0.5673828125 0.7884615390625 0.5087890625 0.8125
