110 0.4755859375 0.6634615390625 0.5205078125 0.6634615390625 0.60546875 0.6045673078125 0.6220703125 0.53125 0.5947265625 0.48076923125000004 0.5537109375 0.44951923125000004 0.4833984375 0.43990384687499995 0.423828125 0.48918269218750005 0.412109375 0.59735576875 0.4755859375 0.6634615390625
110 0.4931640625 0.91826923125 0.5458984375 0.92548076875 0.5849609375 0.90625 0.609375 0.87139423125 0.6123046875 0.8125 0.59375 0.74639423125 0.5537109375 0.6875 0.484375 0.700721153125 0.458984375 0.8137019234375 0.47265625 0.893028846875 0.4931640625 0.91826923125
110 0.4697265625 0.41826923125000004 0.5107421875 0.4375 0.5498046875 0.43509615312500005 0.6044921875 0.3894230765625 0.6181640625 0.3293269234375 0.5849609375 0.2379807687500000110 0.5009765625 0.1923076921875 0.4462890625 0.21875 0.4140625 0.287259615625 0.427734375 0.368990384375 0.4697265625 0.41826923125000004
110 0.7158203125 0.4615384609375 0.78125 0.400240384375 0.7861328125 0.3389423078125 0.7451171875 0.283653846875 0.7041015625 0.2740384609375 0.638671875 0.3040865390625 0.62109375 0.381009615625 0.6689453125 0.459134615625 0.7158203125 0.4615384609375
110 0.6826171875 0.8076923078125 0.736328125 0.775240384375 0.7626953125 0.6802884609375 0.7392578125 0.64423076875 0.6767578125 0.622596153125 0.6123046875 0.653846153125 0.599609375 0.705528846875 0.615234375 0.763221153125 0.6826171875 0.8076923078125
110 0.3603515625 0.846153846875 0.39453125 0.8112980765625 0.4130859375 0.728365384375 0.3642578125 0.653846153125 0.3076171875 0.646634615625 0.2578125 0.6862980765625 0.251953125 0.77764423125 0.3056640625 0.846153846875 0.3603515625 0.846153846875
110 0.3466796875 0.6394230765625 0.3974609375 0.625 0.4150390625 0.4831730765625 0.3994140625 0.46634615312500005 0.3525390625 0.4879807687499999110 0.3017578125 0.4831730765625 0.2890625 0.56610576875 0.30078125 0.609375 0.3466796875 0.6394230765625
110 0.3583984375 0.4831730765625 0.408203125 0.443509615625 0.4228515625 0.3701923078125 0.3955078125 0.310096153125 0.3525390625 0.2956730765625 0.2919921875 0.33173076875 0.2578125 0.412259615625 0.2939453125 0.47115384687499995 0.3583984375 0.4831730765625
110 0.2939453125 0.3052884609375 0.353515625 0.2704326921875 0.3720703125 0.20192307656250003 0.3291015625 0.127403846875 0.2802734375 0.1081730765625 0.251953125 0.1237980765625 0.224609375 0.1790865390625 0.2421875 0.2704326921875 0.2939453125 0.3052884609375
110 0.4912109375 0.1875 0.521484375 0.1262019234375 0.5322265625 0.04326923125 0.5087890625 110 0.3544921875 0.002403846875 0.35546875 0.1646634609375 0.3857421875 0.20192307656250003 0.4326171875 0.2115384609375 0.4912109375 0.1875
