124 0.21875 0.7046875 0.1125 0.13125
124 0.1609375 0.61875 0.0703125 0.125
124 0.2734375 0.39375 0.296875 0.0890625
124 0.2203125 0.4671875 0.04375 0.0484375
124 0.2546875 0.434375 0.0625 0.0421875
124 0.2765625 0.471875 0.05625 0.04375
124 0.2984375 0.41875 0.059375 0.0359375
124 0.3296875 0.475 0.0734375 0.059375
124 0.4546875 0.4046875 0.071875 0.059375
124 0.4765625 0.453125 0.0640625 0.078125
124 0.571875 0.4484375 0.1296875 0.0875
124 0.6625 0.4109375 0.0640625 0.04375
124 0.7578125 0.46875 0.059375 0.0578125
124 0.7828125 0.5359375 0.08125 0.071875
124 0.7640625 0.4 0.0234375 0.03125
124 0.8515625 0.446875 0.046875 0.04375
124 0.8609375 0.3953125 0.025 0.0234375