273 0.1 0.3015625 0.1859375 0.15
273 0.0875 0.89921875 0.175 0.1640625
273 0.09375 0.696875 0.1859375 0.1640625
273 0.4140625 0.915625 0.196875 0.1640625
273 0.421875 0.7125 0.2 0.165625
273 0.80625 0.1140625 0.2421875 0.1640625
273 0.796875 0.31875 0.2484375 0.1640625
273 0.7859375 0.521875 0.2421875 0.15625
273 0.778125 0.721875 0.2328125 0.1484375
273 0.425 0.5109375 0.1921875 0.1625
273 0.4390625 0.103125 0.184375 0.159375
273 0.434375 0.3140625 0.1921875 0.1625
273 0.771875 0.92109375 0.240625 0.1578125
273 0.09375 0.5046875 0.1875 0.15625
273 0.109375 0.1 0.196875 0.1515625