273 0.121875 0.290625 0.1734375 0.1390625
273 0.128125 0.8875 0.1875 0.1515625
273 0.128125 0.684375 0.1875 0.1515625
273 0.4640625 0.89375 0.1859375 0.1515625
273 0.4625 0.6890625 0.1875 0.1515625
273 0.8171875 0.08125 0.23125 0.15
273 0.81875 0.2859375 0.2359375 0.15
273 0.8171875 0.4890625 0.23125 0.1421875
273 0.81875 0.6890625 0.221875 0.134375
273 0.45625 0.4890625 0.18125 0.1515625
273 0.4515625 0.08125 0.1734375 0.15
273 0.45625 0.2921875 0.18125 0.1515625
273 0.821875 0.8890625 0.228125 0.1453125
273 0.1234375 0.49375 0.18125 0.1453125
273 0.1234375 0.0875 0.1859375 0.1390625