273 0.3 0.128125 0.1359375 0.1671875
273 0.8828125 0.1328125 0.1484375 0.18125
273 0.684375 0.1328125 0.1484375 0.18125
273 0.8890625 0.4609375 0.1484375 0.1796875
273 0.6890625 0.4578125 0.1484375 0.18125
273 0.096875 0.8046875 0.14375 0.225
273 0.2953125 0.8046875 0.14375 0.228125
273 0.49375 0.8046875 0.1390625 0.225
273 0.6890625 0.80625 0.13125 0.21875
273 0.4953125 0.453125 0.1484375 0.175
273 0.096875 0.446875 0.1453125 0.1703125
273 0.3015625 0.453125 0.1484375 0.175
273 0.8859375 0.809375 0.140625 0.2203125
273 0.496875 0.128125 0.1390625 0.175
273 0.1015625 0.128125 0.1359375 0.1796875