273 0.9046875 0.784375 0.190625 0.1765625
273 0.8625 0.14375 0.209375 0.1703125
273 0.875 0.3546875 0.209375 0.190625
273 0.4953125 0.1203125 0.209375 0.18125
273 0.5125 0.340625 0.209375 0.190625
273 0.171875 0.946875 0.25625 0.1046875
273 0.15625 0.76875 0.2625 0.1953125
273 0.14375 0.5484375 0.2609375 0.1875
273 0.128125 0.3328125 0.25 0.1765625
273 0.534375 0.5578125 0.2046875 0.1890625
273 0.5625 0.953125 0.196875 0.09375
273 0.546875 0.771875 0.2046875 0.1890625
273 0.1203125 0.1140625 0.2390625 0.1875
273 0.89375 0.5625 0.203125 0.1796875
273 0.9078125 0.95546875 0.184375 0.0890625