223 0.2453125 0.346875 0.1046875 0.0515625
223 0.5 0.3859375 0.0796875 0.0515625
223 0.4984375 0.4953125 0.075 0.0515625
223 0.496875 0.63125 0.078125 0.0359375
223 0.4953125 0.8 0.0671875 0.0359375
223 0.746875 0.365625 0.0703125 0.0359375
223 0.66875 0.1375 0.040625 0.028125
223 0.71875 0.1109375 0.04375 0.034375
223 0.2234375 0.6125 0.165625 0.6234375
223 0.478125 0.3796875 0.296875 0.1046875
223 0.4765625 0.4875 0.2984375 0.0921875
223 0.4703125 0.6234375 0.3 0.13125
223 0.475 0.7859375 0.2953125 0.0984375
223 0.725 0.621875 0.1421875 0.5296875
223 0.63125 0.0984375 0.1140625 0.1375
223 0.775 0.08125 0.1484375 0.0859375
223 0.8421875 0.640625 0.0421875 0.640625