223 0.3140625 0.340625 0.0203125 0.0203125
223 0.34375 0.7359375 0.0234375 0.025
223 0.34375 0.828125 0.0171875 0.025
223 0.83125 0.3390625 0.0171875 0.0203125
223 0.9796875 0.7484375 0.0234375 0.021875
223 0.4953125 0.175 0.015625 0.0234375
223 0.453125 0.1671875 0.0171875 0.021875
223 0.228125 0.25625 0.19375 0.2421875
223 0.4171875 0.16875 0.1109375 0.059375
223 0.5265625 0.16875 0.1015625 0.0734375
223 0.6359375 0.2421875 0.1140625 0.203125
223 0.7859375 0.2625 0.1171875 0.2
223 0.321875 0.7375 0.1609375 0.0625
223 0.334375 0.828125 0.1546875 0.0734375
223 0.7671875 0.7109375 0.0703125 0.228125
223 0.91875 0.73125 0.1484375 0.0921875
