223 0.4703125 0.509375 0.1359375 0.028125
223 0.4703125 0.596875 0.1328125 0.0296875
223 0.4796875 0.7390625 0.1328125 0.028125
223 0.1125 0.55 0.1078125 0.01875
223 0.1234375 0.63125 0.10625 0.0328125
223 0.1375 0.7265625 0.0984375 0.0203125
223 0.146875 0.8046875 0.0953125 0.0328125
223 0.98125 0.6484375 0.0359375 0.025
223 0.9859375 0.4484375 0.0265625 0.0171875
223 0.221875 0.1546875 0.0171875 0.04375
223 0.6015625 0.1453125 0.009375 0.03125
223 0.4578125 0.5203125 0.41875 0.046875
223 0.46875 0.6328125 0.403125 0.0953125
223 0.48125 0.759375 0.3875 0.09375
223 0.9703125 0.66875 0.059375 0.0921875
223 0.9734375 0.525 0.053125 0.18125
223 0.128125 0.5578125 0.234375 0.0625
223 0.13125 0.6390625 0.2375 0.0640625
223 0.1359375 0.725 0.246875 0.06875
223 0.15 0.81875 0.228125 0.0984375
223 0.13125 0.1625 0.2625 0.059375
223 0.6921875 0.1453125 0.215625 0.0390625
