223 0.3796875 0.56875 0.0171875 0.0390625
223 0.284375 0.5828125 0.0171875 0.0359375
223 0.25 0.5875 0.01875 0.04375
223 0.840625 0.5125 0.0421875 0.0265625
223 0.5421875 0.4453125 0.109375 0.0265625
223 0.6171875 0.5203125 0.0125 0.0296875
223 0.6328125 0.3421875 0.0078125 0.0234375
223 0.6453125 0.3421875 0.0125 0.025
223 0.721875 0.4984375 0.0125 0.034375
223 0.66875 0.50625 0.084375 0.0265625
223 0.615625 0.328125 0.0453125 0.06875
223 0.659375 0.3296875 0.04375 0.0671875
223 0.7296875 0.5203125 0.04375 0.096875
223 0.609375 0.5546875 0.01875 0.1109375
223 0.421875 0.6046875 0.1109375 0.128125
223 0.3171875 0.6359375 0.0953125 0.1640625
223 0.2234375 0.6046875 0.075 0.0828125
