124 0.0328125 0.384375 0.065625 0.1171875
124 0.05 0.6109375 0.0984375 0.165625
124 0.128125 0.7109375 0.2546875 0.240625
124 0.140625 0.4859375 0.28125 0.221875
124 0.15 0.2953125 0.1671875 0.2
124 0.1734375 0.6 0.134375 0.1296875
124 0.25625 0.2390625 0.109375 0.1421875
124 0.3515625 0.6484375 0.2796875 0.2765625
124 0.3515625 0.3859375 0.2046875 0.228125
124 0.3796875 0.2578125 0.221875 0.1796875
124 0.5484375 0.5 0.23125 0.225
124 0.603125 0.721875 0.2796875 0.159375
124 0.5921875 0.2875 0.240625 0.1984375
124 0.625 0.4328125 0.134375 0.1421875
124 0.771875 0.571875 0.2203125 0.24375
124 0.7765625 0.440625 0.1890625 0.109375
124 0.7859375 0.371875 0.140625 0.1015625
124 0.9 0.3171875 0.196875 0.15625
124 0.8890625 0.434375 0.10625 0.1265625
