223 0.7109375 0.6796875 0.053125 0.0171875
223 0.7046875 0.7578125 0.0453125 0.0265625
223 0.7015625 0.8375 0.04375 0.0203125
223 0.70625 0.684375 0.184375 0.0578125
223 0.7015625 0.7640625 0.1765625 0.0703125
223 0.7015625 0.8328125 0.18125 0.071875
223 0.6875 0.2921875 0.028125 0.2796875
223 0.6484375 0.30625 0.0328125 0.259375
223 0.4328125 0.334375 0.0828125 0.1453125
223 0.5046875 0.3359375 0.0359375 0.15625
223 0.540625 0.3328125 0.0359375 0.175
223 0.08125 0.21875 0.021875 0.1140625
223 0.10625 0.2359375 0.028125 0.1171875
223 0.0875 0.2484375 0.0171875 0.040625
223 0.1 0.2625 0.015625 0.0328125