110 0.4098557687499999110 0.607421875 0.361778846875 0.611328125 0.25 0.6982421875 0.252403846875 0.7392578125 0.2764423078125 0.7685546875 0.34375 0.7880859375 0.4050480765625 0.76953125 0.43990384687499995 0.7119140625 0.4447115390625 0.6572265625 0.4098557687499999110 0.607421875
110 0.1286057687500000110 0.638671875 0.05528846093749999 0.6904296875 0.036057692187500004 0.7392578125 0.0829326921875 0.798828125 0.16826923124999998 0.8076171875 0.2259615390625 0.7763671875 0.2427884609375 0.6962890625 0.2103365390625 0.66015625 0.1286057687500000110 0.638671875
110 0.1983173078125 0.515625 0.125 0.5634765625 0.11778846093749999 0.6044921875 0.1358173078125 0.6328125 0.2451923078125 0.6572265625 0.299278846875 0.638671875 0.34375 0.5888671875 0.337740384375 0.521484375 0.1983173078125 0.515625
110 0.55889423125 0.65234375 0.44951923125000004 0.7080078125 0.41105769218750005 0.7744140625 0.415865384375 0.8154296875 0.4411057687499999110 0.84375 0.55048076875 0.8603515625 0.59375 0.8427734375 0.6201923078125 0.7958984375 0.615384615625 0.7236328125 0.55889423125 0.65234375
110 0.669471153125 0.583984375 0.61298076875 0.6611328125 0.625 0.7529296875 0.671875 0.779296875 0.7355769234375 0.7822265625 0.805288460937500110 0.7451171875 0.810096153125 0.6806640625 0.7608173078125 0.626953125 0.669471153125 0.583984375
110 0.4050480765625 0.509765625 0.3581730765625 0.5556640625 0.353365384375 0.5947265625 0.4146634609375 0.60546875 0.45552884687499995 0.65625 0.5048076921875 0.6591796875 0.5625 0.6162109375 0.5697115390625 0.5556640625 0.48197115312500005 0.515625 0.4050480765625 0.509765625
110 0.3665865390625 0.36328125 0.3581730765625 0.4287109375 0.40144230781249995 0.5048828125 0.509615384375 0.5185546875 0.5264423078125 0.5048828125 0.48076923125000004 0.4638671875 0.478365384375 0.4013671875 0.3665865390625 0.36328125
110 0.2415865390625 0.39453125 0.189903846875 0.4541015625 0.197115384375 0.4892578125 0.21995192343749997 0.509765625 0.3365384609375 0.5166015625 0.365384615625 0.4697265625 0.3509615390625 0.4072265625 0.296875 0.38671875 0.2415865390625 0.39453125
110 0.30889423125 0.2421875 0.2415865390625 0.248046875 0.2091346156250000110 0.2763671875 0.2115384609375 0.3603515625 0.2572115390625 0.3837890625 0.337740384375 0.376953125 0.3798076921875 0.3369140625 0.3701923078125 0.2822265625 0.30889423125 0.2421875
110 0.5 0.3818359375 0.478365384375 0.4541015625 0.5228365390625 0.494140625 0.5865384609375 0.5048828125 0.67548076875 0.4326171875 0.65625 0.3798828125 0.5829326921875 0.3359375 0.5 0.3818359375
110 0.7668269234375 0.5224609375 0.724759615625 0.48828125 0.671875 0.478515625 0.5865384609375 0.5224609375 0.58173076875 0.5888671875 0.6322115390625 0.6201171875 0.669471153125 0.58203125 0.7199519234375 0.60546875 0.76201923125 0.5830078125 0.7668269234375 0.5224609375
110 0.861778846875 0.533203125 0.787259615625 0.560546875 0.771634615625 0.6005859375 0.8173076921875 0.6826171875 0.875 0.6943359375 0.9519230765625 0.6591796875 0.96875 0.6005859375 0.94110576875 0.556640625 0.861778846875 0.533203125
