110 0.75 0.3017578125 0.747596153125 0.2607421875 0.7235576921875 0.2314453125 0.65625 0.2119140625 0.5949519234375 0.23046875 0.560096153125 0.2880859375 0.5552884609375 0.3427734375 0.59014423125 0.392578125 0.638221153125 0.388671875 0.75 0.3017578125
110 0.9639423078125 0.2607421875 0.9170673078125 0.201171875 0.83173076875 0.1923828125 0.7740384609375 0.2236328125 0.7572115390625 0.3037109375 0.7896634609375 0.33984375 0.87139423125 0.361328125 0.9447115390624999 0.3095703125 0.9639423078125 0.2607421875
110 0.8822115390624999 0.3955078125 0.8641826921875 0.3671875 0.7548076921875 0.3427734375 0.700721153125 0.361328125 0.65625 0.4111328125 0.662259615625 0.478515625 0.8016826921875 0.484375 0.875 0.4365234375 0.8822115390624999 0.3955078125
110 0.5889423078125 0.2255859375 0.584134615625 0.1845703125 0.55889423125 0.15625 0.44951923125000004 0.1396484375 0.40625 0.1572265625 0.3798076921875 0.2041015625 0.384615384375 0.2763671875 0.4411057687499999110 0.34765625 0.55048076875 0.2919921875 0.5889423078125 0.2255859375
110 0.375 0.2470703125 0.328125 0.220703125 0.2644230765625 0.2177734375 0.1947115390625 0.2548828125 0.189903846875 0.3193359375 0.2391826921875 0.373046875 0.330528846875 0.416015625 0.38701923125 0.3388671875 0.375 0.2470703125
110 0.646634615625 0.4052734375 0.5853365390625 0.39453125 0.544471153125 0.34375 0.49519230781249995 0.3408203125 0.4375 0.3837890625 0.4302884609375 0.4443359375 0.518028846875 0.484375 0.5949519234375 0.490234375 0.6418269234375 0.4443359375 0.646634615625 0.4052734375
110 0.5985576921875 0.4951171875 0.490384615625 0.4814453125 0.47355769218750005 0.4951171875 0.51923076875 0.5361328125 0.521634615625 0.5986328125 0.6334134609375 0.63671875 0.6418269234375 0.5712890625 0.5985576921875 0.4951171875
110 0.8028846156249999 0.5107421875 0.7800480765625 0.490234375 0.6634615390625 0.4833984375 0.634615384375 0.5302734375 0.6490384609375 0.5927734375 0.703125 0.61328125 0.7584134609375 0.60546875 0.810096153125 0.5458984375 0.8028846156249999 0.5107421875
110 0.790865384375 0.7236328125 0.7884615390625 0.6396484375 0.7427884609375 0.6162109375 0.662259615625 0.623046875 0.6201923078125 0.6630859375 0.6298076921875 0.7177734375 0.69110576875 0.7578125 0.7584134609375 0.751953125 0.790865384375 0.7236328125
110 0.4771634609375 0.505859375 0.4134615390625 0.4951171875 0.32451923125 0.5673828125 0.34375 0.6201171875 0.41706730781249995 0.6640625 0.5 0.6181640625 0.521634615625 0.5458984375 0.4771634609375 0.505859375
110 0.328125 0.521484375 0.4134615390625 0.4775390625 0.41826923125000004 0.4111328125 0.3677884609375 0.3798828125 0.330528846875 0.41796875 0.2800480765625 0.39453125 0.2379807687500000110 0.4169921875 0.23317307656250003 0.4775390625 0.275240384375 0.51171875 0.328125 0.521484375
110 0.22836538437499998 0.3994140625 0.1826923078125 0.3173828125 0.125 0.3056640625 0.0480769234375 0.3408203125 0.03125 0.3994140625 0.05889423125 0.443359375 0.138221153125 0.466796875 0.21274038437499998 0.439453125 0.22836538437499998 0.3994140625
