273 0.18125 0.0453125 0.078125 0.090625
273 0.0546875 0.04375 0.08125 0.0875
273 0.9234375 0.6984375 0.0859375 0.134375
273 0.925 0.496875 0.0859375 0.13125
273 0.9234375 0.9 0.0828125 0.1359375
273 0.80625 0.9015625 0.08125 0.1359375
273 0.690625 0.90625 0.0828125 0.1359375
273 0.5671875 0.903125 0.08125 0.1359375
273 0.4453125 0.903125 0.08125 0.1359375
273 0.4453125 0.7 0.08125 0.1296875
273 0.5671875 0.7 0.08125 0.1296875
273 0.6875 0.7015625 0.08125 0.1296875
273 0.690625 0.496875 0.08125 0.1296875
273 0.56875 0.496875 0.08125 0.1296875
273 0.4453125 0.5015625 0.08125 0.1296875
273 0.059375 0.865625 0.0859375 0.1171875
273 0.1828125 0.871875 0.0859375 0.1171875
273 0.3015625 0.865625 0.0859375 0.1171875
273 0.3 0.65625 0.078125 0.1078125
273 0.18125 0.6546875 0.078125 0.1078125
273 0.0625 0.653125 0.078125 0.1078125
273 0.0578125 0.4484375 0.0734375 0.1046875
273 0.184375 0.4453125 0.0734375 0.1046875
273 0.3 0.4453125 0.06875 0.1046875
273 0.2984375 0.2421875 0.0734375 0.1140625
273 0.18125 0.2421875 0.08125 0.11875
273 0.059375 0.240625 0.08125 0.11875
273 0.56875 0.2953125 0.08125 0.1296875
273 0.4453125 0.2953125 0.08125 0.1296875
273 0.6921875 0.296875 0.08125 0.1296875
273 0.690625 0.0953125 0.08125 0.1296875
273 0.5703125 0.096875 0.08125 0.1296875
273 0.4453125 0.096875 0.08125 0.1296875
273 0.303125 0.0484375 0.08125 0.0953125
273 0.8046875 0.0953125 0.0859375 0.1359375
273 0.9265625 0.090625 0.0859375 0.1359375
273 0.925 0.2953125 0.0859375 0.1359375
273 0.8046875 0.29375 0.0859375 0.1359375
273 0.80625 0.496875 0.0859375 0.1359375
273 0.80625 0.7 0.0859375 0.1359375