273 0.8375 0.8578125 0.1734375 0.115625
273 0.825 0.16875 0.1921875 0.1234375
273 0.821875 0.290625 0.1953125 0.1203125
273 0.4328125 0.6265625 0.1875 0.1203125
273 0.45625 0.853125 0.15 0.1109375
273 0.075 0.296875 0.1484375 0.1171875
273 0.075 0.178125 0.1484375 0.1203125
273 0.459375 0.0125 0.15 0.0203125
273 0.4328125 0.50625 0.1875 0.1203125
273 0.075 0.6234375 0.15 0.1203125
273 0.4375 0.171875 0.1921875 0.125
273 0.0796875 0.503125 0.159375 0.1203125
273 0.825 0.509375 0.196875 0.1234375
273 0.09375 0.840625 0.125 0.1140625
273 0.434375 0.290625 0.1921875 0.11875
273 0.821875 0.63125 0.196875 0.125
