273 0.1515625 0.828125 0.109375 0.1625
273 0.8078125 0.815625 0.1140625 0.18125
273 0.9875 0.83125 0.01875 0.171875
273 0.690625 0.8140625 0.1140625 0.184375
273 0.371875 0.44375 0.1140625 0.1765625
273 0.1578125 0.465625 0.1046875 0.1390625
273 0.684375 0.0875 0.109375 0.1625
273 0.7984375 0.0875 0.109375 0.165625
273 0.98125 0.121875 0.0328125 0.109375
273 0.971875 0.46875 0.05 0.1390625
273 0.4875 0.44375 0.1140625 0.1765625
273 0.3734375 0.090625 0.109375 0.1625
273 0.8046875 0.4484375 0.11875 0.18125
273 0.4875 0.0953125 0.109375 0.1671875
273 0.4828125 0.8171875 0.1140625 0.1875
273 0.16875 0.1203125 0.1078125 0.11875
273 0.6921875 0.4453125 0.109375 0.18125
273 0.3671875 0.815625 0.1171875 0.1875
