273 0.1609375 0.1421875 0.1734375 0.115625
273 0.1734375 0.83125 0.1921875 0.1234375
273 0.175 0.709375 0.1953125 0.1203125
273 0.565625 0.3734375 0.1875 0.1203125
273 0.540625 0.146875 0.15 0.1109375
273 0.925 0.7015625 0.15 0.11875
273 0.925 0.821875 0.15 0.1203125
273 0.5375 0.9875 0.1484375 0.021875
273 0.565625 0.49375 0.1875 0.1203125
273 0.921875 0.3765625 0.1515625 0.1234375
273 0.559375 0.828125 0.1921875 0.125
273 0.91875 0.496875 0.159375 0.1234375
273 0.171875 0.490625 0.196875 0.121875
273 0.903125 0.159375 0.125 0.1140625
273 0.5625 0.709375 0.1921875 0.11875
273 0.175 0.36875 0.196875 0.125
