273 0.0984375 0.971875 0.1234375 0.0515625
273 0.5640625 0.434375 0.196875 0.2703125
273 0.3015625 0.1078125 0.1515625 0.2125
273 0.565625 0.0921875 0.2015625 0.18125
273 0.8609375 0.065625 0.1734375 0.128125
273 0.85 0.4328125 0.1828125 0.2640625
273 0.85 0.8765625 0.1828125 0.2453125
273 0.5671875 0.8453125 0.1953125 0.29375
273 0.3 0.7984375 0.1515625 0.2515625
273 0.0953125 0.759375 0.1203125 0.221875
273 0.09375 0.440625 0.1203125 0.2078125
273 0.3015625 0.4375 0.15 0.2359375
273 0.096875 0.1296875 0.1203125 0.221875
