273 0.059375 0.840625 0.0375 0.084375
273 0.6 0.4390625 0.2875 0.321875
273 0.41171875 0.084375 0.2140625 0.16875
273 0.678125 0.1125 0.2546875 0.2171875
273 0.9375 0.1671875 0.125 0.1546875
273 0.875 0.515625 0.25 0.3140625
273 0.78125 0.9 0.259375 0.1921875
273 0.509375 0.834375 0.290625 0.3265625
273 0.2515625 0.7234375 0.2359375 0.29375
273 0.090625 0.628125 0.1265625 0.253125
273 0.128125 0.315625 0.1890625 0.2390625
273 0.3375 0.36875 0.228125 0.2765625
273 0.20625 0.0671875 0.1875 0.134375