273 0.9109375 0.034375 0.1265625 0.0625
273 0.4296875 0.5953125 0.2015625 0.278125
273 0.7 0.9109375 0.15625 0.171875
273 0.428125 0.9265625 0.2109375 0.140625
273 0.1234375 0.95625 0.175 0.0828125
273 0.1328125 0.596875 0.1875 0.2734375
273 0.1328125 0.1328125 0.1875 0.2640625
273 0.425 0.1703125 0.2015625 0.3015625
273 0.7015625 0.21875 0.1578125 0.2609375
273 0.9140625 0.259375 0.125 0.2296875
273 0.9140625 0.5890625 0.125 0.2125
273 0.7 0.5921875 0.153125 0.24375
273 0.9125 0.896875 0.1265625 0.2015625
