84 0.834375 0.0703125 0.1578125 0.140625
84 0.925 0.2078125 0.14375 0.15625
84 0.921875 0.540625 0.15 0.14375
84 0.83125 0.3984375 0.2203125 0.171875
84 0.625 0.1390625 0.1625 0.14375
84 0.9171875 0.93125 0.1609375 0.13125
84 0.8625 0.8015625 0.19375 0.15
84 0.746875 0.6671875 0.1921875 0.1890625
84 0.5609375 0.415625 0.184375 0.1671875
84 0.465625 0.2875 0.175 0.165625
84 0.3640625 0.1625 0.1609375 0.1265625
84 0.2625 0.0515625 0.1984375 0.103125
84 0.7015625 0.9375 0.1625 0.11875
84 0.596875 0.815625 0.1796875 0.171875
84 0.4875 0.671875 0.1703125 0.15625
84 0.378125 0.5234375 0.15 0.14375
84 0.2765625 0.378125 0.1765625 0.15625
84 0.16875 0.23125 0.1703125 0.165625
84 0.0609375 0.078125 0.121875 0.140625
84 0.440625 0.9203125 0.203125 0.153125
84 0.3328125 0.7796875 0.165625 0.15625
84 0.2046875 0.6359375 0.1765625 0.1796875
84 0.0828125 0.478125 0.15 0.153125
84 0.153125 0.878125 0.19375 0.15
84 0.0453125 0.73125 0.090625 0.14375
