240 0.496875 0.8171875 0.5796875 0.0484375
240 0.49375 0.921875 0.6515625 0.040625
240 0.575 0.7328125 0.396875 0.0453125
240 0.565625 0.6625 0.359375 0.034375
240 0.565625 0.603125 0.3296875 0.04375
240 0.5578125 0.553125 0.3203125 0.0328125
240 0.559375 0.5015625 0.2828125 0.03125
240 0.553125 0.4640625 0.2734375 0.034375
240 0.546875 0.43125 0.2640625 0.021875
240 0.55 0.4 0.240625 0.021875
240 0.5453125 0.375 0.234375 0.025
240 0.54375 0.346875 0.21875 0.021875
240 0.5421875 0.325 0.209375 0.021875
240 0.540625 0.303125 0.1984375 0.01875
240 0.5375 0.284375 0.190625 0.0171875
240 0.5359375 0.265625 0.184375 0.0140625
240 0.5390625 0.25 0.178125 0.0140625
240 0.534375 0.2359375 0.175 0.0125
240 0.534375 0.2078125 0.159375 0.0109375
240 0.534375 0.221875 0.1625 0.0078125