84 0.23125 0.1109375 0.1765625 0.1875
84 0.434375 0.203125 0.2296875 0.2375
84 0.6390625 0.3015625 0.2109375 0.2078125
84 0.8703125 0.3953125 0.1875 0.203125
84 0.915625 0.1 0.1578125 0.15625
84 0.228125 0.43125 0.1578125 0.175
84 0.0640625 0.3359375 0.121875 0.1625
84 0.409375 0.528125 0.19375 0.2015625
84 0.584375 0.5953125 0.1484375 0.1703125
84 0.7484375 0.7015625 0.2375 0.2203125
84 0.925 0.7890625 0.1359375 0.134375
84 0.4921875 0.903125 0.203125 0.165625
84 0.290625 0.8265625 0.196875 0.2015625
84 0.0921875 0.728125 0.175 0.1671875
