273 0.071875 0.0875 0.14375 0.0859375
273 0.3359375 0.0515625 0.26875 0.0921875
273 0.36875 0.2828125 0.2859375 0.1578125
273 0.096875 0.30625 0.1921875 0.153125
273 0.6953125 0.24375 0.2875 0.16875
273 0.921875 0.2125 0.096875 0.140625
273 0.665625 0.0375 0.28125 0.0515625
273 0.11875 0.575 0.23125 0.1578125
273 0.40625 0.54375 0.2875 0.16875
273 0.728125 0.5 0.2875 0.16875
273 0.95625 0.471875 0.0875 0.140625
273 0.975 0.7296875 0.05 0.140625
273 0.76875 0.7625 0.2875 0.16875
273 0.4375 0.79375 0.2875 0.16875
273 0.15 0.83125 0.225 0.1609375
273 0.4640625 0.9859375 0.2890625 0.028125
273 0.8 0.96875 0.278125 0.0609375
273 0.99375 0.940625 0.0125 0.0390625
