273 0.0453125 0.1109375 0.090625 0.2203125
273 0.946875 0.1125 0.0984375 0.2234375
273 0.95 0.3984375 0.0953125 0.2296875
273 0.721875 0.396875 0.1 0.234375
273 0.7265625 0.1171875 0.103125 0.234375
273 0.721875 0.6859375 0.109375 0.2375
273 0.7234375 0.925 0.109375 0.14375
273 0.9453125 0.9234375 0.103125 0.140625
273 0.946875 0.6875 0.1 0.2390625
273 0.4921875 0.1171875 0.109375 0.2328125
273 0.4921875 0.396875 0.109375 0.2375
273 0.496875 0.6796875 0.109375 0.234375
273 0.4921875 0.9234375 0.1125 0.140625
273 0.26875 0.925 0.1125 0.14375
273 0.2671875 0.6828125 0.109375 0.2375
273 0.271875 0.39375 0.109375 0.234375
273 0.26875 0.1125 0.109375 0.225
273 0.0453125 0.3875 0.090625 0.246875
273 0.04375 0.6828125 0.0859375 0.2375
273 0.046875 0.925 0.09375 0.14375
