273 0.96484375 0.125 0.0703125 0.05625
273 0.7375 0.06875 0.265625 0.08125
273 0.715625 0.284375 0.290625 0.1671875
273 0.9390625 0.325 0.121875 0.1546875
273 0.390625 0.215625 0.2953125 0.1765625
273 0.13125 0.1609375 0.1671875 0.153125
273 0.4125 0.028125 0.278125 0.040625
273 0.9234375 0.5875 0.153125 0.1609375
273 0.6828125 0.5375 0.2953125 0.1765625
273 0.3640625 0.46875 0.2953125 0.1765625
273 0.1 0.4140625 0.165625 0.159375
273 0.090625 0.665625 0.1203125 0.1578125
273 0.3296875 0.7234375 0.2953125 0.1765625
273 0.6578125 0.784375 0.2953125 0.1765625
273 0.9125 0.8375 0.1734375 0.15625
273 0.63125 0.975 0.296875 0.05
273 0.303125 0.94375 0.28125 0.1078125
273 0.08125 0.8875 0.075 0.0859375