223 0.571875 0.3546875 0.009375 0.0609375
223 0.5609375 0.3578125 0.015625 0.0578125
223 0.509375 0.3578125 0.0046875 0.0546875
223 0.5015625 0.3609375 0.009375 0.0515625
223 0.3484375 0.4765625 0.0234375 0.0125
223 0.5875 0.3 0.0359375 0.1875
223 0.5515625 0.30625 0.034375 0.1828125
223 0.528125 0.3109375 0.028125 0.1609375
223 0.4984375 0.3109375 0.025 0.15
223 0.3984375 0.3140625 0.028125 0.128125
223 0.3796875 0.31875 0.015625 0.121875
223 0.3390625 0.521875 0.0109375 0.08125
223 0.353125 0.53125 0.0140625 0.0796875
223 0.35 0.478125 0.0328125 0.0265625
223 0.3796875 0.521875 0.025 0.0484375
223 0.4109375 0.5234375 0.028125 0.04375
223 0.9828125 0.4625 0.025 0.0578125
223 0.9828125 0.384375 0.034375 0.071875
223 0.6359375 0.29375 0.0546875 0.184375
