84 0.0703125 0.6953125 0.134375 0.15625
84 0.096875 0.559375 0.1609375 0.1625
84 0.1015625 0.4 0.175 0.13125
84 0.1296875 0.265625 0.153125 0.1453125
84 0.146875 0.0984375 0.1765625 0.18125
84 0.259375 0.728125 0.1625 0.1484375
84 0.2421875 0.9046875 0.171875 0.1609375
84 0.2796875 0.575 0.140625 0.15
84 0.30625 0.434375 0.1796875 0.153125
84 0.346875 0.275 0.1671875 0.1703125
84 0.3625 0.121875 0.1796875 0.165625
84 0.56875 0.05 0.1453125 0.0984375
84 0.5515625 0.1765625 0.184375 0.165625
84 0.528125 0.321875 0.171875 0.14375
84 0.5125 0.459375 0.1796875 0.1484375
84 0.496875 0.596875 0.1796875 0.1484375
84 0.4671875 0.7390625 0.1453125 0.1265625
84 0.4578125 0.8734375 0.1796875 0.165625
84 0.6921875 0.8515625 0.153125 0.134375
84 0.890625 0.8609375 0.15625 0.1484375
84 0.6953125 0.7015625 0.1609375 0.14375
84 0.903125 0.6890625 0.153125 0.1359375
84 0.7046875 0.51875 0.134375 0.15625
84 0.928125 0.5296875 0.14375 0.15625
84 0.7265625 0.3609375 0.153125 0.153125
84 0.9375 0.346875 0.125 0.14375
84 0.7578125 0.1953125 0.184375 0.1359375
84 0.934375 0.1484375 0.1296875 0.1890625
