89 0.621875 0.659375 0.078125 0.103125
89 0.525 0.584375 0.0546875 0.0953125
89 0.54375 0.45 0.0625 0.1453125
89 0.6328125 0.55 0.05 0.1046875
89 0.690625 0.59375 0.04375 0.1015625
89 0.5765625 0.2984375 0.0625 0.15
89 0.6125 0.221875 0.046875 0.1171875
89 0.609375 0.446875 0.046875 0.1015625
89 0.690625 0.459375 0.059375 0.15625
89 0.665625 0.253125 0.0390625 0.075
89 0.78125 0.23125 0.05625 0.13125
89 0.6609375 0.3484375 0.04375 0.096875
89 0.728125 0.2 0.0359375 0.0765625
89 0.7 0.3234375 0.0359375 0.0890625
89 0.7359375 0.58125 0.053125 0.1234375
89 0.7359375 0.378125 0.040625 0.1
89 0.7125 0.234375 0.034375 0.0734375
89 0.821875 0.325 0.028125 0.0796875
89 0.753125 0.4796875 0.040625 0.1171875
89 0.753125 0.2875 0.028125 0.0796875
89 0.86875 0.39375 0.0328125 0.096875
89 0.828125 0.5 0.0328125 0.1109375
89 0.778125 0.36875 0.034375 0.0859375
89 0.8703125 0.509375 0.0296875 0.0890625
89 0.7984375 0.41875 0.0359375 0.09375
