99 0.3375 0.628125 0.1828125 0.2390625
99 0.40546875 0.828125 0.17109375 0.23359375
99 0.52265625 0.71953125 0.16015625 0.1609375
99 0.69140625 0.6609375 0.33125 0.271875
99 0.5625 0.50546875 0.165625 0.1609375
99 0.14609375 0.696875 0.25703125 0.18359375
99 0.6171875 0.9109375 0.165625 0.128125
99 0.70859375 0.875 0.1828125 0.13359375
99 0.45703125 0.55 0.12578125 0.2
99 0.37109375 0.3640625 0.22265625 0.221875
99 0.58828125 0.353125 0.165625 0.25546875
99 0.7515625 0.471875 0.30859375 0.16640625
99 0.24609375 0.425 0.2625 0.15546875
