89 0.071875 0.353125 0.0203125 0.040625
89 0.2375 0.2171875 0.04375 0.0578125
89 0.2875 0.1375 0.0375 0.0890625
89 0.5 0.103125 0.0375 0.103125
89 0.521875 0.14375 0.0359375 0.0734375
89 0.440625 0.2125 0.0515625 0.10625
89 0.246875 0.521875 0.034375 0.09375
89 0.203125 0.55625 0.0390625 0.0890625
89 0.1828125 0.5921875 0.0375 0.084375
89 0.1015625 0.70625 0.028125 0.090625
89 0.31875 0.465625 0.0453125 0.0921875
89 0.3375 0.534375 0.053125 0.0859375
89 0.2828125 0.675 0.0359375 0.10625
89 0.3203125 0.796875 0.0453125 0.084375
89 0.3125 0.725 0.0390625 0.0765625
89 0.378125 0.5703125 0.0375 0.0859375
89 0.421875 0.5890625 0.0546875 0.1265625
89 0.4375 0.8625 0.0828125 0.175
89 0.5015625 0.6984375 0.046875 0.090625
89 0.49375 0.61875 0.04375 0.090625
89 0.4921875 0.490625 0.0484375 0.1046875
89 0.5390625 0.409375 0.084375 0.1703125
89 0.590625 0.34375 0.0609375 0.125
89 0.6 0.534375 0.053125 0.1140625
89 0.634375 0.08125 0.05 0.1171875
89 0.65 0.2546875 0.0546875 0.0859375
89 0.7265625 0.1875 0.0515625 0.1
89 0.6609375 0.403125 0.0546875 0.1078125
89 0.609375 0.6125 0.0421875 0.0671875
89 0.6796875 0.7234375 0.0734375 0.10625
89 0.634375 0.68125 0.05 0.08125
89 0.7375 0.7125 0.0734375 0.1265625
89 0.734375 0.3125 0.05 0.0984375
89 0.778125 0.234375 0.0515625 0.0953125
89 0.775 0.41875 0.0609375 0.1171875
89 0.8421875 0.3203125 0.084375 0.125
89 0.85 0.5734375 0.078125 0.128125
89 0.8984375 0.403125 0.0890625 0.1421875
89 0.8875 0.71875 0.0796875 0.146875
89 0.825 0.725 0.0578125 0.109375
89 0.1734375 0.29375 0.0390625 0.1453125
89 0.25625 0.41875 0.0453125 0.0703125
