89 0.015625 0.85 0.0234375 0.0640625
89 0.05 0.7671875 0.0484375 0.109375
89 0.0671875 0.875 0.0375 0.084375
89 0.0875 0.740625 0.021875 0.075
89 0.0921875 0.671875 0.0265625 0.0609375
89 0.0953125 0.5375 0.0171875 0.0984375
89 0.1453125 0.546875 0.0328125 0.090625
89 0.15625 0.653125 0.04375 0.08125
89 0.115625 0.753125 0.025 0.1015625
89 0.1140625 0.859375 0.034375 0.10625
89 0.1671875 0.759375 0.0296875 0.090625
89 0.140625 0.81875 0.025 0.075
89 0.190625 0.6875 0.025 0.084375
89 0.1859375 0.853125 0.0234375 0.0671875
89 0.20625 0.85 0.0265625 0.08125
89 0.2046875 0.890625 0.0453125 0.0953125
89 0.23125 0.8375 0.0296875 0.096875
89 0.21875 0.603125 0.0203125 0.09375
89 0.23125 0.590625 0.021875 0.0859375
89 0.234375 0.521875 0.0390625 0.084375
89 0.2015625 0.434375 0.0296875 0.109375
89 0.146875 0.38125 0.025 0.0984375
89 0.1890625 0.3125 0.0203125 0.090625
89 0.2328125 0.346875 0.025 0.10625
89 0.25 0.4484375 0.0390625 0.08125
89 0.290625 0.378125 0.03125 0.078125
89 0.275 0.21875 0.0390625 0.1078125
89 0.359375 0.0984375 0.046875 0.0953125
89 0.3640625 0.153125 0.053125 0.128125
89 0.3640625 0.31875 0.053125 0.1078125
89 0.334375 0.41875 0.034375 0.10625
89 0.2921875 0.6375 0.03125 0.0828125
89 0.2625 0.69375 0.0296875 0.0859375
89 0.3484375 0.65625 0.0390625 0.096875
89 0.2984375 0.7375 0.040625 0.09375
89 0.2671875 0.765625 0.0390625 0.1
89 0.2828125 0.9 0.0296875 0.0703125
89 0.296875 0.8390625 0.0359375 0.1171875
89 0.34375 0.759375 0.040625 0.1171875
89 0.346875 0.5375 0.0609375 0.115625
89 0.39375 0.496875 0.0578125 0.1328125
89 0.39375 0.753125 0.0578125 0.140625
89 0.39375 0.6140625 0.0609375 0.1203125
89 0.4546875 0.4875 0.0625 0.1421875
89 0.3875 0.875 0.05 0.1
89 0.4328125 0.390625 0.0484375 0.0796875
89 0.4296875 0.303125 0.065625 0.140625
89 0.490625 0.409375 0.046875 0.0828125
89 0.50625 0.29375 0.0609375 0.1359375
89 0.490625 0.178125 0.053125 0.10625
89 0.4625 0.0875 0.046875 0.103125
89 0.43125 0.66875 0.0515625 0.1421875
89 0.48125 0.840625 0.0546875 0.109375
89 0.4625 0.753125 0.0375 0.0875
89 0.49375 0.546875 0.0625 0.121875
89 0.565625 0.153125 0.06875 0.1390625
89 0.58125 0.284375 0.065625 0.109375
89 0.575 0.409375 0.0578125 0.1234375
89 0.525 0.675 0.0625 0.1390625
89 0.55 0.8265625 0.0625 0.125
89 0.55 0.775 0.0453125 0.1234375
89 0.58125 0.69375 0.065625 0.1515625
89 0.615625 0.915625 0.0703125 0.1375
89 0.4828125 0.89375 0.1015625 0.025
89 0.684375 0.228125 0.0765625 0.1640625
89 0.65625 0.25625 0.0703125 0.134375
89 0.6875 0.403125 0.08125 0.1296875
89 0.8390625 0.175 0.084375 0.1703125
89 0.759375 0.334375 0.0796875 0.1828125
89 0.68125 0.503125 0.078125 0.1484375
89 0.6625 0.565625 0.0890625 0.15
89 0.665625 0.796875 0.08125 0.1609375
89 0.725 0.696875 0.0625 0.1265625
89 0.78125 0.58125 0.103125 0.184375
89 0.74375 0.896875 0.09375 0.165625
89 0.846875 0.73125 0.115625 0.16875
89 0.88125 0.396875 0.0703125 0.1484375
89 0.853125 0.8921875 0.0546875 0.1078125
89 0.9171875 0.915625 0.1 0.16875
