273 0.1 0.28125 0.196875 0.1109375
273 0.4625 0.278125 0.2765625 0.10625
273 0.4640625 0.103125 0.2765625 0.10625
273 0.4578125 0.984375 0.29375 0.0265625
273 0.103125 0.103125 0.2015625 0.11875
273 0.10625 0.984375 0.2078125 0.0265625
273 0.103125 0.85 0.2015625 0.1109375
273 0.0984375 0.675 0.1921875 0.1140625
273 0.8265625 0.984375 0.2703125 0.0265625
273 0.834375 0.8484375 0.2640625 0.103125
273 0.83125 0.103125 0.2640625 0.10625
273 0.83125 0.278125 0.259375 0.10625
273 0.828125 0.4546875 0.2640625 0.10625
273 0.103125 0.459375 0.2015625 0.1109375
273 0.465625 0.6703125 0.284375 0.1078125
273 0.83125 0.675 0.2640625 0.103125
273 0.4640625 0.45625 0.2765625 0.10625
273 0.465625 0.85 0.284375 0.10625