273 0.75 0.896875 0.103125 0.2015625
273 0.753125 0.546875 0.1015625 0.2625
273 0.91875 0.54375 0.1015625 0.2625
273 0.0484375 0.55 0.0921875 0.2796875
273 0.91875 0.89375 0.1109375 0.2078125
273 0.0484375 0.8921875 0.0921875 0.2125
273 0.2078125 0.89375 0.103125 0.2078125
273 0.375 0.9 0.10625 0.196875
273 0.0484375 0.2 0.0921875 0.2546875
273 0.2125 0.1921875 0.0953125 0.25
273 0.91875 0.19375 0.1015625 0.25
273 0.753125 0.196875 0.1015625 0.2484375
273 0.584375 0.1984375 0.1015625 0.253125
273 0.58125 0.89375 0.10625 0.2078125
273 0.3796875 0.54375 0.1015625 0.2703125
273 0.378125 0.19375 0.096875 0.25
273 0.5828125 0.54375 0.1015625 0.2625
273 0.2078125 0.54375 0.0984375 0.2703125