273 0.1 0.73125 0.196875 0.10625
273 0.4515625 0.734375 0.2703125 0.10625
273 0.4546875 0.9046875 0.2703125 0.10625
273 0.45 0.0296875 0.284375 0.05625
273 0.1 0.9046875 0.196875 0.115625
273 0.1046875 0.0296875 0.2015625 0.05625
273 0.1 0.175 0.196875 0.10625
273 0.096875 0.346875 0.190625 0.1109375
273 0.809375 0.0296875 0.2625 0.05625
273 0.815625 0.178125 0.2546875 0.1015625
273 0.8140625 0.9046875 0.2546875 0.10625
273 0.8125 0.734375 0.2546875 0.10625
273 0.809375 0.5625 0.259375 0.10625
273 0.1 0.5578125 0.196875 0.1109375
273 0.45625 0.35 0.2765625 0.10625
273 0.8140625 0.3484375 0.2546875 0.1015625
273 0.4546875 0.559375 0.2703125 0.10625
273 0.45625 0.175 0.2765625 0.1015625