273 0.084375 0.35625 0.16875 0.15625
273 0.434375 0.3078125 0.315625 0.1703125
273 0.415625 0.1234375 0.315625 0.1703125
273 0.078125 0.1671875 0.1546875 0.1625
273 0.121875 0.9390625 0.23125 0.121875
273 0.103125 0.7703125 0.20625 0.1578125
273 0.85 0.8625 0.221875 0.1578125
273 0.796875 0.09375 0.2859375 0.134375
273 0.8171875 0.2625 0.2875 0.1640625
273 0.834375 0.45 0.2921875 0.1640625
273 0.096875 0.54375 0.19375 0.1578125
273 0.48125 0.721875 0.321875 0.1734375
273 0.84375 0.68125 0.253125 0.159375
273 0.45625 0.496875 0.315625 0.1703125
273 0.5 0.9125 0.321875 0.1703125