273 0.0609375 0.7609375 0.121875 0.1375
273 0.4015625 0.771875 0.3171875 0.159375
273 0.3875 0.934375 0.3125 0.103125
273 0.48125 0.0125 0.325 0.025
273 0.053125 0.928125 0.1046875 0.0921875
273 0.11875 0.00625 0.1734375 0.0125
273 0.103125 0.134375 0.178125 0.1390625
273 0.08125 0.32734375 0.1625 0.1453125
273 0.8671875 0.015625 0.2640625 0.0296875
273 0.859375 0.1453125 0.2703125 0.1484375
273 0.7890625 0.925 0.290625 0.0734375
273 0.80625 0.775 0.2984375 0.15625
273 0.825 0.58125 0.303125 0.15625
273 0.071875 0.56484375 0.14375 0.1453125
273 0.453125 0.3375 0.325 0.159375
273 0.846875 0.3390625 0.2859375 0.15
273 0.425 0.575 0.3171875 0.159375
273 0.4734375 0.1375 0.325 0.153125
