273 0.2671875 0.89375 0.0984375 0.2109375
273 0.265625 0.546875 0.0984375 0.2546875
273 0.1046875 0.54375 0.0984375 0.2546875
273 0.95 0.55 0.090625 0.26875
273 0.103125 0.890625 0.1046875 0.2078125
273 0.95 0.8875 0.090625 0.2125
273 0.79375 0.890625 0.0984375 0.2078125
273 0.6328125 0.89375 0.103125 0.2015625
273 0.9515625 0.209375 0.090625 0.24375
273 0.79375 0.203125 0.0953125 0.2421875
273 0.1046875 0.20625 0.0984375 0.2421875
273 0.2640625 0.20625 0.0984375 0.2390625
273 0.4296875 0.2078125 0.0984375 0.24375
273 0.4328125 0.890625 0.103125 0.2078125
273 0.6296875 0.54375 0.1 0.2609375
273 0.63125 0.20625 0.0953125 0.2421875
273 0.43125 0.5453125 0.0984375 0.2546875
273 0.79375 0.54375 0.0953125 0.2609375
