89 0.721875 0.9890625 0.0234375 0.021875
89 0.66875 0.965625 0.0828125 0.06875
89 0.7609375 0.9625 0.0875 0.071875
89 0.8 0.928125 0.0390625 0.0484375
89 0.828125 0.9 0.0390625 0.0390625
89 0.890625 0.91875 0.0359375 0.040625
89 0.89375 0.884375 0.0375 0.0421875
89 0.853125 0.890625 0.034375 0.034375
89 0.9390625 0.89375 0.0421875 0.0484375
89 0.7875 0.8765625 0.046875 0.040625
89 0.98046875 0.9046875 0.0390625 0.040625
89 0.975 0.8625 0.04375 0.05
89 0.696875 0.921875 0.034375 0.03125
89 0.7125 0.9046875 0.04375 0.0328125
89 0.6453125 0.909375 0.059375 0.05
89 0.6671875 0.884375 0.0421875 0.034375
89 0.7546875 0.896875 0.04375 0.046875
89 0.7390625 0.8640625 0.0328125 0.0234375
89 0.7125 0.878125 0.0328125 0.0296875
89 0.68125 0.865625 0.0171875 0.0203125
89 0.6515625 0.8546875 0.0390625 0.0296875
89 0.821875 0.846875 0.0578125 0.059375
89 0.7625 0.834375 0.0625 0.05625
89 0.696875 0.828125 0.0703125 0.0625
89 0.6203125 0.8578125 0.0390625 0.0328125
89 0.5921875 0.878125 0.0609375 0.04375
89 0.58125 0.946875 0.0875 0.0765625
89 0.5375 0.890625 0.05625 0.0515625
89 0.521875 0.9875 0.0296875 0.025
89 0.496875 0.9453125 0.0765625 0.0734375
89 0.984375 0.834375 0.0265625 0.021875
89 0.90625 0.8125 0.125 0.1171875
89 0.440625 0.95 0.040625 0.04375
89 0.453125 0.90625 0.0421875 0.0453125
89 0.4875 0.865625 0.0453125 0.0453125
89 0.528125 0.840625 0.04375 0.0421875
89 0.44375 0.8453125 0.0453125 0.0421875
89 0.4875 0.825 0.0359375 0.034375
89 0.9828125 0.821875 0.0234375 0.01875
89 0.9296875 0.7546875 0.0703125 0.0671875
89 0.8875 0.746875 0.0234375 0.025
89 0.846875 0.7390625 0.0515625 0.0359375
89 0.8 0.775 0.075 0.0828125
89 0.74375 0.790625 0.046875 0.0359375
89 0.7515625 0.75625 0.025 0.028125
89 0.6875 0.775 0.046875 0.0421875
89 0.7125 0.746875 0.059375 0.046875
89 0.965625 0.725 0.046875 0.05
89 0.9296875 0.690625 0.0484375 0.0515625
89 0.8671875 0.696875 0.0796875 0.0734375
89 0.78125 0.6859375 0.0921875 0.0890625
89 0.575 0.8375 0.04375 0.0453125
89 0.60625 0.7828125 0.1265625 0.1140625
89 0.4875 0.771875 0.1171875 0.103125
89 0.35625 0.915625 0.153125 0.125
89 0.24375 0.96875 0.059375 0.0609375
89 0.2453125 0.9125 0.046875 0.040625
89 0.171875 0.9421875 0.103125 0.10625
89 0.1125 0.9 0.0453125 0.0328125
89 0.078125 0.875 0.0390625 0.03125
89 0.13125 0.865625 0.0453125 0.0421875
89 0.225 0.871875 0.040625 0.03125
89 0.178125 0.865625 0.0515625 0.046875
89 0.2703125 0.85625 0.053125 0.040625
89 0.21875 0.8328125 0.0484375 0.046875
89 0.325 0.8375 0.0625 0.04375
89 0.390625 0.80625 0.1 0.0859375
89 0.2671875 0.815625 0.05625 0.0453125
89 0.23125 0.7984375 0.0234375 0.0265625
89 0.2328125 0.775 0.0296875 0.025
89 0.315625 0.7875 0.046875 0.0640625
89 0.271875 0.765625 0.046875 0.0515625
89 0.146875 0.78125 0.1328125 0.1296875
89 0.240625 0.7296875 0.0515625 0.059375
89 0.0921875 0.7125 0.053125 0.053125
89 0.1375 0.69375 0.0234375 0.03125
89 0.3234375 0.715625 0.078125 0.0703125
89 0.4 0.725 0.059375 0.0546875
89 0.1859375 0.6828125 0.071875 0.0671875
89 0.1140625 0.64375 0.0734375 0.075
89 0.2546875 0.671875 0.059375 0.059375
89 0.3203125 0.659375 0.025 0.03125
89 0.4375 0.696875 0.078125 0.0484375
89 0.3625 0.675 0.0484375 0.0453125
89 0.53125 0.7328125 0.0671875 0.0421875
89 0.496875 0.690625 0.028125 0.025
89 0.6484375 0.725 0.05625 0.053125
89 0.5859375 0.6953125 0.0609375 0.05625
89 0.6875 0.66875 0.0828125 0.096875
89 0.603125 0.634375 0.0875 0.090625
89 0.90625 0.65625 0.0484375 0.0390625
89 0.9375 0.60625 0.0375 0.0375
89 0.903125 0.609375 0.040625 0.046875
89 0.840625 0.621875 0.078125 0.0734375
89 0.775 0.603125 0.05 0.0546875
89 0.7046875 0.575 0.04375 0.0515625
89 0.653125 0.584375 0.0546875 0.065625
89 0.2125 0.640625 0.04375 0.046875
89 0.171875 0.61875 0.05 0.04375
89 0.140625 0.590625 0.05 0.0390625
89 0.2921875 0.6125 0.0890625 0.0703125
89 0.209375 0.5765625 0.071875 0.06875
89 0.3859375 0.6375 0.0765625 0.0703125
89 0.5015625 0.628125 0.109375 0.10625
89 0.553125 0.54375 0.0890625 0.0953125
89 0.471875 0.54375 0.05625 0.059375
89 0.41875 0.559375 0.065625 0.0625
89 0.35 0.55625 0.0703125 0.075
89 0.259375 0.54375 0.0609375 0.0609375
89 0.4296875 0.51875 0.0359375 0.0359375
89 0.159375 0.54375 0.0359375 0.034375
89 0.128125 0.5515625 0.0375 0.0453125
89 0.096875 0.5125 0.0515625 0.053125
89 0.128125 0.4890625 0.0234375 0.0296875
89 0.0921875 0.446875 0.0640625 0.071875
89 0.196875 0.484375 0.1140625 0.1125
89 0.1390625 0.4390625 0.03125 0.040625
89 0.38125 0.496875 0.059375 0.0625
89 0.303125 0.46875 0.0984375 0.1
89 0.5015625 0.490625 0.046875 0.0546875
89 0.446875 0.475 0.053125 0.059375
89 0.55625 0.465625 0.046875 0.0453125
89 0.878125 0.565625 0.0546875 0.05625
89 0.81875 0.5265625 0.0765625 0.0828125
89 0.915625 0.546875 0.03125 0.034375
89 0.9296875 0.5 0.0296875 0.0390625
89 0.88125 0.4984375 0.0671875 0.0734375
89 0.746875 0.534375 0.0546875 0.059375
89 0.6859375 0.50625 0.065625 0.065625
89 0.61875 0.5046875 0.053125 0.05625
89 0.765625 0.48125 0.05625 0.05
89 0.6546875 0.484375 0.0171875 0.0203125
89 0.671875 0.4640625 0.0203125 0.0265625
89 0.61875 0.4375 0.0859375 0.078125
89 0.4703125 0.44375 0.028125 0.0265625
89 0.4171875 0.44375 0.0359375 0.03125
89 0.36875 0.440625 0.0546875 0.0421875
89 0.246875 0.4125 0.0484375 0.04375
89 0.196875 0.39375 0.059375 0.059375
89 0.125 0.35625 0.096875 0.11875
89 0.06875 0.309375 0.0359375 0.04375
89 0.2 0.340625 0.04375 0.040625
89 0.390625 0.396875 0.0390625 0.0453125
89 0.403125 0.3546875 0.0421875 0.04375
89 0.3078125 0.353125 0.140625 0.1265625
89 0.4484375 0.3984375 0.071875 0.078125
89 0.53125 0.40625 0.084375 0.0765625
89 0.7125 0.4203125 0.090625 0.1015625
89 0.815625 0.428125 0.090625 0.103125
89 0.91875 0.425 0.090625 0.109375
89 0.971875 0.359375 0.0375 0.0390625
89 0.9265625 0.340625 0.046875 0.053125
89 0.8625 0.36875 0.040625 0.040625
89 0.88125 0.33125 0.040625 0.0453125
89 0.76875 0.3640625 0.0359375 0.0515625
89 0.8 0.340625 0.0375 0.040625
89 0.725 0.33125 0.046875 0.046875
89 0.6515625 0.384375 0.0359375 0.0390625
89 0.5984375 0.3703125 0.059375 0.0546875
89 0.678125 0.3453125 0.046875 0.0421875
89 0.63125 0.33125 0.0484375 0.0484375
89 0.546875 0.3390625 0.0625 0.046875
89 0.490625 0.3453125 0.0484375 0.0546875
89 0.4421875 0.3171875 0.0453125 0.0453125
89 0.396875 0.290625 0.046875 0.0421875
89 0.346875 0.24375 0.0984375 0.0890625
89 0.28125 0.26875 0.0625 0.046875
89 0.225 0.28125 0.0515625 0.0453125
89 0.178125 0.2921875 0.040625 0.034375
89 0.134375 0.275 0.053125 0.0515625
89 0.0875 0.265625 0.04375 0.0484375
89 0.1765625 0.246875 0.0421875 0.0515625
89 0.190625 0.2125 0.0234375 0.0296875
89 0.196875 0.1859375 0.0265625 0.0265625
89 0.278125 0.2125 0.05 0.0640625
89 0.221875 0.234375 0.0546875 0.0453125
89 0.2375 0.184375 0.053125 0.0546875
89 0.209375 0.1375 0.0546875 0.065625
89 0.1125 0.178125 0.134375 0.1375
89 0.109375 0.084375 0.0265625 0.03125
89 0.23125 0.0828125 0.0609375 0.0609375
89 0.159375 0.084375 0.06875 0.0671875
89 0.290625 0.140625 0.078125 0.0703125
89 0.3015625 0.0734375 0.028125 0.0328125
89 0.446875 0.271875 0.0390625 0.0375
89 0.534375 0.290625 0.0453125 0.053125
89 0.4859375 0.29375 0.0421875 0.0421875
89 0.5828125 0.30625 0.04375 0.046875
89 0.66875 0.3 0.0546875 0.05625
89 0.621875 0.284375 0.0390625 0.040625
89 0.7125 0.29375 0.0328125 0.025
89 0.7625 0.3078125 0.0453125 0.0390625
89 0.834375 0.33125 0.03125 0.0390625
89 0.8109375 0.278125 0.0640625 0.06875
89 0.74375 0.265625 0.0609375 0.059375
89 0.678125 0.253125 0.0671875 0.0671875
89 0.96875 0.315625 0.0421875 0.053125
89 0.9828125 0.28125 0.0234375 0.0265625
89 0.9875 0.253125 0.0234375 0.0265625
89 0.90625 0.2421875 0.1265625 0.146875
89 0.959375 0.1515625 0.0703125 0.0796875
89 0.909375 0.15 0.025 0.03125
89 0.9578125 0.0796875 0.046875 0.0515625
89 0.8625 0.15625 0.0546875 0.0578125
89 0.80625 0.196875 0.078125 0.090625
89 0.896875 0.090625 0.0703125 0.078125
89 0.759375 0.16875 0.028125 0.0296875
89 0.7375 0.209375 0.05 0.0484375
89 0.68125 0.1921875 0.05 0.0515625
89 0.721875 0.15625 0.0609375 0.05625
89 0.5875 0.2078125 0.125 0.13125
89 0.6546875 0.13125 0.0625 0.0765625
89 0.5875 0.1 0.0671875 0.0765625
89 0.51875 0.14375 0.06875 0.05
89 0.45625 0.20625 0.1265625 0.134375
89 0.490625 0.096875 0.0265625 0.025
89 0.428125 0.1125 0.0921875 0.065625
89 0.365625 0.1625 0.05625 0.0640625
89 0.34375 0.0984375 0.053125 0.065625
