223 0.66875 0.178125 0.1703125 0.2171875
223 0.5109375 0.690625 0.1328125 0.1828125
223 0.359375 0.684375 0.15 0.1765625
223 0.515625 0.20625 0.1375 0.2671875
223 0.2171875 0.68125 0.1203125 0.1671875
223 0.359375 0.209375 0.1578125 0.2578125
223 0.665625 0.653125 0.1671875 0.1
223 0.6125 0.26875 0.0484375 0.025
223 0.2625 0.325 0.0453125 0.0296875
223 0.471875 0.6140625 0.046875 0.021875
223 0.6578125 0.753125 0.1625 0.0765625
223 0.509375 0.571875 0.1375 0.0484375
223 0.215625 0.5640625 0.128125 0.05
223 0.6625 0.725 0.053125 0.0234375
223 0.6640625 0.575 0.171875 0.0546875
223 0.6625 0.621875 0.0515625 0.025
223 0.48125 0.3265625 0.0484375 0.0234375
223 0.7890625 0.56875 0.0515625 0.0234375
223 0.3109375 0.6125 0.040625 0.025
223 0.321875 0.328125 0.0453125 0.025
223 0.25 0.6109375 0.0453125 0.025
223 0.2125 0.55625 0.046875 0.0234375
223 0.6671875 0.56875 0.0484375 0.01875
223 0.50625 0.5640625 0.0453125 0.0203125
223 0.35625 0.56875 0.1546875 0.0453125
223 0.796875 0.5375 0.0578125 0.0265625
223 0.84375 0.678125 0.1796875 0.25
223 0.86875 0.3 0.20625 0.503125
223 0.21875 0.215625 0.1328125 0.2578125
