240 0.453125 0.8640625 0.49375 0.121875
240 0.4765625 0.69375 0.425 0.1125
240 0.4671875 0.5609375 0.3796875 0.075
240 0.459375 0.4390625 0.340625 0.065625
240 0.465625 0.3625 0.3 0.071875
240 0.465625 0.290625 0.278125 0.04375
240 0.4703125 0.2328125 0.2671875 0.04375
240 0.4640625 0.184375 0.2359375 0.028125
240 0.459375 0.1484375 0.1890625 0.03125
240 0.459375 0.115625 0.1859375 0.0171875
240 0.4671875 0.084375 0.171875 0.025
240 0.4625 0.05625 0.16875 0.0203125
240 0.459375 0.03125 0.1453125 0.0171875
