273 0.809375 0.9625 0.0734375 0.06875
273 0.8109375 0.1109375 0.0671875 0.11875
273 0.075 0.1125 0.08125 0.125
273 0.21875 0.1125 0.08125 0.125
273 0.3765625 0.1125 0.08125 0.125
273 0.5203125 0.1125 0.08125 0.125
273 0.51875 0.334375 0.08125 0.1140625
273 0.3765625 0.33125 0.08125 0.1140625
273 0.21875 0.3328125 0.08125 0.1140625
273 0.075 0.334375 0.08125 0.1140625
273 0.078125 0.55625 0.0828125 0.125
273 0.21875 0.5546875 0.0828125 0.121875
273 0.3765625 0.5546875 0.0828125 0.121875
273 0.51875 0.559375 0.08125 0.125
273 0.51875 0.78125 0.078125 0.125
273 0.3765625 0.7796875 0.078125 0.121875
273 0.2203125 0.7734375 0.078125 0.121875
273 0.078125 0.7796875 0.078125 0.121875
273 0.0796875 0.9640625 0.078125 0.059375
273 0.221875 0.9609375 0.08125 0.0671875
273 0.378125 0.9609375 0.0828125 0.0671875
273 0.5203125 0.959375 0.0828125 0.06875
273 0.675 0.8625 0.078125 0.0734375
273 0.675 0.6484375 0.078125 0.0734375
273 0.675 0.4234375 0.078125 0.0734375
273 0.6765625 0.196875 0.078125 0.0734375
273 0.809375 0.33125 0.0671875 0.11875
273 0.809375 0.5578125 0.0671875 0.11875
273 0.809375 0.7765625 0.0671875 0.11875
273 0.9109375 0.9609375 0.0765625 0.0671875
273 0.909375 0.778125 0.0765625 0.121875
273 0.9125 0.5546875 0.0765625 0.11875
273 0.9140625 0.33125 0.0828125 0.1265625
273 0.9140625 0.1125 0.08125 0.1265625