223 0.615625 0.6640625 0.0171875 0.071875
223 0.6359375 0.6609375 0.015625 0.05625
223 0.825 0.540625 0.0578125 0.025
223 0.64375 0.54375 0.0546875 0.028125
223 0.146875 0.765625 0.025 0.028125
223 0.1703125 0.83125 0.025 0.0328125
223 0.1359375 0.76875 0.078125 0.0828125
223 0.159375 0.825 0.0828125 0.0875
223 0.5796875 0.65625 0.0828125 0.1625
223 0.66875 0.6515625 0.090625 0.146875
223 0.63125 0.54375 0.171875 0.0203125
223 0.821875 0.5453125 0.190625 0.0375
223 0.7671875 0.628125 0.08125 0.15
223 0.85625 0.634375 0.0734375 0.15625
223 0.825 0.6515625 0.015625 0.0640625
223 0.8015625 0.6515625 0.0171875 0.0625