223 0.175 0.2984375 0.11875 0.2109375
223 0.221875 0.3890625 0.0234375 0.0296875
223 0.246875 0.3890625 0.0171875 0.028125
223 0.303125 0.296875 0.115625 0.2109375
223 0.4390625 0.253125 0.025 0.0234375
223 0.4578125 0.2171875 0.18125 0.0828125
223 0.1484375 0.621875 0.04375 0.0265625
223 0.3125 0.6171875 0.0234375 0.028125
223 0.43125 0.65625 0.16875 0.0390625
223 0.26875 0.703125 0.1328125 0.23125
223 0.1390625 0.7140625 0.09375 0.24375
223 0.046875 0.7390625 0.08125 0.2359375
223 0.64375 0.21875 0.1265625 0.1078125
223 0.784375 0.2234375 0.134375 0.1140625
223 0.859375 0.35625 0.278125 0.0609375
