124 0.1 0.6625 0.15625 0.2109375
124 0.228125 0.6953125 0.140625 0.1734375
124 0.253125 0.453125 0.140625 0.1359375
124 0.3328125 0.503125 0.0578125 0.06875
124 0.384375 0.3890625 0.1359375 0.1828125
124 0.4328125 0.4328125 0.125 0.1734375
124 0.496875 0.7234375 0.11875 0.115625
124 0.51875 0.4203125 0.125 0.115625
124 0.61875 0.44375 0.0875 0.0984375
124 0.6390625 0.371875 0.1046875 0.0828125
124 0.7015625 0.659375 0.2125 0.16875
124 0.70625 0.4359375 0.0859375 0.0953125
124 0.734375 0.3671875 0.10625 0.071875
124 0.78125 0.41875 0.0921875 0.109375
124 0.9265625 0.3453125 0.13125 0.1515625
