124 0.5 0.5359375 0.9984375 0.1734375
124 0.490625 0.640625 0.0265625 0.0296875
124 0.5484375 0.6421875 0.021875 0.034375
124 0.6234375 0.678125 0.021875 0.0359375
124 0.7265625 0.6921875 0.0234375 0.040625
124 0.7703125 0.70625 0.0375 0.04375
124 0.8421875 0.7046875 0.034375 0.025
124 0.865625 0.725 0.0328125 0.01875
124 0.8734375 0.665625 0.0328125 0.0421875
124 0.8859375 0.746875 0.053125 0.0609375
124 0.9125 0.690625 0.025 0.0390625
124 0.925 0.73125 0.0375 0.053125
124 0.9828125 0.6765625 0.0328125 0.0375
124 0.9859375 0.6234375 0.0265625 0.028125
124 0.9890625 0.646875 0.021875 0.03125
