216 0.2828125 0.759375 0.35 0.48125
216 0.6 0.7515625 0.3296875 0.496875
216 0.83359375 0.7296875 0.3328125 0.5125
216 0.540625 0.390625 0.221875 0.21875
216 0.346875 0.4046875 0.184375 0.2015625
216 0.184375 0.421875 0.1921875 0.2015625
216 0.715625 0.371875 0.1921875 0.1875
216 0.890625 0.346875 0.20625 0.1734375
216 0.0640625 0.4234375 0.128125 0.1875
216 0.390625 0.2328125 0.134375 0.125
216 0.521875 0.2234375 0.1375 0.103125
216 0.646875 0.215625 0.121875 0.096875
216 0.784375 0.2046875 0.153125 0.0984375
216 0.2515625 0.2484375 0.146875 0.10625
216 0.115625 0.265625 0.1265625 0.0984375