216 0.134375 0.925 0.246875 0.1484375
216 0.36875 0.925 0.246875 0.1484375
216 0.584375 0.915625 0.215625 0.16875
216 0.80546875 0.91484375 0.2234375 0.1703125
216 0.90546875 0.73359375 0.1890625 0.1609375
216 0.7203125 0.7375 0.165625 0.1515625
216 0.565625 0.75 0.209375 0.159375
216 0.3765625 0.75625 0.184375 0.175
216 0.16875 0.7578125 0.2171875 0.1703125
216 0.0703125 0.740625 0.140625 0.16875
216 0.253125 0.625 0.1234375 0.09375
216 0.4 0.63125 0.13125 0.08125
216 0.5421875 0.615625 0.1265625 0.0859375
216 0.665625 0.60625 0.1359375 0.0859375
216 0.809375 0.6078125 0.1265625 0.0875
216 0.93125 0.603125 0.1375 0.0828125