275 0.3875 0.903125 0.15 0.190625
275 0.084375 0.675 0.0953125 0.1421875
275 0.2375 0.6453125 0.096875 0.075
275 0.3375 0.4734375 0.078125 0.084375
275 0.35 0.6375 0.08125 0.0796875
275 0.4109375 0.465625 0.075 0.0828125
275 0.4421875 0.603125 0.1375 0.1296875
275 0.5125 0.8703125 0.1890625 0.196875
275 0.503125 0.459375 0.065625 0.053125
275 0.5453125 0.5703125 0.0875 0.08125
275 0.578125 0.4515625 0.0640625 0.053125
275 0.628125 0.76875 0.1421875 0.1734375
275 0.628125 0.440625 0.0765625 0.0640625
275 0.64375 0.56875 0.090625 0.0765625
275 0.7234375 0.553125 0.10625 0.0609375
275 0.740625 0.740625 0.1265625 0.1625
275 0.8859375 0.7328125 0.128125 0.171875
275 0.94375 0.7234375 0.1078125 0.190625
