124 0.55625 0.4578125 0.1953125 0.11875
124 0.028125 0.3734375 0.04375 0.040625
124 0.0765625 0.3734375 0.04375 0.021875
124 0.2390625 0.7609375 0.2265625 0.14375
124 0.234375 0.4265625 0.059375 0.034375
124 0.271875 0.59375 0.128125 0.121875
124 0.2359375 0.3546875 0.028125 0.025
124 0.2796875 0.5265625 0.103125 0.05
124 0.46875 0.6734375 0.2 0.1640625
124 0.403125 0.365625 0.0375 0.0171875
124 0.496875 0.590625 0.1296875 0.0875
124 0.465625 0.4171875 0.046875 0.0453125
124 0.621875 0.5984375 0.134375 0.1109375
124 0.85 0.7078125 0.2078125 0.1765625
124 0.8828125 0.5640625 0.13125 0.1203125
124 0.8984375 0.4609375 0.078125 0.0546875
124 0.875 0.3421875 0.025 0.0140625
124 0.9 0.3359375 0.0265625 0.009375
124 0.9109375 0.3296875 0.0203125 0.0078125
