124 0.1890625 0.2390625 0.025 0.025
124 0.321875 0.5359375 0.0921875 0.10625
124 0.3578125 0.3859375 0.0390625 0.03125
124 0.3734375 0.4109375 0.025 0.021875
124 0.3875 0.4234375 0.01875 0.01875
124 0.403125 0.4359375 0.03125 0.0234375
124 0.4828125 0.7875 0.109375 0.0953125
124 0.475 0.8625 0.0515625 0.0234375
124 0.48125 0.4484375 0.01875 0.0234375
124 0.496875 0.4453125 0.021875 0.0265625
124 0.5109375 0.440625 0.021875 0.03125
124 0.5296875 0.4359375 0.021875 0.0328125
124 0.553125 0.4375 0.021875 0.0296875
124 0.575 0.4375 0.025 0.034375
124 0.5984375 0.4484375 0.0296875 0.0296875
124 0.61875 0.4546875 0.0265625 0.028125
124 0.64375 0.465625 0.0265625 0.03125
124 0.7875 0.4375 0.078125 0.1046875
