257 0.2390625 0.45 0.1171875 0.178125
257 0.33125 0.4515625 0.1 0.15625
257 0.4125 0.446875 0.0953125 0.1609375
257 0.5 0.45 0.1046875 0.16875
257 0.6 0.45 0.128125 0.1734375
257 0.70625 0.45625 0.13125 0.175
257 0.8203125 0.453125 0.14375 0.175
257 0.93671875 0.453125 0.1265625 0.1875
257 0.134375 0.65625 0.1 0.19375
257 0.23125 0.653125 0.1046875 0.175
257 0.3265625 0.6578125 0.134375 0.178125
257 0.415625 0.6609375 0.0953125 0.190625
257 0.5125 0.665625 0.11875 0.203125
257 0.603125 0.671875 0.1 0.1734375
257 0.7015625 0.6796875 0.121875 0.1875
257 0.803125 0.665625 0.121875 0.1703125
257 0.925 0.68125 0.15 0.18125
257 0.14375 0.45 0.11875 0.1765625
257 0.059375 0.45 0.1171875 0.1609375
