257 0.6375 0.215625 0.18125 0.1375
257 0.653125 0.109375 0.215625 0.1375
257 0.6140625 0.328125 0.19375 0.121875
257 0.603125 0.434375 0.184375 0.109375
257 0.5828125 0.540625 0.178125 0.121875
257 0.565625 0.6359375 0.175 0.0921875
257 0.559375 0.70625 0.1625 0.109375
257 0.546875 0.7953125 0.1703125 0.103125
257 0.5296875 0.88125 0.165625 0.1171875
257 0.4234375 0.071875 0.240625 0.14375
257 0.425 0.159375 0.24375 0.153125
257 0.4015625 0.2578125 0.1875 0.140625
257 0.3984375 0.346875 0.178125 0.1265625
257 0.38125 0.4625 0.18125 0.1171875
257 0.375 0.5484375 0.1828125 0.096875
257 0.3625 0.609375 0.175 0.0828125
257 0.3671875 0.684375 0.1953125 0.121875
257 0.359375 0.803125 0.175 0.1265625
257 0.346875 0.8875 0.16875 0.1140625
257 0.1046875 0.278125 0.209375 0.121875
257 0.1140625 0.165625 0.228125 0.1265625
257 0.1125 0.06875 0.215625 0.1375
257 0.096875 0.38359375 0.19375 0.1171875
257 0.0953125 0.490625 0.190625 0.10625
257 0.0890625 0.64375 0.178125 0.0796875
257 0.09375 0.7265625 0.1875 0.1