257 0.784375 0.6375 0.1375 0.18125
257 0.890625 0.653125 0.1375 0.215625
257 0.671875 0.6140625 0.121875 0.19375
257 0.565625 0.603125 0.109375 0.184375
257 0.459375 0.5828125 0.121875 0.178125
257 0.3640625 0.565625 0.0921875 0.175
257 0.29375 0.559375 0.1109375 0.1625
257 0.2046875 0.546875 0.103125 0.1703125
257 0.11875 0.5296875 0.1171875 0.165625
257 0.928125 0.4234375 0.14375 0.240625
257 0.840625 0.425 0.153125 0.24375
257 0.7421875 0.4015625 0.140625 0.1890625
257 0.653125 0.3984375 0.1265625 0.178125
257 0.5375 0.38125 0.1171875 0.18125
257 0.4515625 0.375 0.0984375 0.1828125
257 0.390625 0.3625 0.0828125 0.1765625
257 0.315625 0.3671875 0.121875 0.1953125
257 0.196875 0.359375 0.1265625 0.175
257 0.1125 0.346875 0.1140625 0.16875
257 0.721875 0.1046875 0.121875 0.209375
257 0.834375 0.1140625 0.1265625 0.228125
257 0.93125 0.1125 0.1375 0.215625
257 0.61484375 0.096875 0.1171875 0.19375
257 0.509375 0.0953125 0.10625 0.190625
257 0.35625 0.0890625 0.0796875 0.178125
257 0.2734375 0.09375 0.1 0.1875