257 0.4921875 0.5015625 0.1171875 0.1859375
257 0.596875 0.5125 0.115625 0.1734375
257 0.69375 0.515625 0.1015625 0.1703125
257 0.7859375 0.5171875 0.103125 0.1734375
257 0.390625 0.509375 0.11875 0.184375
257 0.3015625 0.4890625 0.1125 0.184375
257 0.2015625 0.4875 0.1328125 0.1953125
257 0.0953125 0.48125 0.134375 0.178125
257 0.91875 0.2625 0.140625 0.259375
257 0.83125 0.26875 0.1375 0.2421875
257 0.7234375 0.253125 0.1375 0.2484375
257 0.6265625 0.259375 0.1296875 0.2171875
257 0.51875 0.2515625 0.1171875 0.2046875
257 0.425 0.2484375 0.1328125 0.215625
257 0.3203125 0.240625 0.1328125 0.2203125
257 0.221875 0.23125 0.11875 0.196875
257 0.1328125 0.23125 0.125 0.1921875
257 0.053125 0.221875 0.1046875 0.1765625