257 0.778125 0.0578125 0.15 0.0828125
257 0.7875 0.128125 0.165625 0.078125
257 0.8 0.20625 0.1703125 0.0953125
257 0.803125 0.2859375 0.1625 0.0875
257 0.80625 0.36875 0.175 0.090625
257 0.821875 0.453125 0.1734375 0.1
257 0.834375 0.540625 0.18125 0.1046875
257 0.840625 0.6515625 0.178125 0.1015625
257 0.853125 0.7546875 0.1734375 0.109375
257 0.8625 0.8625 0.178125 0.1171875
257 0.8734375 0.95625 0.19375 0.0859375
257 0.515625 0.0390625 0.15 0.065625
257 0.51875 0.0875 0.15 0.0796875
257 0.521875 0.1546875 0.1515625 0.078125
257 0.528125 0.2234375 0.15 0.071875
257 0.528125 0.2953125 0.15 0.075
257 0.53125 0.3671875 0.159375 0.078125
257 0.534375 0.4375 0.153125 0.0828125
257 0.5390625 0.51875 0.159375 0.0875
257 0.540625 0.5984375 0.159375 0.084375
257 0.5453125 0.675 0.165625 0.0875
257 0.5484375 0.759375 0.1609375 0.084375
257 0.265625 0.0875 0.215625 0.121875
257 0.2625 0.18125 0.209375 0.1125
257 0.259375 0.2671875 0.221875 0.11875
257 0.2578125 0.365625 0.228125 0.1046875
257 0.25625 0.4578125 0.228125 0.121875
257 0.2515625 0.559375 0.2328125 0.1171875
257 0.2515625 0.675 0.246875 0.1171875
257 0.2484375 0.7875 0.25 0.1265625