257 0.9140625 0.715625 0.13125 0.24375
257 0.790625 0.7125 0.125 0.2546875
257 0.68125 0.709375 0.1171875 0.25
257 0.565625 0.70625 0.10625 0.24375
257 0.459375 0.70625 0.115625 0.2421875
257 0.346875 0.7 0.1296875 0.2375
257 0.23125 0.7015625 0.1359375 0.2421875
257 0.121875 0.6984375 0.1375 0.2375
257 0.146875 0.425 0.10625 0.1953125
257 0.2375 0.409375 0.0984375 0.15625
257 0.33125 0.409375 0.0875 0.1421875
257 0.425 0.409375 0.090625 0.1328125
257 0.525 0.4 0.0953125 0.134375
257 0.6171875 0.40625 0.1046875 0.134375
257 0.71875 0.4140625 0.109375 0.134375
257 0.815625 0.4125 0.10625 0.13125
257 0.915625 0.415625 0.1 0.134375
257 0.203125 0.215625 0.1046875 0.159375
257 0.303125 0.21875 0.09375 0.1609375
257 0.39375 0.215625 0.0953125 0.1609375
257 0.4828125 0.2125 0.1 0.1515625
257 0.575 0.2140625 0.1 0.146875
257 0.671875 0.215625 0.1046875 0.159375
257 0.765625 0.209375 0.1125 0.15
257 0.85625 0.20625 0.1328125 0.15625
257 0.95234375 0.209375 0.0953125 0.159375