257 0.696875 0.6390625 0.059375 0.0890625
257 0.65 0.6421875 0.05625 0.09375
257 0.609375 0.64375 0.0671875 0.084375
257 0.5625 0.65 0.0578125 0.0828125
257 0.51875 0.653125 0.059375 0.0921875
257 0.4734375 0.653125 0.0640625 0.096875
257 0.43125 0.646875 0.0671875 0.0890625
257 0.38125 0.646875 0.0546875 0.0875
257 0.3359375 0.646875 0.0625 0.0984375
257 0.29375 0.6390625 0.059375 0.0921875
257 0.25 0.634375 0.0640625 0.09375
257 0.7078125 0.5390625 0.0625 0.0984375
257 0.66875 0.5390625 0.0515625 0.0984375
257 0.628125 0.5484375 0.0703125 0.0984375
257 0.56875 0.55 0.0515625 0.103125
257 0.525 0.553125 0.0671875 0.10625
257 0.46875 0.55 0.0625 0.09375
257 0.425 0.55 0.06875 0.109375
257 0.375 0.553125 0.0703125 0.10625
257 0.3234375 0.5453125 0.0765625 0.0984375
257 0.271875 0.534375 0.0671875 0.0890625
257 0.2234375 0.528125 0.071875 0.0890625
257 0.7375 0.41875 0.0625 0.109375
257 0.6859375 0.41875 0.065625 0.1109375
257 0.6390625 0.4203125 0.0625 0.1234375
257 0.5953125 0.425 0.06875 0.1203125
257 0.5375 0.428125 0.071875 0.1171875
257 0.4828125 0.43125 0.0671875 0.125
257 0.415625 0.425 0.078125 0.11875
257 0.3640625 0.425 0.0625 0.125
257 0.309375 0.425 0.06875 0.125
257 0.2625 0.421875 0.0796875 0.1328125
257 0.215625 0.425 0.0875 0.1359375
257 0.7625 0.271875 0.071875 0.1265625
257 0.709375 0.271875 0.0703125 0.134375
257 0.65625 0.278125 0.0828125 0.1515625
257 0.5890625 0.278125 0.075 0.15
257 0.534375 0.26875 0.078125 0.1390625
257 0.4703125 0.265625 0.075 0.146875
257 0.4015625 0.26875 0.0703125 0.1453125
257 0.34375 0.2703125 0.071875 0.1453125
257 0.28125 0.26875 0.071875 0.146875
257 0.228125 0.2671875 0.078125 0.15
257 0.1734375 0.2609375 0.0828125 0.1390625