257 0.61875 0.140625 0.1140625 0.2234375
257 0.528125 0.128125 0.1046875 0.2421875
257 0.428125 0.125 0.11875 0.2421875
257 0.3125 0.115625 0.1265625 0.23125
257 0.1953125 0.1125 0.1375 0.225
257 0.075 0.1078125 0.1484375 0.215625
257 0.859375 0.475 0.0921875 0.215625
257 0.778125 0.475 0.0890625 0.225
257 0.6875 0.478125 0.109375 0.2390625
257 0.5875 0.4796875 0.1171875 0.2484375
257 0.478125 0.478125 0.115625 0.259375
257 0.3671875 0.4875 0.1328125 0.26875
257 0.2375 0.490625 0.1578125 0.28125
257 0.0875 0.4921875 0.175 0.296875
257 0.8125 0.75625 0.103125 0.221875
257 0.7171875 0.7734375 0.1171875 0.2390625
257 0.603125 0.7875 0.11875 0.23125
257 0.4890625 0.8046875 0.1296875 0.2546875
257 0.375 0.825 0.153125 0.2734375
257 0.2375 0.84375 0.153125 0.2734375
257 0.0875 0.8625 0.175 0.2734375
