257 0.69375 0.9140625 0.0890625 0.078125
257 0.684375 0.853125 0.09375 0.0625
257 0.6859375 0.809375 0.09375 0.040625
257 0.6828125 0.775 0.103125 0.0453125
257 0.690625 0.7484375 0.1 0.059375
257 0.696875 0.7 0.0875 0.040625
257 0.690625 0.646875 0.08125 0.078125
257 0.690625 0.584375 0.09375 0.0578125
257 0.69375 0.540625 0.090625 0.034375
257 0.690625 0.5125 0.09375 0.0484375
257 0.696875 0.475 0.09375 0.046875
257 0.696875 0.4421875 0.0890625 0.046875
257 0.696875 0.396875 0.084375 0.0484375
257 0.703125 0.2671875 0.096875 0.046875
257 0.703125 0.23125 0.0921875 0.040625
257 0.703125 0.2 0.084375 0.053125
257 0.7046875 0.171875 0.09375 0.05
257 0.70625 0.1359375 0.0828125 0.05625
257 0.70625 0.0984375 0.09375 0.059375
257 0.584375 0.6171875 0.084375 0.05
257 0.584375 0.575 0.0875 0.0453125
257 0.5875 0.5328125 0.0875 0.05
257 0.584375 0.49375 0.090625 0.04375
257 0.5828125 0.4578125 0.0890625 0.0453125
257 0.5875 0.4234375 0.078125 0.0484375
257 0.590625 0.378125 0.09375 0.040625
257 0.5890625 0.340625 0.09375 0.04375
257 0.5875 0.3 0.1 0.05
257 0.596875 0.271875 0.09375 0.05
257 0.590625 0.190625 0.09375 0.053125
257 0.596875 0.14375 0.084375 0.053125
257 0.596875 0.10625 0.0875 0.040625
257 0.484375 0.121875 0.071875 0.04375
257 0.48125 0.15 0.08125 0.040625
257 0.48125 0.184375 0.0796875 0.0453125
257 0.4828125 0.21875 0.0921875 0.053125
257 0.384375 0.203125 0.0890625 0.065625
257 0.3828125 0.2875 0.0890625 0.0453125
257 0.384375 0.328125 0.0890625 0.053125
257 0.384375 0.3609375 0.1 0.053125
257 0.3859375 0.4 0.09375 0.0484375
257 0.3828125 0.425 0.103125 0.053125
257 0.38125 0.4625 0.09375 0.059375
257 0.3859375 0.49375 0.103125 0.0578125
257 0.378125 0.528125 0.1015625 0.0484375
257 0.378125 0.571875 0.1 0.0453125
257 0.4765625 0.7234375 0.0875 0.04375
257 0.4796875 0.7578125 0.0875 0.04375
257 0.4765625 0.7921875 0.09375 0.05
257 0.475 0.83125 0.090625 0.040625
257 0.475 0.865625 0.09375 0.05625
257 0.475 0.9109375 0.084375 0.0375
257 0.184375 0.1265625 0.075 0.0578125
257 0.1828125 0.16875 0.0796875 0.05
257 0.1859375 0.2078125 0.0875 0.053125
257 0.184375 0.246875 0.0890625 0.0578125
257 0.184375 0.290625 0.090625 0.0703125
257 0.184375 0.3421875 0.090625 0.0703125
257 0.184375 0.384375 0.084375 0.053125
257 0.175 0.440625 0.0921875 0.0625
257 0.1765625 0.478125 0.0921875 0.0703125
257 0.178125 0.5265625 0.090625 0.053125
257 0.178125 0.565625 0.084375 0.053125
257 0.175 0.609375 0.0921875 0.0625
257 0.1703125 0.6640625 0.0875 0.065625
257 0.1703125 0.709375 0.09375 0.075
257 0.1671875 0.753125 0.1 0.0796875
257 0.171875 0.79375 0.096875 0.0671875
257 0.165625 0.8375 0.0875 0.0625
257 0.165625 0.878125 0.084375 0.0703125
