257 0.0984375 0.39375 0.103125 0.1515625
257 0.18125 0.39375 0.090625 0.15
257 0.2546875 0.39375 0.1 0.146875
257 0.33125 0.39375 0.090625 0.15
257 0.4015625 0.390625 0.084375 0.14375
257 0.4828125 0.3875 0.08125 0.1375
257 0.5546875 0.3875 0.0875 0.146875
257 0.628125 0.3859375 0.084375 0.15
257 0.703125 0.38125 0.08125 0.1421875
257 0.7828125 0.38125 0.0875 0.146875
257 0.853125 0.384375 0.1 0.14375
257 0.934375 0.378125 0.0953125 0.15625
257 0.1359375 0.5734375 0.075 0.115625
257 0.209375 0.56875 0.08125 0.115625
257 0.2734375 0.56875 0.0875 0.1234375
257 0.34375 0.565625 0.08125 0.1203125
257 0.4125 0.5640625 0.078125 0.11875
257 0.48125 0.5671875 0.0703125 0.10625
257 0.55 0.5640625 0.075 0.109375
257 0.615625 0.5625 0.078125 0.103125
257 0.6875 0.5625 0.078125 0.10625
257 0.75 0.5625 0.08125 0.103125
257 0.815625 0.559375 0.0875 0.1015625
257 0.896875 0.5578125 0.090625 0.096875
257 0.16875 0.7125 0.0796875 0.09375
257 0.2328125 0.7046875 0.065625 0.0875
257 0.3 0.709375 0.075 0.0875
257 0.3609375 0.703125 0.06875 0.0875
257 0.425 0.703125 0.06875 0.084375
257 0.4875 0.703125 0.075 0.0796875
257 0.553125 0.7 0.071875 0.0796875
257 0.615625 0.696875 0.065625 0.0796875
257 0.675 0.696875 0.065625 0.075
257 0.734375 0.696875 0.075 0.078125
257 0.8 0.696875 0.071875 0.078125
257 0.8609375 0.69375 0.0796875 0.0734375
257 0.2 0.834375 0.0578125 0.0890625
257 0.2546875 0.83125 0.065625 0.090625
257 0.315625 0.828125 0.0625 0.096875
257 0.375 0.825 0.065625 0.090625
257 0.43125 0.8234375 0.065625 0.0921875
257 0.4921875 0.825 0.0703125 0.0828125
257 0.546875 0.821875 0.065625 0.09375
257 0.60625 0.8234375 0.065625 0.0921875
257 0.6640625 0.81875 0.065625 0.0921875
257 0.721875 0.821875 0.065625 0.09375
257 0.778125 0.821875 0.071875 0.090625
257 0.8453125 0.815625 0.0703125 0.0875