257 0.95234375 0.28203125 0.0953125 0.1890625
257 0.878125 0.290625 0.10625 0.1953125
257 0.784375 0.29375 0.11875 0.19375
257 0.690625 0.29375 0.103125 0.190625
257 0.5984375 0.29375 0.0921875 0.1953125
257 0.515625 0.29375 0.0984375 0.190625
257 0.425 0.29375 0.0953125 0.19375
257 0.3375 0.2921875 0.0953125 0.1859375
257 0.25625 0.2875 0.103125 0.1921875
257 0.175 0.284375 0.1109375 0.18125
257 0.0921875 0.284375 0.115625 0.18125
257 0.8890625 0.54375 0.103125 0.140625
257 0.8140625 0.55 0.0796875 0.146875
257 0.746875 0.55625 0.0859375 0.1484375
257 0.665625 0.55625 0.0875 0.146875
257 0.59375 0.5625 0.0875 0.1421875
257 0.509375 0.559375 0.0890625 0.1453125
257 0.43125 0.5625 0.0921875 0.140625
257 0.35625 0.55625 0.0890625 0.1484375
257 0.284375 0.55 0.0875 0.1484375
257 0.2125 0.5421875 0.090625 0.1453125
257 0.14375 0.5328125 0.09375 0.140625
257 0.853125 0.7125 0.09375 0.1203125
257 0.7828125 0.71875 0.075 0.121875
257 0.709375 0.7234375 0.075 0.1234375
257 0.64375 0.728125 0.0765625 0.1296875
257 0.5796875 0.734375 0.0828125 0.1234375
257 0.503125 0.734375 0.075 0.1171875
257 0.4375 0.728125 0.0796875 0.1140625
257 0.371875 0.728125 0.0828125 0.1140625
257 0.30625 0.715625 0.0796875 0.1171875
257 0.246875 0.7109375 0.0796875 0.1171875
257 0.18125 0.6984375 0.075 0.1109375
257 0.8234375 0.8515625 0.065625 0.0953125
257 0.7625 0.859375 0.06875 0.0953125
257 0.6984375 0.8640625 0.065625 0.0921875
257 0.64375 0.875 0.071875 0.090625
257 0.5796875 0.875 0.071875 0.0921875
257 0.5125 0.875 0.0703125 0.09375
257 0.446875 0.86875 0.06875 0.096875
257 0.3875 0.86875 0.0625 0.0984375
257 0.3328125 0.8625 0.0703125 0.090625
257 0.271875 0.853125 0.0625 0.096875
257 0.221875 0.8453125 0.0625 0.0984375