257 0.9015625 0.39375 0.103125 0.1515625
257 0.81875 0.39375 0.090625 0.15
257 0.7453125 0.39375 0.1015625 0.1484375
257 0.66875 0.39375 0.090625 0.15
257 0.5984375 0.390625 0.0859375 0.14375
257 0.5171875 0.3875 0.08125 0.1390625
257 0.4453125 0.3875 0.0890625 0.146875
257 0.371875 0.3859375 0.0859375 0.15
257 0.296875 0.38125 0.08125 0.1421875
257 0.2171875 0.38125 0.0890625 0.146875
257 0.146875 0.384375 0.1015625 0.1453125
257 0.065625 0.378125 0.0953125 0.1578125
257 0.8640625 0.5734375 0.075 0.1140625
257 0.790625 0.56875 0.08125 0.1140625
257 0.7265625 0.56875 0.0890625 0.1234375
257 0.65625 0.565625 0.08125 0.1203125
257 0.5875 0.5640625 0.078125 0.11875
257 0.51875 0.5671875 0.0703125 0.10625
257 0.45 0.5640625 0.075 0.109375
257 0.384375 0.5625 0.078125 0.103125
257 0.3125 0.5625 0.078125 0.10625
257 0.25 0.5625 0.08125 0.103125
257 0.184375 0.559375 0.0890625 0.1015625
257 0.103125 0.5578125 0.090625 0.0984375
257 0.83125 0.7125 0.0796875 0.0953125
257 0.7671875 0.7046875 0.065625 0.0890625
257 0.7 0.709375 0.075 0.0875
257 0.6390625 0.703125 0.06875 0.0859375
257 0.575 0.703125 0.06875 0.0859375
257 0.5125 0.703125 0.0765625 0.0796875
257 0.446875 0.7 0.071875 0.0796875
257 0.384375 0.696875 0.0671875 0.0796875
257 0.325 0.696875 0.065625 0.075
257 0.265625 0.696875 0.0765625 0.078125
257 0.2 0.696875 0.071875 0.078125
257 0.1390625 0.69375 0.0796875 0.0734375
257 0.8 0.834375 0.0578125 0.0890625
257 0.7453125 0.83125 0.065625 0.090625
257 0.684375 0.828125 0.0640625 0.096875
257 0.625 0.825 0.0671875 0.090625
257 0.56875 0.8234375 0.0671875 0.0921875
257 0.5078125 0.825 0.0703125 0.0828125
257 0.453125 0.821875 0.0671875 0.09375
257 0.39375 0.8234375 0.0671875 0.0921875
257 0.3359375 0.81875 0.065625 0.0921875
257 0.278125 0.821875 0.0671875 0.09375
257 0.221875 0.821875 0.071875 0.090625
257 0.1546875 0.815625 0.0703125 0.0890625