257 0.0796875 0.225 0.11875 0.209375
257 0.16875 0.23125 0.10625 0.2109375
257 0.259375 0.228125 0.1109375 0.2390625
257 0.33125 0.225 0.0984375 0.2390625
257 0.4296875 0.23125 0.1265625 0.2296875
257 0.5328125 0.24375 0.1046875 0.2375
257 0.6203125 0.240625 0.0984375 0.2171875
257 0.715625 0.275 0.0578125 0.171875
257 0.784375 0.28125 0.0703125 0.1734375
257 0.884375 0.26875 0.0890625 0.2015625
257 0.940625 0.265625 0.11875 0.209375
257 0.13125 0.478125 0.128125 0.2
257 0.2234375 0.4796875 0.1046875 0.203125
257 0.31875 0.484375 0.09375 0.2
257 0.409375 0.475 0.0984375 0.18125
257 0.49375 0.4765625 0.09375 0.1765625
257 0.584375 0.484375 0.09375 0.18125
257 0.64375 0.478125 0.0875 0.1765625
257 0.715625 0.475 0.071875 0.171875
257 0.80625 0.4890625 0.0765625 0.1765625
257 0.871875 0.484375 0.08125 0.1734375
257 0.9453125 0.4875 0.0890625 0.1625
257 0.1640625 0.69375 0.11875 0.159375
257 0.2515625 0.6875 0.1203125 0.1703125
257 0.334375 0.6828125 0.10625 0.153125
257 0.434375 0.6828125 0.090625 0.15
257 0.509375 0.678125 0.08125 0.14375
257 0.59375 0.6765625 0.0828125 0.1484375
257 0.6625 0.6625 0.09375 0.14375
257 0.7265625 0.66875 0.0921875 0.1515625
257 0.809375 0.66875 0.0953125 0.140625
257 0.875 0.659375 0.0703125 0.134375
257 0.940625 0.6625 0.0890625 0.13125
257 0.35625 0.8546875 0.0859375 0.1171875
257 0.415625 0.846875 0.0828125 0.125
257 0.4875 0.846875 0.0671875 0.125
257 0.546875 0.8375 0.075 0.1265625
257 0.6234375 0.8390625 0.075 0.1203125
257 0.678125 0.8296875 0.0640625 0.121875
257 0.73125 0.821875 0.075 0.1265625
257 0.7921875 0.81875 0.071875 0.1296875
257 0.85 0.81875 0.06875 0.1109375
257 0.8953125 0.8046875 0.0546875 0.109375
257 0.9484375 0.921875 0.078125 0.096875
257 0.8890625 0.928125 0.0703125 0.096875
257 0.825 0.9359375 0.0625 0.1
257 0.76875 0.94375 0.0703125 0.0953125
257 0.70859375 0.95234375 0.0859375 0.0953125
257 0.634375 0.9546875 0.071875 0.090625
257 0.575 0.95625 0.09375 0.0875
257 0.5 0.9609375 0.0890625 0.078125
257 0.434375 0.9640625 0.09375 0.071875
257 0.35234375 0.97109375 0.0984375 0.0578125
