257 0.7171875 0.046875 0.190625 0.09375
257 0.709375 0.121875 0.1953125 0.10625
257 0.70625 0.215625 0.19375 0.11875
257 0.70625 0.309375 0.190625 0.103125
257 0.70625 0.4015625 0.1953125 0.0921875
257 0.70625 0.484375 0.190625 0.096875
257 0.70625 0.575 0.19375 0.0953125
257 0.7078125 0.6625 0.1875 0.0953125
257 0.7125 0.74375 0.1921875 0.103125
257 0.715625 0.825 0.18125 0.1109375
257 0.715625 0.9078125 0.18125 0.115625
257 0.45625 0.1109375 0.140625 0.103125
257 0.45 0.1859375 0.146875 0.0796875
257 0.44375 0.253125 0.146875 0.084375
257 0.44375 0.334375 0.146875 0.0875
257 0.4375 0.40625 0.1421875 0.0875
257 0.440625 0.490625 0.14375 0.0875
257 0.4375 0.56875 0.140625 0.0921875
257 0.44375 0.64375 0.146875 0.0875
257 0.45 0.715625 0.146875 0.0875
257 0.4578125 0.7875 0.14375 0.090625
257 0.4671875 0.85625 0.140625 0.09375
257 0.2875 0.146875 0.11875 0.09375
257 0.28125 0.2171875 0.121875 0.075
257 0.2765625 0.290625 0.1234375 0.075
257 0.271875 0.35625 0.1296875 0.075
257 0.265625 0.4203125 0.1234375 0.0828125
257 0.265625 0.496875 0.115625 0.075
257 0.271875 0.5625 0.1140625 0.0796875
257 0.271875 0.628125 0.115625 0.0828125
257 0.284375 0.69375 0.115625 0.0796875
257 0.2890625 0.753125 0.115625 0.0796875
257 0.3015625 0.81875 0.1109375 0.075
257 0.1484375 0.1765625 0.09375 0.065625
257 0.140625 0.2375 0.09375 0.06875
257 0.1359375 0.3015625 0.0921875 0.065625
257 0.125 0.35625 0.090625 0.071875
257 0.125 0.4203125 0.0921875 0.071875
257 0.125 0.4875 0.09375 0.0703125
257 0.13125 0.553125 0.096875 0.06875
257 0.13125 0.6125 0.096875 0.0625
257 0.1375 0.6671875 0.090625 0.0703125
257 0.146875 0.728125 0.096875 0.0625
257 0.1546875 0.778125 0.096875 0.0625
