257 0.353125 0.10625 0.1421875 0.10625
257 0.353125 0.184375 0.14375 0.0875
257 0.3546875 0.25625 0.1375 0.0875
257 0.3546875 0.33125 0.1375 0.075
257 0.35625 0.396875 0.134375 0.075
257 0.35625 0.465625 0.1328125 0.075
257 0.35625 0.5375 0.134375 0.0796875
257 0.35625 0.603125 0.1328125 0.08125
257 0.35625 0.6796875 0.1375 0.08125
257 0.3578125 0.74375 0.1375 0.0875
257 0.3546875 0.81875 0.134375 0.0875
257 0.35625 0.8890625 0.1375 0.1
257 0.53125 0.128125 0.103125 0.0875
257 0.5328125 0.2015625 0.10625 0.078125
257 0.525 0.265625 0.103125 0.075
257 0.525 0.3328125 0.10625 0.0703125
257 0.528125 0.396875 0.1015625 0.0796875
257 0.528125 0.459375 0.103125 0.0796875
257 0.528125 0.525 0.1 0.078125
257 0.5265625 0.5890625 0.096875 0.0703125
257 0.525 0.65625 0.096875 0.071875
257 0.5234375 0.715625 0.1 0.075
257 0.525 0.778125 0.096875 0.0875
257 0.5234375 0.8453125 0.09375 0.0875
257 0.659375 0.1625 0.0796875 0.075
257 0.659375 0.2234375 0.0828125 0.065625
257 0.65625 0.2875 0.084375 0.071875
257 0.659375 0.3453125 0.08125 0.0625
257 0.653125 0.40625 0.08125 0.0625
257 0.6578125 0.465625 0.078125 0.0703125
257 0.653125 0.525 0.078125 0.065625
257 0.6515625 0.5859375 0.078125 0.065625
257 0.6515625 0.64375 0.0734375 0.065625
257 0.653125 0.696875 0.06875 0.071875
257 0.653125 0.75 0.075 0.075
257 0.65 0.8125 0.071875 0.0875
257 0.778125 0.1859375 0.084375 0.071875
257 0.7828125 0.24375 0.0875 0.0625
257 0.775 0.3015625 0.09375 0.0578125
257 0.775 0.3546875 0.0875 0.059375
257 0.771875 0.409375 0.0875 0.0625
257 0.7734375 0.4625 0.0890625 0.0703125
257 0.771875 0.521875 0.090625 0.0625
257 0.76875 0.571875 0.075 0.05625
257 0.7734375 0.628125 0.084375 0.0625
257 0.771875 0.68125 0.090625 0.053125
257 0.76875 0.7328125 0.084375 0.0625
257 0.765625 0.7859375 0.078125 0.0765625