257 0.653125 0.8625 0.1515625 0.0890625
257 0.6625 0.778125 0.15625 0.0796875
257 0.6609375 0.7125 0.159375 0.071875
257 0.65625 0.6390625 0.1546875 0.06875
257 0.6625 0.5734375 0.159375 0.078125
257 0.6578125 0.5109375 0.14375 0.0796875
257 0.6625 0.446875 0.1515625 0.08125
257 0.665625 0.38125 0.153125 0.0703125
257 0.6625 0.321875 0.165625 0.0875
257 0.66875 0.2546875 0.146875 0.0796875
257 0.659375 0.1984375 0.1546875 0.071875
257 0.6671875 0.1265625 0.159375 0.09375
257 0.675 0.05 0.134375 0.0921875
257 0.8765625 0.7390625 0.165625 0.0890625
257 0.88125 0.6734375 0.175 0.071875
257 0.878125 0.6125 0.178125 0.0828125
257 0.88125 0.5390625 0.178125 0.075
257 0.875 0.4703125 0.190625 0.0875
257 0.878125 0.2359375 0.1625 0.08125
257 0.88125 0.18125 0.1734375 0.090625
257 0.878125 0.125 0.165625 0.0828125
257 0.88125 0.0640625 0.184375 0.0875
257 0.496875 0.2 0.140625 0.0828125
257 0.4890625 0.146875 0.146875 0.075
257 0.490625 0.090625 0.14375 0.0828125
257 0.490625 0.0375 0.1546875 0.0734375
257 0.3375 0.18125 0.134375 0.071875
257 0.328125 0.325 0.14375 0.053125
257 0.328125 0.3859375 0.13125 0.065625
257 0.325 0.434375 0.1328125 0.1
257 0.3234375 0.49375 0.15 0.071875
257 0.328125 0.534375 0.134375 0.065625
257 0.3265625 0.5890625 0.1375 0.075
257 0.3234375 0.64375 0.14375 0.0796875
257 0.31875 0.690625 0.15 0.065625
257 0.3125 0.75625 0.146875 0.0796875
257 0.3171875 0.80625 0.15 0.084375
257 0.296875 0.8703125 0.13125 0.0828125
257 0.2046875 0.140625 0.109375 0.0953125
257 0.203125 0.08125 0.1140625 0.0828125
257 0.203125 0.215625 0.103125 0.090625
257 0.196875 0.30625 0.1125 0.0625
257 0.1953125 0.3546875 0.11875 0.0625
257 0.184375 0.41875 0.128125 0.0625
257 0.18125 0.4734375 0.1296875 0.075
257 0.18125 0.5234375 0.128125 0.075
257 0.1828125 0.578125 0.1234375 0.0796875
257 0.16875 0.69375 0.125 0.078125
257 0.165625 0.7640625 0.128125 0.0890625
257 0.1609375 0.81875 0.1375 0.0640625
257 0.04375 0.78359375 0.0875 0.0765625
257 0.046875 0.721875 0.0921875 0.075
257 0.05 0.6609375 0.0984375 0.071875
257 0.0515625 0.603125 0.103125 0.0765625
257 0.053125 0.540625 0.1046875 0.0875
257 0.053125 0.4625 0.1 0.071875
257 0.059375 0.4 0.109375 0.075
257 0.059375 0.325 0.109375 0.0875
257 0.0703125 0.2625 0.096875 0.075
257 0.0734375 0.20625 0.096875 0.071875
257 0.075 0.14375 0.1 0.0796875
257 0.0734375 0.084375 0.09375 0.075