257 0.225 0.0796875 0.209375 0.11875
257 0.23125 0.16875 0.209375 0.10625
257 0.228125 0.259375 0.2375 0.109375
257 0.225 0.33125 0.2375 0.096875
257 0.23125 0.4296875 0.228125 0.1265625
257 0.24375 0.5328125 0.2375 0.1046875
257 0.240625 0.6203125 0.21875 0.1
257 0.275 0.715625 0.171875 0.0578125
257 0.28125 0.784375 0.1734375 0.0703125
257 0.26875 0.884375 0.2 0.0890625
257 0.265625 0.940625 0.209375 0.11875
257 0.478125 0.13125 0.2 0.128125
257 0.4796875 0.2234375 0.203125 0.1046875
257 0.484375 0.31875 0.2 0.09375
257 0.475 0.409375 0.18125 0.096875
257 0.4765625 0.49375 0.175 0.09375
257 0.484375 0.584375 0.18125 0.09375
257 0.478125 0.64375 0.178125 0.0875
257 0.475 0.715625 0.171875 0.071875
257 0.4890625 0.80625 0.175 0.075
257 0.484375 0.871875 0.1734375 0.08125
257 0.4875 0.9453125 0.1625 0.0875
257 0.69375 0.1640625 0.159375 0.11875
257 0.6875 0.2515625 0.1703125 0.121875
257 0.6828125 0.334375 0.153125 0.10625
257 0.6828125 0.434375 0.15 0.090625
257 0.678125 0.509375 0.14375 0.08125
257 0.6765625 0.59375 0.146875 0.0828125
257 0.6625 0.6625 0.14375 0.09375
257 0.66875 0.7265625 0.1515625 0.0921875
257 0.66875 0.809375 0.140625 0.0953125
257 0.659375 0.875 0.134375 0.0703125
257 0.6625 0.940625 0.13125 0.0890625
257 0.8546875 0.35625 0.115625 0.084375
257 0.846875 0.415625 0.125 0.0828125
257 0.846875 0.4875 0.125 0.065625
257 0.8375 0.546875 0.125 0.075
257 0.8390625 0.6234375 0.1203125 0.075
257 0.8296875 0.678125 0.121875 0.0640625
257 0.821875 0.73125 0.125 0.075
257 0.81875 0.7921875 0.128125 0.071875
257 0.81875 0.85 0.1109375 0.06875
257 0.8046875 0.8953125 0.109375 0.0546875
257 0.921875 0.9484375 0.096875 0.078125
257 0.928125 0.8890625 0.096875 0.0703125
257 0.9359375 0.825 0.1 0.0625
257 0.94375 0.76875 0.09375 0.0703125
257 0.95234375 0.709375 0.0953125 0.084375
257 0.9546875 0.634375 0.090625 0.071875
257 0.95625 0.575 0.0875 0.09375
257 0.9609375 0.5 0.078125 0.0875
257 0.9640625 0.434375 0.071875 0.09375
257 0.97109375 0.353125 0.0578125 0.096875
