257 0.9640625 0.128125 0.0625 0.121875
257 0.9203125 0.1375 0.0625 0.125
257 0.884375 0.134375 0.065625 0.125
257 0.8375 0.1421875 0.053125 0.125
257 0.796875 0.1453125 0.0578125 0.128125
257 0.7671875 0.146875 0.0578125 0.128125
257 0.7203125 0.1453125 0.0625 0.140625
257 0.68125 0.15 0.059375 0.1375
257 0.640625 0.1625 0.040625 0.10625
257 0.609375 0.165625 0.046875 0.1125
257 0.575 0.165625 0.04375 0.115625
257 0.5375 0.1734375 0.0328125 0.109375
257 0.5078125 0.175 0.0453125 0.10625
257 0.48125 0.18125 0.040625 0.096875
257 0.4546875 0.18125 0.0328125 0.1015625
257 0.425 0.1765625 0.05 0.115625
257 0.3859375 0.18125 0.040625 0.1125
257 0.353125 0.184375 0.040625 0.11875
257 0.3296875 0.184375 0.034375 0.1125
257 0.290625 0.190625 0.0578125 0.109375
257 0.2625 0.1875 0.040625 0.1109375
257 0.228125 0.1953125 0.040625 0.10625
257 0.196875 0.1953125 0.0328125 0.10625
257 0.175 0.196875 0.0375 0.103125
257 0.146875 0.2 0.0328125 0.096875
257 0.128125 0.2 0.0375 0.09375
257 0.103125 0.20625 0.03125 0.09375
257 0.0765625 0.209375 0.03125 0.1
257 0.059375 0.20625 0.040625 0.0921875
257 0.0375 0.215625 0.0234375 0.1
257 0.0171875 0.215625 0.034375 0.090625
257 0.9375 0.30625 0.06875 0.1234375
257 0.884375 0.30625 0.065625 0.115625
257 0.83125 0.3 0.0703125 0.134375
257 0.784375 0.3 0.0703125 0.1375
257 0.7375 0.296875 0.065625 0.1375
257 0.678125 0.303125 0.065625 0.13125
257 0.625 0.303125 0.065625 0.134375
257 0.5703125 0.315625 0.05 0.09375
257 0.5296875 0.31875 0.040625 0.1
257 0.4875 0.3125 0.0578125 0.115625
257 0.440625 0.3125 0.053125 0.1109375
257 0.396875 0.3125 0.05625 0.115625
257 0.353125 0.309375 0.053125 0.1140625
257 0.3140625 0.31875 0.046875 0.09375
257 0.278125 0.321875 0.053125 0.0921875
257 0.24375 0.3203125 0.0375 0.1
257 0.20625 0.315625 0.0453125 0.1
257 0.1796875 0.3140625 0.0484375 0.103125
257 0.146875 0.3171875 0.040625 0.096875
257 0.90625 0.45625 0.08125 0.125
257 0.85 0.45 0.078125 0.1328125
257 0.790625 0.4453125 0.0703125 0.1328125
257 0.73125 0.446875 0.0625 0.11875
257 0.68125 0.4421875 0.05625 0.115625
257 0.621875 0.44375 0.0625 0.11875
257 0.58125 0.4453125 0.040625 0.1140625
257 0.546875 0.4375 0.0484375 0.1109375
257 0.4921875 0.440625 0.0453125 0.10625
257 0.446875 0.440625 0.05 0.103125
257 0.409375 0.4375 0.0484375 0.1015625
257 0.3703125 0.4375 0.04375 0.09375
257 0.33125 0.4359375 0.0359375 0.0890625
257 0.303125 0.434375 0.040625 0.096875
257 0.26875 0.43125 0.0453125 0.0921875
257 0.240625 0.43125 0.046875 0.096875
257 0.20625 0.428125 0.0375 0.0921875
257 0.178125 0.428125 0.0484375 0.0921875
257 0.15 0.425 0.04375 0.0875
257 0.1203125 0.425 0.040625 0.09375
257 0.88125 0.6 0.078125 0.1140625
257 0.8234375 0.590625 0.071875 0.1140625
257 0.7578125 0.5921875 0.075 0.10625
257 0.7078125 0.5875 0.0578125 0.1125
257 0.659375 0.575 0.075 0.10625
257 0.603125 0.571875 0.065625 0.10625
257 0.55625 0.5671875 0.0703125 0.1
257 0.5125 0.559375 0.059375 0.1
257 0.45625 0.559375 0.065625 0.096875
257 0.4203125 0.55625 0.053125 0.096875
257 0.384375 0.546875 0.059375 0.09375
257 0.34375 0.54375 0.05 0.0921875
257 0.30625 0.54375 0.0625 0.0890625
257 0.278125 0.540625 0.0453125 0.0875
257 0.2375 0.5375 0.05 0.090625
257 0.209375 0.534375 0.05 0.0875
257 0.175 0.534375 0.040625 0.084375
257 0.1453125 0.5265625 0.059375 0.0875
257 0.08125 0.521875 0.0625 0.0828125
257 0.859375 0.85 0.075 0.1
257 0.8 0.834375 0.06875 0.09375
257 0.740625 0.8234375 0.06875 0.09375
257 0.690625 0.8125 0.05625 0.0875
257 0.640625 0.8046875 0.065625 0.0875
257 0.590625 0.790625 0.053125 0.0875
257 0.540625 0.778125 0.053125 0.0921875
257 0.49375 0.765625 0.05 0.0875
257 0.4515625 0.759375 0.0359375 0.0875
257 0.415625 0.746875 0.0375 0.08125
257 0.378125 0.740625 0.05 0.078125
257 0.3375 0.734375 0.0453125 0.071875
257 0.2953125 0.7234375 0.053125 0.065625
257 0.259375 0.71875 0.025 0.06875
257 0.234375 0.715625 0.0375 0.0703125
257 0.203125 0.70625 0.0375 0.06875
257 0.1765625 0.7015625 0.04375 0.0703125
257 0.14375 0.690625 0.04375 0.0734375
257 0.1109375 0.6875 0.0375 0.065625
257 0.74375 0.7109375 0.059375 0.084375
257 0.6921875 0.7 0.059375 0.084375
257 0.646875 0.696875 0.053125 0.0875
257 0.6109375 0.69375 0.0484375 0.084375
257 0.559375 0.684375 0.0703125 0.084375
257 0.525 0.678125 0.053125 0.0875
257 0.4875 0.675 0.053125 0.084375
257 0.453125 0.665625 0.05625 0.0875
257 0.4140625 0.659375 0.053125 0.075
257 0.290625 0.640625 0.0484375 0.0703125
257 0.23125 0.6296875 0.046875 0.065625
257 0.1875 0.621875 0.0375 0.0703125
257 0.134375 0.6125 0.0359375 0.05625