257 0.60625 0.9015625 0.1515625 0.103125
257 0.60625 0.81875 0.15 0.090625
257 0.60625 0.7453125 0.146875 0.1
257 0.60625 0.66875 0.15 0.090625
257 0.609375 0.5984375 0.14375 0.084375
257 0.6125 0.5171875 0.1375 0.08125
257 0.6125 0.4453125 0.146875 0.0875
257 0.6140625 0.371875 0.15 0.084375
257 0.61875 0.296875 0.1421875 0.08125
257 0.61875 0.2171875 0.146875 0.0875
257 0.615625 0.146875 0.14375 0.1
257 0.621875 0.065625 0.15625 0.0953125
257 0.4265625 0.8640625 0.115625 0.075
257 0.43125 0.790625 0.115625 0.08125
257 0.43125 0.7265625 0.1234375 0.0875
257 0.434375 0.65625 0.1203125 0.08125
257 0.4359375 0.5875 0.11875 0.078125
257 0.4328125 0.51875 0.10625 0.0703125
257 0.4359375 0.45 0.109375 0.075
257 0.4375 0.384375 0.103125 0.078125
257 0.4375 0.3125 0.10625 0.078125
257 0.4375 0.25 0.103125 0.08125
257 0.440625 0.184375 0.1015625 0.0875
257 0.4421875 0.103125 0.096875 0.090625
257 0.2875 0.83125 0.09375 0.0796875
257 0.2953125 0.7671875 0.0875 0.065625
257 0.290625 0.7 0.0875 0.075
257 0.296875 0.6390625 0.0875 0.06875
257 0.296875 0.575 0.084375 0.06875
257 0.296875 0.5125 0.0796875 0.075
257 0.3 0.446875 0.0796875 0.071875
257 0.303125 0.384375 0.0796875 0.065625
257 0.303125 0.325 0.075 0.065625
257 0.303125 0.265625 0.078125 0.075
257 0.303125 0.2 0.078125 0.071875
257 0.30625 0.1390625 0.0734375 0.0796875
257 0.165625 0.8 0.0890625 0.0578125
257 0.16875 0.7453125 0.090625 0.065625
257 0.171875 0.684375 0.096875 0.0640625
257 0.175 0.625 0.090625 0.065625
257 0.1765625 0.56875 0.0921875 0.065625
257 0.175 0.5078125 0.0828125 0.0703125
257 0.178125 0.453125 0.09375 0.065625
257 0.1765625 0.39375 0.0921875 0.065625
257 0.18125 0.3359375 0.0921875 0.065625
257 0.178125 0.278125 0.09375 0.065625
257 0.178125 0.221875 0.090625 0.071875
257 0.184375 0.1546875 0.0875 0.0703125
