257 0.0859375 0.69375 0.078125 0.0890625
257 0.146875 0.684375 0.0625 0.0953125
257 0.190625 0.6859375 0.040625 0.09375
257 0.225 0.6828125 0.0453125 0.103125
257 0.2515625 0.690625 0.059375 0.1
257 0.3 0.696875 0.040625 0.0875
257 0.353125 0.690625 0.078125 0.08125
257 0.415625 0.690625 0.0578125 0.09375
257 0.459375 0.69375 0.034375 0.090625
257 0.4875 0.690625 0.0484375 0.09375
257 0.525 0.696875 0.046875 0.09375
257 0.5578125 0.696875 0.046875 0.0890625
257 0.603125 0.696875 0.0484375 0.084375
257 0.7328125 0.703125 0.046875 0.096875
257 0.76875 0.703125 0.040625 0.0921875
257 0.8 0.703125 0.053125 0.084375
257 0.828125 0.7046875 0.05 0.09375
257 0.8640625 0.70625 0.05625 0.0828125
257 0.9015625 0.70625 0.059375 0.09375
257 0.3828125 0.584375 0.05 0.084375
257 0.425 0.584375 0.0453125 0.0875
257 0.4671875 0.5875 0.05 0.0875
257 0.50625 0.584375 0.04375 0.090625
257 0.5421875 0.5828125 0.0453125 0.0890625
257 0.5765625 0.5875 0.0484375 0.078125
257 0.621875 0.590625 0.040625 0.09375
257 0.659375 0.5890625 0.04375 0.09375
257 0.7 0.5875 0.05 0.1
257 0.728125 0.596875 0.05 0.09375
257 0.809375 0.590625 0.053125 0.09375
257 0.85625 0.596875 0.053125 0.0859375
257 0.89375 0.596875 0.040625 0.0875
257 0.878125 0.484375 0.04375 0.071875
257 0.85 0.48125 0.040625 0.08125
257 0.815625 0.48125 0.0453125 0.0796875
257 0.78125 0.4828125 0.053125 0.0921875
257 0.796875 0.384375 0.065625 0.0890625
257 0.7125 0.3828125 0.0453125 0.0890625
257 0.671875 0.384375 0.053125 0.0890625
257 0.6390625 0.384375 0.053125 0.1
257 0.6 0.3859375 0.0484375 0.09375
257 0.575 0.3828125 0.053125 0.103125
257 0.5375 0.38125 0.059375 0.09375
257 0.50625 0.3859375 0.0578125 0.103125
257 0.471875 0.378125 0.0484375 0.1015625
257 0.428125 0.378125 0.0453125 0.1
257 0.2765625 0.4765625 0.04375 0.0875
257 0.2421875 0.4796875 0.04375 0.0875
257 0.2078125 0.4765625 0.05 0.09375
257 0.16875 0.475 0.040625 0.090625
257 0.134375 0.475 0.05625 0.09375
257 0.0890625 0.475 0.0390625 0.084375
257 0.8734375 0.184375 0.0578125 0.0765625
257 0.83125 0.1828125 0.05 0.0796875
257 0.7921875 0.1859375 0.053125 0.0875
257 0.753125 0.184375 0.0578125 0.0890625
257 0.709375 0.184375 0.0703125 0.090625
257 0.6578125 0.184375 0.0703125 0.090625
257 0.615625 0.184375 0.053125 0.084375
257 0.559375 0.175 0.0625 0.0921875
257 0.521875 0.1765625 0.0703125 0.0921875
257 0.4734375 0.178125 0.053125 0.090625
257 0.434375 0.178125 0.0546875 0.084375
257 0.390625 0.175 0.0625 0.0921875
257 0.3359375 0.1703125 0.065625 0.0875
257 0.290625 0.1703125 0.075 0.09375
257 0.246875 0.1671875 0.0796875 0.1
257 0.20625 0.171875 0.065625 0.096875
257 0.1625 0.165625 0.0625 0.0875
257 0.121875 0.165625 0.0703125 0.0859375
