257 0.6875 0.16875 0.0625 0.1109375
257 0.7359375 0.1703125 0.0484375 0.1078125
257 0.778125 0.16875 0.0640625 0.10625
257 0.821875 0.171875 0.0515625 0.109375
257 0.86875 0.171875 0.0546875 0.1015625
257 0.9125 0.175 0.04375 0.0953125
257 0.946875 0.178125 0.0453125 0.0984375
257 0.984375 0.178125 0.03125 0.09375
257 0.215625 0.29375 0.0625 0.115625
257 0.2625 0.2921875 0.0515625 0.1125
257 0.3125 0.3 0.05625 0.1078125
257 0.35625 0.3 0.0578125 0.1140625
257 0.40625 0.303125 0.05625 0.1109375
257 0.45 0.303125 0.065625 0.103125
257 0.496875 0.30625 0.04375 0.103125
257 0.5390625 0.3078125 0.059375 0.1046875
257 0.5796875 0.31875 0.04375 0.0859375
257 0.609375 0.31875 0.04375 0.0890625
257 0.646875 0.321875 0.0421875 0.0796875
257 0.778125 0.3203125 0.034375 0.078125
257 0.8125 0.3234375 0.040625 0.0890625
257 0.8421875 0.321875 0.0390625 0.078125
257 0.871875 0.3234375 0.0421875 0.0765625
257 0.9015625 0.321875 0.0390625 0.0796875
257 0.9359375 0.321875 0.0390625 0.071875
257 0.965625 0.321875 0.0359375 0.0703125
257 0.228125 0.434375 0.0625 0.1078125
257 0.278125 0.4359375 0.0546875 0.10625
257 0.3296875 0.4390625 0.053125 0.10625
257 0.3765625 0.434375 0.05625 0.1078125
257 0.425 0.4390625 0.04375 0.103125
257 0.471875 0.434375 0.046875 0.10625
257 0.51875 0.434375 0.05625 0.1
257 0.565625 0.4375 0.046875 0.1
257 0.6140625 0.4375 0.04375 0.1015625
257 0.65625 0.4390625 0.0390625 0.0921875
257 0.76875 0.4375 0.0453125 0.09375
257 0.809375 0.4375 0.0453125 0.1
257 0.85 0.4375 0.034375 0.090625
257 0.884375 0.4375 0.0390625 0.09375
257 0.921875 0.440625 0.0390625 0.0921875
257 0.959375 0.4375 0.0515625 0.09375
257 0.2375 0.5703125 0.0546875 0.1
257 0.2859375 0.56875 0.05625 0.1
257 0.3375 0.565625 0.0484375 0.1015625
257 0.3859375 0.5640625 0.046875 0.1015625
257 0.434375 0.5625 0.053125 0.1046875
257 0.478125 0.5625 0.0515625 0.1015625
257 0.528125 0.565625 0.046875 0.1
257 0.578125 0.5640625 0.04375 0.0984375
257 0.621875 0.5609375 0.04375 0.0921875
257 0.6671875 0.559375 0.0421875 0.0859375
257 0.7109375 0.559375 0.046875 0.09375
257 0.759375 0.5625 0.0484375 0.0984375
257 0.8 0.55625 0.04375 0.1
257 0.84375 0.55625 0.0515625 0.0984375
257 0.8890625 0.55625 0.0484375 0.09375
257 0.928125 0.55625 0.0453125 0.09375
257 0.96875 0.55625 0.0359375 0.0859375
257 0.2359375 0.703125 0.0484375 0.103125
257 0.284375 0.7 0.046875 0.1015625
257 0.3375 0.6984375 0.0484375 0.103125
257 0.384375 0.6953125 0.0453125 0.1015625
257 0.428125 0.6921875 0.0515625 0.1
257 0.475 0.6890625 0.0546875 0.1
257 0.525 0.6875 0.046875 0.1
257 0.571875 0.684375 0.0484375 0.0953125
257 0.625 0.6828125 0.0515625 0.0984375
257 0.66875 0.678125 0.0421875 0.096875
257 0.715625 0.678125 0.0515625 0.096875
257 0.75625 0.678125 0.0453125 0.0984375
257 0.8 0.675 0.0484375 0.09375
257 0.8421875 0.675 0.0421875 0.096875
257 0.8796875 0.6734375 0.0484375 0.090625
257 0.921875 0.671875 0.0484375 0.0953125
257 0.9625 0.66875 0.0578125 0.09375
257 0.24375 0.828125 0.046875 0.1
257 0.284375 0.821875 0.0546875 0.10625
257 0.3390625 0.821875 0.0515625 0.1078125
257 0.384375 0.81875 0.0453125 0.0984375
257 0.43125 0.815625 0.0546875 0.096875
257 0.478125 0.8125 0.05625 0.0953125
257 0.525 0.8125 0.053125 0.1
257 0.5625 0.8046875 0.0578125 0.1
257 0.60625 0.8015625 0.0484375 0.0953125
257 0.646875 0.8 0.04375 0.0953125
257 0.690625 0.7953125 0.04375 0.09375
257 0.728125 0.796875 0.040625 0.0859375
257 0.771875 0.79375 0.046875 0.0828125
257 0.8140625 0.79375 0.040625 0.084375
257 0.859375 0.7921875 0.0421875 0.0828125
257 0.89375 0.7875 0.040625 0.0859375
257 0.9296875 0.7859375 0.0515625 0.0828125
257 0.9765625 0.7765625 0.046875 0.0796875
257 0.253125 0.9515625 0.0546875 0.096875
257 0.3 0.95 0.0484375 0.0984375
257 0.346875 0.94375 0.046875 0.0953125
257 0.390625 0.940625 0.04375 0.096875
257 0.4421875 0.9359375 0.0625 0.0984375
257 0.4890625 0.93125 0.0546875 0.09375
257 0.5359375 0.9265625 0.046875 0.0828125
257 0.5796875 0.925 0.0515625 0.0921875
257 0.6265625 0.921875 0.04375 0.09375
257 0.66875 0.9140625 0.0453125 0.0890625
257 0.709375 0.9125 0.0453125 0.0875
257 0.7609375 0.909375 0.0484375 0.0890625
257 0.809375 0.9 0.065625 0.0921875
257 0.859375 0.903125 0.0390625 0.0859375
257 0.896875 0.896875 0.0421875 0.0875
257 0.93125 0.89375 0.05625 0.09375
257 0.97109375 0.8859375 0.0578125 0.09375
