89 0.2171875 0.0375 0.1203125 0.075
89 0.1328125 0.103125 0.1234375 0.090625
89 0.084375 0.06875 0.06875 0.0578125
89 0.04375 0.146875 0.065625 0.0515625
89 0.259375 0.146875 0.0921875 0.0703125
89 0.3734375 0.0875 0.084375 0.06875
89 0.48125 0.1140625 0.06875 0.0515625
89 0.5140625 0.1 0.0828125 0.0640625
89 0.609375 0.06875 0.0671875 0.0703125
89 0.740625 0.0734375 0.0640625 0.046875
89 0.8578125 0.0875 0.1046875 0.0734375
89 0.9609375 0.121875 0.078125 0.0578125
89 0.590625 0.121875 0.0484375 0.0390625
89 0.584375 0.1875 0.0859375 0.0671875
89 0.625 0.121875 0.0359375 0.034375
89 0.6125 0.2078125 0.0390625 0.0375
89 0.359375 0.228125 0.103125 0.078125
89 0.4609375 0.23125 0.0515625 0.0453125
89 0.259375 0.221875 0.0984375 0.0734375
89 0.1 0.2328125 0.0546875 0.0390625
89 0.265625 0.3046875 0.096875 0.078125
89 0.153125 0.265625 0.0828125 0.065625
89 0.1546875 0.3390625 0.0765625 0.0609375
89 0.1671875 0.41875 0.1015625 0.0734375
89 0.09375 0.4875 0.09375 0.0625
89 0.2421875 0.365625 0.0984375 0.0703125
89 0.29375 0.44375 0.0921875 0.05625
89 0.43125 0.3984375 0.0796875 0.06875
89 0.4625 0.3 0.096875 0.0765625
89 0.571875 0.30625 0.090625 0.06875
89 0.703125 0.165625 0.134375 0.0953125
89 0.8859375 0.196875 0.0625 0.0546875
89 0.709375 0.20625 0.103125 0.0703125
89 0.925 0.2375 0.059375 0.0421875
89 0.803125 0.1984375 0.0671875 0.0609375
89 0.565625 0.390625 0.103125 0.0859375
89 0.878125 0.25625 0.0703125 0.059375
89 0.790625 0.290625 0.1234375 0.1046875
89 0.925 0.328125 0.0515625 0.0453125
89 0.678125 0.334375 0.0671875 0.0515625
89 0.6625 0.403125 0.065625 0.0578125
89 0.746875 0.359375 0.075 0.0625
89 0.89375 0.4328125 0.15 0.125
89 0.8234375 0.359375 0.1046875 0.0734375
89 0.775 0.409375 0.0859375 0.0703125
89 0.74375 0.45625 0.0734375 0.0515625
89 0.634375 0.5 0.1375 0.1109375
89 0.446875 0.471875 0.1125 0.0734375
89 0.2375 0.5671875 0.0828125 0.065625
89 0.1453125 0.6453125 0.121875 0.0984375
89 0.29375 0.621875 0.084375 0.0703125
89 0.378125 0.584375 0.11875 0.090625
89 0.496875 0.575 0.09375 0.0828125
89 0.4453125 0.6375 0.0640625 0.0515625
89 0.209375 0.6984375 0.1484375 0.0859375
89 0.18125 0.8078125 0.1359375 0.0984375
89 0.096875 0.8125 0.0515625 0.0390625
89 0.115625 0.90625 0.165625 0.128125
89 0.278125 0.8875 0.0765625 0.059375
89 0.2109375 0.925 0.0859375 0.0828125
89 0.4125 0.69375 0.1125 0.0875
89 0.35625 0.7546875 0.08125 0.0484375
89 0.378125 0.81875 0.078125 0.06875
89 0.396875 0.753125 0.05 0.0453125
89 0.4265625 0.865625 0.1015625 0.0984375
89 0.465625 0.80625 0.078125 0.0515625
89 0.43125 0.9375 0.0515625 0.0484375
89 0.525 0.871875 0.1015625 0.09375
89 0.5125 0.7375 0.1015625 0.0984375
89 0.5125 0.9375 0.08125 0.0703125
89 0.559375 0.609375 0.0578125 0.046875
89 0.61875 0.7 0.0390625 0.0484375
89 0.6046875 0.640625 0.0578125 0.0515625
89 0.553125 0.58125 0.05625 0.0640625
89 0.7015625 0.6203125 0.071875 0.065625
89 0.709375 0.5453125 0.1015625 0.0828125
89 0.7625 0.5140625 0.0796875 0.053125
89 0.759375 0.6078125 0.0640625 0.065625
89 0.8203125 0.565625 0.0765625 0.0640625
89 0.9078125 0.578125 0.0484375 0.040625
89 0.86875 0.64375 0.096875 0.078125
89 0.7484375 0.7 0.0734375 0.0671875
89 0.665625 0.721875 0.05625 0.0390625
89 0.796875 0.696875 0.05625 0.0484375
89 0.6109375 0.7765625 0.1484375 0.125
89 0.6671875 0.90625 0.0921875 0.0875
89 0.7375 0.7875 0.0984375 0.0859375
89 0.809375 0.8984375 0.1046875 0.0828125
89 0.89375 0.865625 0.134375 0.0921875
89 0.859375 0.753125 0.0890625 0.08125
89 0.0640625 0.325 0.128125 0.1109375
89 0.9625 0.3796875 0.075 0.065625
89 0.9515625 0.759375 0.096875 0.0953125
