273 0.76875 0.696875 0.19375 0.1
273 0.1328125 0.234375 0.1875 0.0984375
273 0.14375 0.06875 0.153125 0.09375
273 0.7625 0.525 0.1890625 0.1078125
273 0.440625 0.8890625 0.1875 0.1
273 0.140625 0.8796875 0.1890625 0.0953125
273 0.1421875 0.721875 0.171875 0.1
273 0.153125 0.5609375 0.1625 0.090625
273 0.1328125 0.3984375 0.1875 0.1
273 0.4265625 0.3984375 0.19375 0.0984375
273 0.434375 0.7234375 0.1984375 0.1078125
273 0.425 0.559375 0.1984375 0.1078125
273 0.4171875 0.2265625 0.1984375 0.1078125
273 0.4109375 0.065625 0.1984375 0.1078125
273 0.7625 0.1859375 0.1984375 0.1078125
273 0.76875 0.359375 0.1984375 0.1078125
273 0.771875 0.8625 0.1984375 0.1078125
273 0.771875 0.034375 0.2015625 0.06875