223 0.54375 0.6921875 0.025 0.065625
223 0.4890625 0.671875 0.025 0.05625
223 0.4078125 0.515625 0.0296875 0.021875
223 0.65 0.5546875 0.028125 0.034375
223 0.70625 0.2265625 0.01875 0.0390625
223 0.475 0.21875 0.0171875 0.040625
223 0.5046875 0.21875 0.015625 0.0453125
223 0.43125 0.2078125 0.1140625 0.1890625
223 0.5828125 0.2046875 0.1640625 0.2125
223 0.771875 0.203125 0.1578125 0.20625
223 0.6515625 0.734375 0.228125 0.278125
223 0.6625 0.5609375 0.246875 0.0875
223 0.4203125 0.51875 0.1609375 0.06875
223 0.421875 0.6703125 0.1765625 0.246875
