89 0.0703125 0.3546875 0.0859375 0.1203125
89 0.0578125 0.5609375 0.059375 0.0890625
89 0.1265625 0.465625 0.06875 0.096875
89 0.0875 0.8484375 0.109375 0.146875
89 0.184375 0.6921875 0.065625 0.08125
89 0.1796875 0.5546875 0.1109375 0.1359375
89 0.1921875 0.41875 0.0671875 0.084375
89 0.2296875 0.325 0.0859375 0.10625
89 0.321875 0.1484375 0.0546875 0.071875
89 0.31875 0.2734375 0.1015625 0.125
89 0.4171875 0.209375 0.059375 0.075
89 0.303125 0.534375 0.0859375 0.1203125
89 0.353125 0.4734375 0.0625 0.0921875
89 0.346875 0.6609375 0.0859375 0.10625
89 0.309375 0.778125 0.0796875 0.096875
89 0.425 0.821875 0.1203125 0.16875
89 0.459375 0.6703125 0.0546875 0.0734375
89 0.425 0.53125 0.059375 0.0859375
89 0.471875 0.690625 0.0609375 0.0875
89 0.41875 0.3953125 0.0828125 0.1296875
89 0.43125 0.290625 0.0578125 0.078125
89 0.44375 0.4390625 0.0484375 0.075
89 0.4890625 0.228125 0.065625 0.0875
89 0.515625 0.14375 0.05625 0.078125
89 0.53125 0.1515625 0.0734375 0.121875
89 0.6421875 0.109375 0.0671875 0.096875
89 0.6015625 0.221875 0.0859375 0.1265625
89 0.540625 0.296875 0.046875 0.06875
89 0.5234375 0.3875 0.0828125 0.1078125
89 0.603125 0.33125 0.071875 0.0890625
89 0.575 0.45 0.059375 0.071875
89 0.5765625 0.625 0.059375 0.090625
89 0.6046875 0.521875 0.0625 0.0984375
89 0.6375 0.625 0.0546875 0.08125
89 0.6125 0.4015625 0.0578125 0.0796875
89 0.690625 0.421875 0.0390625 0.065625
89 0.68125 0.496875 0.0546875 0.071875
89 0.81875 0.640625 0.046875 0.0609375
89 0.709375 0.5390625 0.05625 0.0875
89 0.790625 0.465625 0.0484375 0.0703125
89 0.959375 0.328125 0.0734375 0.153125
89 0.9484375 0.459375 0.075 0.11875
89 0.8375 0.521875 0.046875 0.1046875
89 0.8828125 0.503125 0.028125 0.0578125
89 0.94375 0.6109375 0.0328125 0.0625
89 0.9625 0.184375 0.075 0.121875
89 0.61875 0.028125 0.05 0.05625
