273 0.40625 0.409375 0.26875 0.1359375
273 0.403125 0.0453125 0.265625 0.090625
273 0.3515625 0.2140625 0.26875 0.1359375
273 0.3984375 0.79375 0.265625 0.1359375
273 0.346875 0.9578125 0.275 0.0765625
273 0.759375 0.6015625 0.165625 0.140625
273 0.70625 0.409375 0.165625 0.140625
273 0.9515625 0.3078125 0.0859375 0.14375
273 0.7546875 0.2140625 0.165625 0.140625
273 0.7046875 0.046875 0.165625 0.09375
273 0.9546875 0.7 0.0859375 0.14375
273 0.7 0.796875 0.165625 0.140625
273 0.06875 0.6015625 0.11875 0.1390625
273 0.3515625 0.6 0.26875 0.1265625
273 0.06875 0.215625 0.1140625 0.1359375