223 0.2078125 0.375 0.0484375 0.215625
223 0.275 0.3890625 0.0609375 0.2546875
223 0.2109375 0.5265625 0.0390625 0.078125
223 0.2796875 0.590625 0.046875 0.0671875
223 0.21875 0.7015625 0.05 0.234375
223 0.290625 0.7265625 0.040625 0.178125
223 0.5359375 0.2875 0.4234375 0.0546875
223 0.54375 0.3453125 0.2828125 0.0515625
223 0.7171875 0.334375 0.0453125 0.0453125
223 0.5359375 0.3953125 0.4265625 0.034375
223 0.540625 0.453125 0.28125 0.0328125
223 0.7125 0.4453125 0.05 0.0359375
223 0.5578125 0.5 0.2484375 0.0421875
223 0.7140625 0.4953125 0.0578125 0.0515625
223 0.5609375 0.5671875 0.2375 0.053125
223 0.7140625 0.5625 0.0625 0.05
223 0.5609375 0.628125 0.240625 0.059375
223 0.7140625 0.61875 0.0484375 0.0671875
223 0.528125 0.68125 0.2734375 0.0609375
223 0.7109375 0.6796875 0.071875 0.06875
223 0.5265625 0.740625 0.2828125 0.06875
223 0.7140625 0.7421875 0.0828125 0.0734375
223 0.5296875 0.8078125 0.278125 0.0484375
223 0.71875 0.809375 0.0859375 0.0703125
