89 0.0375 0.703125 0.05 0.065625
89 0.075 0.603125 0.0453125 0.0671875
89 0.11875 0.70625 0.053125 0.0671875
89 0.084375 0.6703125 0.0421875 0.05625
89 0.0953125 0.609375 0.03125 0.0421875
89 0.0875 0.5609375 0.03125 0.0421875
89 0.14375 0.5125 0.0484375 0.0625
89 0.134375 0.640625 0.034375 0.04375
89 0.128125 0.578125 0.0421875 0.0625
89 0.2078125 0.4328125 0.0390625 0.0625
89 0.20625 0.5421875 0.03125 0.0390625
89 0.19375 0.484375 0.040625 0.059375
89 0.18125 0.55625 0.0359375 0.0515625
89 0.159375 0.671875 0.0375 0.0578125
89 0.1671875 0.615625 0.04375 0.0625
89 0.190625 0.7109375 0.034375 0.0421875
89 0.21875 0.59375 0.0578125 0.0796875
89 0.221875 0.5046875 0.0484375 0.0765625
89 0.1921875 0.6625 0.040625 0.05625
89 0.2453125 0.440625 0.0421875 0.0515625
89 0.296875 0.4140625 0.0375 0.05
89 0.3625 0.3953125 0.0375 0.05
89 0.271875 0.509375 0.03125 0.0453125
89 0.271875 0.6015625 0.034375 0.04375
89 0.2390625 0.6984375 0.0484375 0.0546875
89 0.253125 0.553125 0.0328125 0.04375
89 0.3 0.471875 0.04375 0.0515625
89 0.2875 0.5625 0.0375 0.0484375
89 0.2734375 0.653125 0.040625 0.0546875
89 0.29375 0.5171875 0.0296875 0.04375
89 0.334375 0.440625 0.040625 0.0609375
89 0.31875 0.553125 0.034375 0.0421875
89 0.30625 0.671875 0.04375 0.05625
89 0.375 0.4609375 0.0390625 0.05
89 0.30625 0.6125 0.040625 0.053125
89 0.2828125 0.7125 0.040625 0.0546875
89 0.353125 0.671875 0.046875 0.0625
89 0.315625 0.728125 0.0359375 0.04375
89 0.35 0.509375 0.046875 0.0640625
89 0.3609375 0.725 0.03125 0.0453125
89 0.3703125 0.5984375 0.075 0.096875
89 0.40625 0.521875 0.05625 0.0734375
89 0.4125 0.421875 0.046875 0.059375
89 0.39375 0.721875 0.0390625 0.0546875
89 0.4125 0.659375 0.046875 0.0671875
89 0.440625 0.578125 0.05 0.0640625
89 0.446875 0.475 0.0390625 0.0625
89 0.4546875 0.709375 0.0609375 0.0828125
89 0.48125 0.6375 0.05 0.0703125
89 0.465625 0.53125 0.0375 0.05625
89 0.525 0.709375 0.065625 0.0921875
89 0.484375 0.5703125 0.03125 0.04375
89 0.5453125 0.50625 0.025 0.0328125
89 0.525 0.55625 0.021875 0.0328125
89 0.575 0.7234375 0.0328125 0.05625
89 0.528125 0.6046875 0.04375 0.0578125
89 0.559375 0.471875 0.0265625 0.034375
89 0.571875 0.6640625 0.0265625 0.0375
89 0.5625 0.5625 0.028125 0.0359375
89 0.584375 0.5 0.0265625 0.034375
89 0.571875 0.6109375 0.034375 0.0484375
89 0.575 0.5296875 0.0265625 0.0328125
89 0.6125 0.48125 0.03125 0.04375
89 0.5875 0.571875 0.0234375 0.0328125
89 0.596875 0.640625 0.021875 0.034375
89 0.6109375 0.5375 0.046875 0.0640625
89 0.6 0.678125 0.03125 0.040625
89 0.6109375 0.5921875 0.0296875 0.04375
89 0.6203125 0.6515625 0.0234375 0.034375
89 0.6265625 0.721875 0.03125 0.0453125
89 0.6375 0.49375 0.0234375 0.0265625
89 0.65 0.575 0.0265625 0.03125
89 0.66875 0.48125 0.028125 0.0390625
89 0.64375 0.61875 0.034375 0.046875
89 0.65 0.6921875 0.0296875 0.0390625
89 0.6546875 0.5375 0.034375 0.0484375
89 0.675 0.609375 0.0328125 0.04375
89 0.675 0.721875 0.034375 0.04375
89 0.665625 0.6578125 0.034375 0.0515625
89 0.6765625 0.5625 0.028125 0.0390625
89 0.690625 0.684375 0.0203125 0.0375
89 0.68125 0.515625 0.0234375 0.034375
89 0.703125 0.65625 0.0296875 0.0421875
89 0.7046875 0.546875 0.0328125 0.04375
89 0.7125 0.721875 0.03125 0.04375
89 0.71875 0.6 0.034375 0.0546875
89 0.71875 0.509375 0.0234375 0.034375
89 0.71875 0.68125 0.0265625 0.0359375
89 0.7484375 0.5578125 0.0421875 0.0625
89 0.728125 0.6421875 0.0328125 0.04375
89 0.7421875 0.703125 0.021875 0.034375
89 0.753125 0.50625 0.040625 0.046875
89 0.746875 0.653125 0.0234375 0.0375
89 0.7578125 0.7359375 0.025 0.03125
89 0.7625 0.61875 0.0359375 0.0484375
89 0.7890625 0.55 0.0453125 0.0671875
89 0.775 0.690625 0.0359375 0.053125
89 0.815625 0.5125 0.025 0.034375
89 0.784375 0.6390625 0.040625 0.0515625
89 0.79375 0.734375 0.0203125 0.0203125
89 0.8171875 0.6078125 0.028125 0.046875
89 0.8140625 0.6890625 0.03125 0.04375
89 0.8375 0.5546875 0.0265625 0.04375
89 0.84375 0.65 0.0328125 0.05
89 0.875 0.515625 0.025 0.0375
89 0.84375 0.6 0.0328125 0.046875
89 0.8421875 0.7375 0.021875 0.021875
89 0.865625 0.5625 0.0328125 0.0453125
89 0.8484375 0.7015625 0.0359375 0.05
89 0.884375 0.60625 0.046875 0.0453125
89 0.88125 0.715625 0.0421875 0.0484375
89 0.928125 0.59375 0.0359375 0.04375
89 0.884375 0.659375 0.0453125 0.0609375
89 0.9515625 0.71875 0.05625 0.08125
89 0.928125 0.65625 0.0453125 0.0671875
