223 0.796875 0.5953125 0.078125 0.040625
223 0.7984375 0.66875 0.0828125 0.053125
223 0.8015625 0.73125 0.075 0.0515625
223 0.590625 0.65625 0.03125 0.0546875
223 0.809375 0.3015625 0.040625 0.0859375
223 0.590625 0.2453125 0.0203125 0.04375
223 0.4625 0.4515625 0.0171875 0.04375
223 0.4609375 0.5390625 0.025 0.0171875
223 0.4609375 0.5796875 0.025 0.0203125
223 0.4640625 0.61875 0.0390625 0.025
223 0.4390625 0.4546875 0.05 0.153125
223 0.4890625 0.4515625 0.05625 0.1609375
223 0.46875 0.5578125 0.0953125 0.046875
223 0.465625 0.5921875 0.0984375 0.05
223 0.4671875 0.6515625 0.0859375 0.0921875
223 0.5453125 0.6453125 0.0625 0.19375
223 0.6328125 0.665625 0.0953125 0.2
223 0.8390625 0.625 0.29375 0.090625
223 0.8390625 0.7 0.2734375 0.1171875
223 0.809375 0.7359375 0.2578125 0.0890625
223 0.8828125 0.4140625 0.165625 0.3703125
223 0.74375 0.409375 0.128125 0.340625
223 0.628125 0.28125 0.0796875 0.1109375
223 0.553125 0.278125 0.0671875 0.1109375
