223 0.696875 0.4375 0.0234375 0.2234375
223 0.734375 0.4515625 0.0265625 0.2140625
223 0.6921875 0.621875 0.19375 0.0453125
223 0.4546875 0.5484375 0.028125 0.0203125
223 0.4421875 0.59375 0.009375 0.0421875
223 0.4640625 0.59375 0.0125 0.04375
223 0.45 0.540625 0.146875 0.040625
223 0.415625 0.6390625 0.0671875 0.1484375
223 0.49375 0.6484375 0.0859375 0.153125
223 0.459375 0.2015625 0.0125 0.0453125
223 0.4765625 0.2046875 0.0125 0.04375
223 0.4265625 0.18125 0.078125 0.1
223 0.509375 0.1796875 0.0796875 0.10625
223 0.05625 0.6109375 0.015625 0.05
223 0.065625 0.6015625 0.015625 0.0359375
223 0.0421875 0.6765625 0.046875 0.146875
223 0.0796875 0.653125 0.03125 0.140625