223 0.059375 0.375 0.028125 0.0078125
223 0.059375 0.4265625 0.0125 0.0125
223 0.0625 0.4734375 0.0203125 0.0109375
223 0.178125 0.475 0.0203125 0.009375
223 0.178125 0.4984375 0.0125 0.0078125
223 0.3203125 0.4734375 0.0171875 0.0046875
223 0.321875 0.425 0.0203125 0.0109375
223 0.3234375 0.3765625 0.0171875 0.0109375
223 0.3203125 0.3296875 0.0203125 0.0046875
223 0.465625 0.45 0.0171875 0.0078125
223 0.465625 0.471875 0.0203125 0.0109375
223 0.4640625 0.4984375 0.0171875 0.0078125
223 0.5828125 0.4515625 0.0125 0.00625
223 0.58125 0.4765625 0.0171875 0.0078125
223 0.5828125 0.5 0.025 0.0109375
223 0.7 0.4765625 0.025 0.0078125
223 0.7046875 0.5015625 0.0203125 0.0078125
223 0.7890625 0.4265625 0.01875 0.00625
223 0.809375 0.4046875 0.015625 0.0078125
223 0.8109375 0.38125 0.015625 0.0078125
223 0.890625 0.4515625 0.0171875 0.0125
223 0.8875 0.4765625 0.0171875 0.0078125
223 0.98125 0.453125 0.0125 0.009375
223 0.98125 0.478125 0.0171875 0.0125
223 0.9828125 0.5 0.015625 0.0078125
223 0.0625 0.3890625 0.0875 0.046875
223 0.0640625 0.4375 0.071875 0.046875
223 0.059375 0.4859375 0.0796875 0.04375
223 0.178125 0.4765625 0.134375 0.0234375
223 0.178125 0.5 0.1296875 0.0203125
223 0.325 0.4828125 0.1375 0.0484375
223 0.321875 0.4359375 0.1359375 0.0453125
223 0.325 0.3890625 0.1375 0.0453125
223 0.321875 0.34375 0.1375 0.04375
223 0.434375 0.45 0.0828125 0.0203125
223 0.434375 0.4734375 0.0796875 0.0171875
223 0.434375 0.496875 0.0828125 0.01875
223 0.5515625 0.4984375 0.1375 0.0203125
223 0.55 0.4734375 0.1375 0.0234375
223 0.5546875 0.4515625 0.146875 0.0203125
223 0.7015625 0.4765625 0.13125 0.0234375
223 0.7046875 0.5 0.1296875 0.025
223 0.8125 0.4609375 0.0640625 0.0953125
223 0.809375 0.4015625 0.0609375 0.0203125
223 0.809375 0.38125 0.05625 0.0203125
223 0.8890625 0.4515625 0.0765625 0.025
223 0.9 0.4875 0.0703125 0.04375
223 0.9703125 0.4515625 0.059375 0.025
223 0.9703125 0.4765625 0.059375 0.0234375
223 0.971875 0.5015625 0.0546875 0.0234375