189 0.66875 0.453125 0.1078125 0.109375
189 0.7625 0.50625 0.159375 0.125
189 0.88125 0.60625 0.2375 0.1796875
189 0.0890625 0.3640625 0.1765625 0.1625
189 0.271875 0.365625 0.1515625 0.115625
189 0.4140625 0.378125 0.1203125 0.0921875
189 0.54375 0.4140625 0.109375 0.08125
189 0.171875 0.26875 0.0953125 0.075
189 0.259375 0.26875 0.0640625 0.0546875
189 0.31875 0.3 0.078125 0.06875
189 0.371875 0.296875 0.05 0.040625
189 0.421875 0.3125 0.0703125 0.0515625
189 0.515625 0.359375 0.0703125 0.0515625
189 0.6234375 0.3875 0.0734375 0.0546875
189 0.4953125 0.3234375 0.0390625 0.0265625
189 0.9390625 0.475 0.121875 0.125
