223 0.3578125 0.60625 0.015625 0.278125
223 0.3703125 0.609375 0.0171875 0.2671875
223 0.50625 0.6171875 0.025 0.0234375
223 0.3671875 0.3921875 0.071875 0.096875
223 0.4359375 0.3953125 0.0625 0.0984375
223 0.515625 0.434375 0.075 0.15625
223 0.596875 0.4359375 0.0734375 0.1484375
223 0.6453125 0.3765625 0.025 0.1515625
223 0.678125 0.3640625 0.040625 0.171875
223 0.965625 0.378125 0.0671875 0.4390625
223 0.91875 0.5546875 0.028125 0.034375
223 0.5046875 0.6859375 0.059375 0.10625
223 0.50625 0.615625 0.065625 0.025