223 0.6390625 0.715625 0.03125 0.0359375
223 0.6671875 0.7171875 0.0203125 0.0296875
223 0.896875 0.6625 0.0203125 0.03125
223 0.9125 0.6625 0.0171875 0.01875
223 0.9484375 0.6078125 0.0171875 0.0234375
223 0.8640625 0.6234375 0.0171875 0.025
223 0.2703125 0.771875 0.025 0.03125
223 0.2453125 0.7734375 0.01875 0.028125
223 0.340625 0.696875 0.0203125 0.025
223 0.1578125 0.7203125 0.028125 0.028125
223 0.15 0.571875 0.028125 0.028125
223 0.23125 0.5 0.01875 0.025
223 0.8859375 0.5125 0.015625 0.021875
223 0.1328125 0.325 0.215625 0.371875
223 0.134375 0.5625 0.1921875 0.084375
223 0.16875 0.7234375 0.1609375 0.0640625
223 0.33125 0.6953125 0.165625 0.065625
223 0.33125 0.8515625 0.15 0.1828125
223 0.1796875 0.86875 0.146875 0.1921875
223 0.5875 0.8296875 0.1140625 0.2328125
223 0.703125 0.8046875 0.0953125 0.221875
223 0.8609375 0.7515625 0.084375 0.1921875
223 0.9359375 0.725 0.059375 0.18125
223 0.94375 0.6 0.071875 0.04375
223 0.85625 0.6171875 0.0828125 0.040625
223 0.875 0.509375 0.075 0.0484375
223 0.8765625 0.334375 0.090625 0.25
