223 0.80625 0.375 0.1484375 0.4203125
223 0.6546875 0.3671875 0.1328125 0.4
223 0.790625 0.60625 0.1390625 0.0421875
223 0.6484375 0.5875 0.1265625 0.0390625
223 0.71875 0.659375 0.2703125 0.0671875
223 0.715625 0.740625 0.2640625 0.08125
223 0.146875 0.3421875 0.0890625 0.328125
223 0.246875 0.346875 0.0953125 0.3421875
223 0.1625 0.521875 0.0859375 0.03125
223 0.25625 0.534375 0.09375 0.0328125
223 0.215625 0.58125 0.1828125 0.0546875
223 0.21875 0.65 0.1796875 0.06875
223 0.70625 0.740625 0.0203125 0.021875
223 0.7875 0.609375 0.0171875 0.01875
223 0.7109375 0.6609375 0.01875 0.025
223 0.646875 0.5875 0.0171875 0.01875
223 0.215625 0.65 0.01875 0.0203125
223 0.209375 0.58125 0.0203125 0.021875
223 0.2546875 0.5359375 0.0203125 0.021875
223 0.159375 0.525 0.0171875 0.01875
223 0.2078125 0.425 0.0171875 0.021875
223 0.190625 0.4234375 0.0125 0.0171875
223 0.7109375 0.4703125 0.015625 0.0125
223 0.73125 0.471875 0.0171875 0.01875