124 0.1328125 0.9546875 0.1359375 0.084375
124 0.221875 0.6953125 0.1109375 0.121875
124 0.24375 0.28125 0.1109375 0.0578125
124 0.2703125 0.64375 0.096875 0.10625
124 0.3 0.80625 0.13125 0.115625
124 0.5390625 0.759375 0.1015625 0.096875
124 0.5953125 0.2078125 0.2140625 0.2078125
124 0.6203125 0.725 0.0875 0.10625
124 0.775 0.3328125 0.3046875 0.2703125
124 0.7359375 0.0953125 0.1703125 0.1703125
124 0.734375 0.6359375 0.084375 0.0546875
124 0.74375 0.7125 0.09375 0.09375
124 0.8015625 0.6921875 0.0921875 0.1015625
