89 0.41875 0.790625 0.178125 0.271875
89 0.075 0.803125 0.1484375 0.2890625
89 0.66875 0.89296875 0.228125 0.2140625
89 0.846875 0.878125 0.1578125 0.2421875
89 0.915625 0.7703125 0.1296875 0.2078125
89 0.9703125 0.41875 0.053125 0.075
89 0.9125 0.4234375 0.0515625 0.0828125
89 0.825 0.41875 0.071875 0.10625
89 0.7359375 0.421875 0.059375 0.1
89 0.678125 0.45 0.0515625 0.0734375
89 0.484375 0.465625 0.0546875 0.075
89 0.446875 0.440625 0.0453125 0.06875
89 0.371875 0.475 0.065625 0.090625
89 0.303125 0.4625 0.0609375 0.0921875
89 0.225 0.4953125 0.059375 0.0828125
89 0.16875 0.4796875 0.05625 0.096875
89 0.08125 0.50625 0.0625 0.096875
89 0.025 0.50625 0.05 0.0921875
89 0.2375 0.3453125 0.021875 0.03125
89 0.7640625 0.340625 0.028125 0.0375
89 0.734375 0.34375 0.021875 0.034375
89 0.709375 0.3375 0.0265625 0.0375
89 0.671875 0.3375 0.0171875 0.028125
89 0.6546875 0.340625 0.0171875 0.028125
89 0.634375 0.3375 0.0234375 0.0296875
89 0.60625 0.340625 0.021875 0.03125
89 0.575 0.340625 0.01875 0.028125
89 0.559375 0.3421875 0.0171875 0.0265625
89 0.5375 0.3375 0.0203125 0.0296875
89 0.2375 0.346875 0.01875 0.0328125
89 0.309375 0.3359375 0.021875 0.03125
89 0.3359375 0.340625 0.015625 0.0203125
89 0.425 0.334375 0.0234375 0.0328125
89 0.3609375 0.3375 0.025 0.0296875
89 0.446875 0.334375 0.021875 0.0296875
89 0.3953125 0.3375 0.0171875 0.0203125
89 0.384375 0.3375 0.0171875 0.0234375
89 0.4859375 0.3390625 0.0203125 0.028125
89 0.515625 0.3375 0.021875 0.03125
89 0.4640625 0.3390625 0.0171875 0.0234375
