89 0.0890625 0.578125 0.103125 0.084375
89 0.2453125 0.596875 0.1015625 0.084375
89 0.2 0.5171875 0.125 0.096875
89 0.2734375 0.4359375 0.1125 0.0875
89 0.45625 0.4125 0.0953125 0.0828125
89 0.375 0.496875 0.0859375 0.0734375
89 0.29375 0.5421875 0.0734375 0.0578125
89 0.3578125 0.378125 0.1109375 0.10625
89 0.56875 0.340625 0.0640625 0.053125
89 0.54375 0.4375 0.065625 0.0640625
89 0.5234375 0.521875 0.0671875 0.0625
89 0.70625 0.321875 0.08125 0.0859375
89 0.44375 0.56875 0.071875 0.059375
89 0.559375 0.403125 0.065625 0.0625
89 0.4875 0.384375 0.053125 0.0546875
89 0.5984375 0.496875 0.08125 0.078125
89 0.69375 0.4046875 0.0515625 0.0625
89 0.65625 0.35625 0.0453125 0.0421875
89 0.634375 0.459375 0.05 0.053125
89 0.65 0.528125 0.046875 0.0546875
89 0.7875 0.390625 0.0625 0.0546875
89 0.7375 0.4390625 0.065625 0.0640625
89 0.859375 0.390625 0.040625 0.046875
89 0.690625 0.496875 0.05 0.0484375
89 0.784375 0.478125 0.0234375 0.03125
89 0.803125 0.434375 0.0484375 0.046875
89 0.74375 0.521875 0.0453125 0.065625
89 0.8203125 0.528125 0.0546875 0.0390625
89 0.8125 0.48125 0.034375 0.0453125
89 0.8609375 0.446875 0.0375 0.0484375
89 0.88125 0.40625 0.04375 0.0546875
89 0.95625 0.3921875 0.0671875 0.0765625
89 0.9828125 0.4765625 0.0234375 0.0453125
89 0.8875 0.525 0.03125 0.040625
89 0.846875 0.4875 0.034375 0.04375
89 0.959375 0.51875 0.021875 0.0359375
89 0.9515625 0.465625 0.025 0.0390625
89 0.946875 0.440625 0.0375 0.046875
89 0.884375 0.48125 0.025 0.028125
89 0.8890625 0.4484375 0.028125 0.0359375
