89 0.0515625 0.4296875 0.08125 0.14375
89 0.2625 0.365625 0.0953125 0.140625
89 0.4078125 0.284375 0.0515625 0.0671875
89 0.084375 0.6875 0.1046875 0.121875
89 0.2609375 0.5734375 0.1140625 0.1640625
89 0.45625 0.6046875 0.1765625 0.1875
89 0.64375 0.4875 0.2015625 0.2296875
89 0.853125 0.3234375 0.109375 0.1671875
89 0.778125 0.528125 0.0859375 0.1109375
89 0.96875 0.5421875 0.0625 0.0859375
89 0.8796875 0.48125 0.1046875 0.109375
89 0.959375 0.1328125 0.0203125 0.04375
89 0.94375 0.16875 0.0328125 0.046875
89 0.896875 0.19375 0.03125 0.046875
89 0.8625 0.159375 0.0328125 0.0484375
89 0.884375 0.09375 0.034375 0.0390625
89 0.5890625 0.046875 0.0390625 0.05625
89 0.621875 0.03125 0.03125 0.0359375
89 0.75 0.021875 0.0296875 0.0421875
89 0.8125 0.0546875 0.028125 0.0421875
89 0.84375 0.06875 0.0390625 0.0515625
89 0.771875 0.090625 0.0390625 0.053125
89 0.8 0.1484375 0.0296875 0.0390625
89 0.8921875 0.11875 0.01875 0.028125
89 0.84375 0.1125 0.0359375 0.04375
89 0.4015625 0.065625 0.021875 0.0265625
