89 0.365625 0.10625 0.0265625 0.040625
89 0.4546875 0.121875 0.0203125 0.0296875
89 0.3375 0.184375 0.025 0.0328125
89 0.4703125 0.1453125 0.0171875 0.0359375
89 0.928125 0.225 0.0421875 0.0953125
89 0.88125 0.2125 0.0265625 0.0703125
89 0.9296875 0.325 0.040625 0.08125
89 0.89375 0.203125 0.025 0.0671875
89 0.840625 0.3015625 0.046875 0.096875
89 0.7953125 0.303125 0.0390625 0.0625
89 0.8875 0.3796875 0.0203125 0.0578125
89 0.85625 0.38125 0.025 0.0734375
89 0.8734375 0.4671875 0.0328125 0.0640625
89 0.8015625 0.378125 0.0546875 0.1296875
89 0.8171875 0.49375 0.0390625 0.084375
89 0.815625 0.425 0.0328125 0.0734375
89 0.834375 0.521875 0.05 0.096875
89 0.8796875 0.540625 0.028125 0.0546875
89 0.7359375 0.4125 0.0640625 0.1125
89 0.771875 0.565625 0.0359375 0.075
89 0.7375 0.48125 0.04375 0.0875
89 0.61875 0.4703125 0.0453125 0.06875
89 0.6125 0.346875 0.0609375 0.1140625
89 0.734375 0.6296875 0.0671875 0.15
89 0.5140625 0.428125 0.08125 0.1265625
89 0.4859375 0.596875 0.06875 0.1078125
89 0.46875 0.46875 0.0796875 0.1390625
89 0.5484375 0.678125 0.0796875 0.0984375
89 0.29375 0.6171875 0.071875 0.115625
89 0.0984375 0.634375 0.1140625 0.153125
