89 0.1125 0.10625 0.009375 0.078125
89 0.1734375 0.05625 0.0203125 0.1078125
89 0.1375 0.1203125 0.0140625 0.0625
89 0.2 0.1203125 0.021875 0.09375
89 0.2375 0.1046875 0.0609375 0.1640625
89 0.146875 0.140625 0.0140625 0.0625
89 0.1625 0.190625 0.0140625 0.071875
89 0.1796875 0.203125 0.0171875 0.071875
89 0.1109375 0.296875 0.0078125 0.0640625
89 0.125 0.278125 0.0265625 0.1296875
89 0.24375 0.2609375 0.0296875 0.121875
89 0.11875 0.3703125 0.0171875 0.11875
89 0.196875 0.384375 0.021875 0.1015625
89 0.2375 0.490625 0.0390625 0.1390625
89 0.178125 0.4546875 0.0203125 0.121875
89 0.2625 0.3765625 0.0375 0.1421875
89 0.190625 0.4390625 0.0203125 0.0875
89 0.34375 0.178125 0.09375 0.3515625
89 0.228125 0.5328125 0.01875 0.15
89 0.29375 0.44375 0.071875 0.24375
89 0.2796875 0.5984375 0.0390625 0.1640625
89 0.34375 0.409375 0.0578125 0.184375
89 0.246875 0.5765625 0.021875 0.0953125
89 0.1609375 0.734375 0.0265625 0.178125
89 0.2546875 0.5859375 0.0109375 0.1015625
89 0.3453125 0.665625 0.0453125 0.1828125
89 0.49375 0.46875 0.1015625 0.253125
89 0.340625 0.7875 0.0453125 0.1625
89 0.4234375 0.609375 0.0484375 0.1609375
89 0.378125 0.784375 0.0640625 0.2015625
89 0.5484375 0.63125 0.1328125 0.29375
