109 0.326923076562109 0.5195312109 0.370192307812109 0.4492187109 0.370192307812109 0.4101562109 0.326923076562109 0.3632812109 0.2109 0.3476562109 0.1442307687500000109 0.3867187109 0.129807692187109 0.4570312109 0.187109 0.51562109 0.2932692312109 0.5312109 0.326923076562109 0.51953125
109 0.389423076562109 0.7070312109 0.538461539062109 0.695312109 0.6057692312109 0.6601562109 0.639423076562109 0.6210937109 0.63461538437109 0.554687109 0.59615384687109 0.5117187109 0.4711538468749999109 0.4882812109 0.370192307812109 0.5117187109 0.30288461562109 0.5937109 0.30288461562109 0.6601562109 0.370192307812109 0.6835937109 0.389423076562109 0.70703125
109 0.514423076562109 0.35937109 0.5192307687109 0.3085937109 0.109 0.273437109 0.423076923437109 0.2617187109 0.389423076562109 0.273437109 0.34134615312109 0.3476562109 0.370192307812109 0.4101562109 0.4567307687499999109 0.4335937109 0.514423076562109 0.359375
109 0.5817307687109 0.5117187109 0.63461538437109 0.554687109 0.639423076562109 0.437109 0.5817307687109 0.3632812109 0.5192307687109 0.3554687109 0.4567307687499999109 0.437109 0.413461539062109 0.4492187109 0.389423076562109 0.507812109 0.52884615312109 0.4960937109 0.5817307687109 0.51171875
109 0.34134615312109 0.35937109 0.34615384687109 0.304687109 0.312109 0.3007812109 0.28365384687109 0.26562109 0.182692307812109 0.26562109 0.12109 0.3164062109 0.110576923437109 0.3476562109 0.1201923078125000109 0.39062109 0.2403846156250000109 0.351562109 0.34134615312109 0.359375
109 0.2019230765625000109 0.7460937109 0.2109 0.695312109 0.28365384687109 0.6367187109 0.28365384687109 0.60937109 0.254807692187109 0.6132812109 0.254807692187109 0.601562109 0.30288461562109 0.57812109 0.32211538437109 0.54687109 0.32211538437109 0.5273437109 0.23557692343749997 0.523437109 0.192307692187109 0.5273437109 0.1201923078125000109 0.5898437109 0.1057692312109 0.6601562109 0.15384615312109 0.7460937109 0.2019230765625000109 0.74609375
109 0.774038460937109 0.7617187109 0.7932692312109 0.6914062109 0.774038460937109 0.6679687109 0.745192307812109 0.6679687109 0.69711538437109 0.6367187109 0.63461538437109 0.632812109 0.557692307812109 0.6992187109 0.389423076562109 0.710937109 0.336538460937109 0.6914062109 0.2403846156250000109 0.757812109 0.774038460937109 0.76171875
109 0.370192307812109 0.687109 0.3942307687109 0.7148437109 0.5192307687109 0.757812109 0.53365384687109 0.7148437109 0.639423076562109 0.632812109 0.649038460937109 0.562109 0.6057692312109 0.507812109 0.485576923437109 0.48437109 0.3942307687109 0.109 0.32211538437109 0.54687109 0.2932692312109 0.6054687109 0.2932692312109 0.6523437109 0.370192307812109 0.6875
109 0.38461538437109 0.4960937109 0.336538460937109 0.5273437109 0.2932692312109 0.5937109 0.27884615312109 0.6601562109 0.44711538437109 0.7226562109 0.576923076562109 0.6992187109 0.649038460937109 0.6289062109 0.649038460937109 0.4570312109 0.59615384687109 0.3789062109 0.538461539062109 0.3554687109 0.504807692187109 0.35937109 0.38461538437109 0.429687109 0.3557692312109 0.48437109 0.38461538437109 0.4804687109 0.38461538437109 0.49609375
109 109 0.3242187109 0.932692307812109 0.320312109 0.8942307687109 0.3437109 0.7932692312109 0.3437109 0.72115384687109 0.39062109 0.71634615312109 0.414062109 0.774038460937109 0.4726562109 0.9278846156249999 0.5429687109 109 0.5585937109 109 0.32421875
109 0.548076923437109 0.6992187109 0.63461538437109 0.632812109 0.6442307687109 0.562109 0.62109 0.5273437109 0.576923076562109 0.109 0.4807692312500000109 0.48437109 0.360576923437109 0.51562109 0.30288461562109 0.5898437109 0.30288461562109 0.6562109 0.399038460937109 0.710937109 0.548076923437109 0.69921875
