89 0.984375 0.559375 0.03125 0.071875
89 0.84375 0.5578125 0.1015625 0.1078125
89 0.93125 0.340625 0.1375 0.2265625
89 0.825 0.375 0.1125 0.1609375
89 0.74375 0.26875 0.096875 0.1375
89 0.659375 0.33125 0.05 0.071875
89 0.56875 0.309375 0.05 0.0671875
89 0.7171875 0.43125 0.13125 0.19375
89 0.596875 0.3625 0.0578125 0.0671875
89 0.60625 0.565625 0.1234375 0.1515625
89 0.6078125 0.45 0.0828125 0.0953125
89 0.53125 0.425 0.0875 0.13125
89 0.509375 0.2296875 0.128125 0.15625
89 0.390625 0.21875 0.078125 0.1171875
89 0.434375 0.384375 0.14375 0.1734375
89 0.39375 0.5640625 0.140625 0.190625
89 0.3265625 0.340625 0.0984375 0.1375
89 0.2765625 0.38125 0.059375 0.0859375
89 0.2515625 0.6046875 0.134375 0.16875
89 0.2484375 0.9234375 0.134375 0.153125
89 0.05625 0.8 0.1125 0.1875
89 0.065625 0.5140625 0.13125 0.228125
89 0.7359375 0.5625 0.10625 0.109375
