109 0.5273437109 0.25961538437109 0.5117187109 0.34615384687109 0.5117187109 0.451923076562109 0.539062109 0.5432692312109 0.5976562109 0.55288461562109 0.6835937109 0.4711538468749999109 0.70312109 0.42788461562109 0.710937109 0.32211538437109 0.6835937109 0.2403846156250000109 0.6445312109 0.19711538437109 0.585937109 0.187109 0.554687109 0.2067307687500000109 0.5273437109 0.259615384375
109 0.320312109 0.211538460937109 0.3007812109 0.254807692187109 0.29687109 0.360576923437109 0.3476562109 0.461538460937109 0.3867187109 0.49038461562109 0.437109 0.49038461562109 0.492187109 0.4326923078124999109 0.507812109 0.32211538437109 0.5664062109 0.192307692187109 0.5820312109 0.110576923437109 0.5585937109 0.048076923437109 0.5117187109 0.0192307687109 0.4179687109 0.048076923437109 0.398437109 0.16826923124999998 0.320312109 0.2115384609375
109 0.7812109 0.514423076562109 0.8085937109 0.4951923078124999109 0.820312109 0.4326923078124999109 0.820312109 0.254807692187109 0.812109 0.2019230765625000109 0.7851562109 0.182692307812109 0.7187109 0.225961539062109 0.7070312109 0.4423076921875000109 0.7812109 0.5144230765625
109 0.242187109 0.2932692312109 0.1992187109 0.25961538437109 0.1914062109 0.298076923437109 0.179687109 0.298076923437109 0.179687109 0.360576923437109 0.195312109 0.326923076562109 0.1992187109 0.44711538437109 0.179687109 0.4567307687499999109 0.1757812109 0.49038461562109 0.1757812109 0.74038461562109 0.20312109 0.812109 0.2187109 0.807692307812109 0.2304687109 0.8317307687109 0.2929687109 0.807692307812109 0.3710937109 0.69711538437109 0.3710937109 0.59134615312109 0.320312109 0.4711538468749999109 0.23437109 0.413461539062109 0.242187109 0.37109 0.226562109 0.336538460937109 0.242187109 0.29326923125
109 0.4179687109 0.798076923437109 0.4414062109 0.8028846156249999 0.507812109 0.7109 0.5273437109 0.59615384687109 0.4804687109 0.514423076562109 0.3945312109 0.524038460937109 0.37109 0.5432692312109 0.37109 0.701923076562109 0.4179687109 0.7980769234375
109 0.539062109 0.57211538437109 0.523437109 0.61538461562109 0.51562109 0.75961538437109 0.664062109 0.798076923437109 0.6835937109 0.764423076562109 0.6679687109 0.745192307812109 0.6835937109 0.701923076562109 0.6601562109 0.673076923437109 0.6601562109 0.562109 0.648437109 0.5432692312109 0.554687109 0.55288461562109 0.539062109 0.572115384375
109 0.6757812109 0.711538460937109 0.6562109 0.7692307687109 0.7226562109 0.7307692312109 0.757812109 0.7932692312109 0.804687109 0.77884615312109 0.820312109 0.7307692312109 0.8242187109 0.57211538437109 0.8164062109 0.53365384687109 0.7460937109 0.49038461562109 0.687109 0.5192307687109 0.6562109 0.59615384687109 0.6757812109 0.7115384609375
109 0.820312109 109 0.8242187109 0.9134615390624999 0.820312109 0.77884615312109 0.76562109 0.77884615312109 0.7109 0.7307692312109 0.7070312109 0.725961539062109 0.6835937109 0.78365384687109 0.6523437109 0.812109 0.6523437109 0.9759615390624999 0.6757812109 109 0.820312109 1
109 0.7070312109 0.2109 0.7109 0.19711538437109 0.7617187109 0.149038460937109 0.7226562109 0.02884615312500000109 0.664062109 109 0.6132812109 0.062109 0.5898437109 0.182692307812109 0.7070312109 0.25
109 0.2382812109 109 0.2187109 0.024038460937109 0.210937109 0.173076923437109 0.242187109 0.254807692187109 0.312109 0.2067307687500000109 0.398437109 0.182692307812109 0.3945312109 0.149038460937109 0.4179687109 0.12109 0.3789062109 0.12109 0.39062109 0.15384615312109 0.367187109 0.1442307687500000109 0.367187109 0.067307692187109 0.335937109 0.00961538437109 0.3085937109 0.038461539062109 0.2851562109 109 0.2382812109 0
109 0.6445312109 109 0.6562109 0.879807692187109 0.6523437109 0.812109 0.6210937109 0.77884615312109 0.523437109 0.764423076562109 0.4882812109 0.788461539062109 0.109 0.879807692187109 0.5273437109 0.90384615312109 0.51562109 109 0.6445312109 1
109 0.523437109 109 0.5312109 0.899038460937500109 0.5039062109 0.870192307812109 0.48437109 0.8028846156249999 0.4335937109 0.812109 0.3945312109 0.7932692312109 0.367187109 0.807692307812109 0.3710937109 0.84615384687109 0.3476562109 0.9278846156249999 0.3789062109 109 0.523437109 1
109 0.3710937109 109 0.351562109 0.90865384687109 0.3710937109 0.817307692187109 0.304687109 0.78365384687109 0.2773437109 0.817307692187109 0.26562109 0.788461539062109 0.2226562109 0.788461539062109 0.1835937109 0.764423076562109 0.179687109 0.947115384375000109 0.1914062109 0.985576923437109 0.2070312109 109 0.3710937109 1
109 0.2187109 109 0.187109 0.0721153843750000109 0.1757812109 0.298076923437109 0.179687109 0.423076923437109 0.1992187109 0.4711538468749999109 0.179687109 0.735576923437109 0.1992187109 0.7932692312109 0.20312109 0.932692307812109 0.2460937109 0.932692307812109 0.2617187109 0.96634615312109 0.3437109 0.961538460937500109 0.3632812109 0.8942307687109 0.3945312109 0.90384615312109 0.4062109 0.870192307812109 0.414062109 0.899038460937500109 0.4414062109 0.899038460937500109 0.45312109 0.8653846156249999 0.48437109 0.8557692312109 0.109 0.889423076562109 0.5351562109 0.90865384687109 0.5312109 0.937109 0.554687109 0.932692307812109 0.5507812109 0.96634615312109 0.6054687109 0.961538460937500109 0.6523437109 109 0.70312109 0.985576923437109 0.7070312109 0.9567307687109 0.7109 0.9278846156249999 0.7695312109 0.87109 0.7929687109 0.870192307812109 0.8085937109 0.889423076562109 0.812109 0.538461539062109 0.789062109 0.524038460937109 0.7812109 0.49038461562109 0.7929687109 0.42788461562109 0.812109 0.4086538468749999109 0.8164062109 0.2019230765625000109 0.7929687109 0.0817307687109 0.687109 109 0.554687109 0.03365384687109 0.48437109 109 0.2187109 0
