89 0.1109375 0.790625 0.1046875 0.1171875
89 0.325 0.728125 0.078125 0.109375
89 0.4140625 0.6515625 0.0859375 0.1171875
89 0.46875 0.45625 0.0578125 0.08125
89 0.7046875 0.753125 0.0625 0.1125
89 0.528125 0.578125 0.0859375 0.1375
89 0.5203125 0.4546875 0.053125 0.0796875
89 0.6140625 0.5078125 0.0765625 0.1125
89 0.715625 0.4890625 0.0484375 0.0765625
89 0.878125 0.503125 0.078125 0.1328125
89 0.8625 0.671875 0.103125 0.11875
89 0.9296875 0.5625 0.0453125 0.0828125
89 0.946875 0.73125 0.0390625 0.1
89 0.971875 0.603125 0.0453125 0.08125
89 0.7875 0.75625 0.0421875 0.059375
