89 0.0921875 0.23125 0.06875 0.1140625
89 0.0640625 0.4625 0.115625 0.1671875
89 0.1875 0.328125 0.1265625 0.1796875
89 0.0625 0.6375 0.09375 0.1390625
89 0.140625 0.559375 0.075 0.1125
89 0.059375 0.740625 0.0578125 0.08125
89 0.13125 0.7171875 0.084375 0.128125
89 0.2359375 0.709375 0.1 0.14375
89 0.259375 0.446875 0.0984375 0.1390625
89 0.325 0.728125 0.0671875 0.1109375
89 0.3578125 0.440625 0.0984375 0.1484375
89 0.40625 0.7453125 0.0875 0.14375
89 0.3390625 0.5890625 0.103125 0.1640625
89 0.478125 0.79375 0.06875 0.1375
89 0.43125 0.5375 0.090625 0.1359375
89 0.525 0.440625 0.13125 0.1984375
89 0.4953125 0.659375 0.071875 0.1140625
89 0.565625 0.5984375 0.08125 0.121875
89 0.575 0.76875 0.128125 0.1921875
89 0.675 0.58125 0.128125 0.1921875
89 0.753125 0.41875 0.159375 0.228125
89 0.8125 0.215625 0.090625 0.1421875
89 0.928125 0.4046875 0.1171875 0.171875
89 0.84375 0.6 0.103125 0.14375
89 0.784375 0.709375 0.0828125 0.1046875
89 0.6875 0.853125 0.084375 0.1109375
89 0.846875 0.821875 0.0515625 0.071875
89 0.771875 0.828125 0.078125 0.109375
89 0.953125 0.815625 0.0859375 0.128125
89 0.853125 0.88125 0.0625 0.0671875
89 0.940625 0.9234375 0.078125 0.090625
