101 0.03125 0.046875 0.0625 0.09296875
101 0.06796875 0.24375 0.1359375 0.12734375
101 0.078125 0.3703125 0.15625 0.109375
101 0.01640625 0.8328125 0.0328125 0.08828125
101 0.83984375 0.74453125 0.10390625 0.08671875
101 0.64140625 0.7046875 0.08515625 0.0484375
101 0.6953125 0.63359375 0.08125 0.07109375
101 0.878125 0.634375 0.101 0.0734375
101 0.6671875 0.3359375 0.11484375 0.0734375
101 0.6765625 0.1859375 0.140625 0.0546875
101 0.94375 0.115625 0.1125 0.08984375
101 0.2171875 0.0578125 0.1625 0.115625
101 0.08984375 0.05 0.1203125 0.1
101 0.61796875 0.7640625 0.0890625 0.08046875
