124 0.1921875 0.6125 0.1484375 0.1015625
124 0.19375 0.50625 0.1296875 0.14375
124 0.2265625 0.45625 0.096875 0.078125
124 0.26875 0.4046875 0.1 0.0953125
124 0.26875 0.5046875 0.0375 0.065625
124 0.296875 0.478125 0.053125 0.0640625
124 0.3765625 0.5125 0.0796875 0.0796875
124 0.396875 0.4734375 0.0671875 0.06875
124 0.4359375 0.3359375 0.0671875 0.05625
124 0.4390625 0.5171875 0.0578125 0.0640625
124 0.434375 0.453125 0.046875 0.0453125
124 0.4734375 0.4578125 0.0515625 0.0578125
124 0.4875 0.5390625 0.0734375 0.065625
124 0.5078125 0.3375 0.075 0.078125
124 0.5265625 0.4734375 0.0640625 0.06875
124 0.5296875 0.415625 0.06875 0.05625
124 0.5453125 0.3578125 0.0828125 0.0859375
124 0.5703125 0.525 0.090625 0.075
124 0.571875 0.4765625 0.05 0.04375
124 0.5828125 0.4265625 0.040625 0.05
124 0.6375 0.50625 0.0296875 0.03125
124 0.665625 0.4484375 0.0703125 0.0640625
124 0.671875 0.5453125 0.0828125 0.0765625
124 0.68125 0.4859375 0.0671875 0.0609375
124 0.7671875 0.63125 0.1640625 0.1328125
124 0.7484375 0.55 0.1015625 0.0875
