223 0.0796875 0.6390625 0.0703125 0.025
223 0.26875 0.61875 0.0203125 0.0203125
223 0.3453125 0.6046875 0.0234375 0.0171875
223 0.3859375 0.63125 0.0234375 0.0171875
223 0.4109375 0.621875 0.015625 0.025
223 0.45 0.584375 0.0203125 0.021875
223 0.575 0.5859375 0.0203125 0.015625
223 0.7453125 0.6109375 0.025 0.025
223 0.2078125 0.7 0.1484375 0.1953125
223 0.34375 0.6 0.1109375 0.0390625
223 0.346875 0.69375 0.09375 0.146875
223 0.4484375 0.5890625 0.0953125 0.03125
223 0.44375 0.6671875 0.0859375 0.1203125
223 0.5421875 0.65 0.0953125 0.1609375
223 0.79375 0.6203125 0.1265625 0.05