223 0.5921875 0.140625 0.090625 0.0203125
223 0.5890625 0.1890625 0.090625 0.021875
223 0.5875 0.2421875 0.0875 0.021875
223 0.690625 0.378125 0.0390625 0.021875
223 0.6828125 0.4234375 0.0421875 0.0203125
223 0.6703125 0.4703125 0.04375 0.015625
223 0.6640625 0.509375 0.05 0.0203125
223 0.6609375 0.546875 0.0703125 0.021875
223 0.25 0.1375 0.059375 0.0234375
223 0.240625 0.1890625 0.0640625 0.0265625
223 0.24375 0.234375 0.0359375 0.028125
223 0.2609375 0.521875 0.0375 0.0234375
223 0.225 0.1765625 0.1046875 0.0421875
223 0.2671875 0.1390625 0.184375 0.021875
223 0.58125 0.1421875 0.2078125 0.03125
223 0.58125 0.1890625 0.18125 0.0515625
223 0.6125 0.253125 0.140625 0.0484375
223 0.628125 0.2859375 0.09375 0.0484375
223 0.70625 0.375 0.0875 0.0359375
223 0.7078125 0.421875 0.0875 0.0453125
223 0.7046875 0.465625 0.0859375 0.0359375
223 0.684375 0.50625 0.121875 0.03125
223 0.6703125 0.5484375 0.15 0.0515625
223 0.2421875 0.5171875 0.0796875 0.04375
223 0.2296875 0.478125 0.0515625 0.0328125
