223 0.075 0.634375 0.0328125 0.465625
223 0.0984375 0.63125 0.028125 0.46875
223 0.309375 0.396875 0.1015625 0.2234375
223 0.4234375 0.4 0.103125 0.2125
223 0.528125 0.4015625 0.1015625 0.2140625
223 0.909375 0.4078125 0.1328125 0.29375
223 0.79375 0.3328125 0.0828125 0.1296875
223 0.7140625 0.34375 0.065625 0.1078125
223 0.653125 0.4078125 0.0390625 0.2125
223 0.6109375 0.4109375 0.0453125 0.2078125
223 0.334375 0.703125 0.11875 0.0484375
223 0.45 0.703125 0.1171875 0.0515625
223 0.559375 0.696875 0.0390625 0.04375
223 0.7640625 0.796875 0.078125 0.075
223 0.7578125 0.8015625 0.0265625 0.028125
223 0.5578125 0.7046875 0.0140625 0.0125
223 0.4546875 0.6984375 0.01875 0.0171875
223 0.3328125 0.70625 0.025 0.025
223 0.3375 0.80625 0.109375 0.1375
223 0.3859375 0.740625 0.015625 0.01875
223 0.40625 0.7375 0.0140625 0.0265625
223 0.453125 0.8 0.1 0.1484375
223 0.559375 0.7984375 0.028125 0.15
223 0.5671875 0.74375 0.015625 0.0203125