223 0.75625 0.68125 0.053125 0.03125
223 0.49375 0.365625 0.025 0.040625
223 0.45 0.3640625 0.0171875 0.03125
223 0.4390625 0.3640625 0.0125 0.03125
223 0.6734375 0.6015625 0.05625 0.03125
223 0.6359375 0.6359375 0.0171875 0.04375
223 0.2953125 0.5390625 0.0203125 0.0375
223 0.3125 0.534375 0.015625 0.0359375
223 0.3546875 0.4890625 0.0390625 0.0171875
223 0.4203125 0.49375 0.025 0.0203125
223 0.4328125 0.53125 0.015625 0.025
223 0.2609375 0.5078125 0.046875 0.0171875
223 0.0875 0.3609375 0.028125 0.0625
223 0.659375 0.6828125 0.0625 0.15625
223 0.6765625 0.5984375 0.0890625 0.0546875
223 0.571875 0.5703125 0.1015625 0.0484375
223 0.421875 0.5421875 0.0359375 0.0859375
223 0.4203125 0.4875 0.0359375 0.03125
223 0.3484375 0.490625 0.090625 0.0328125
223 0.3515625 0.546875 0.0953125 0.075
223 0.2609375 0.5078125 0.078125 0.03125
223 0.2703125 0.5640625 0.075 0.0828125
223 0.5265625 0.3234375 0.0640625 0.146875
223 0.4671875 0.3234375 0.040625 0.125
223 0.428125 0.325 0.0359375 0.109375
223 0.059375 0.3 0.075 0.1828125
