246 0.59375 0.3390625 0.15625 0.196875
246 0.4328125 0.34375 0.1765625 0.196875
246 0.171875 0.3484375 0.196875 0.1140625
246 0.8546875 0.3703125 0.2078125 0.0828125
246 0.3796875 0.3859375 0.1875 0.1453125
246 0.640625 0.390625 0.21875 0.15625
246 0.1296875 0.390625 0.21875 0.09375
246 0.8640625 0.4421875 0.2390625 0.09375
246 0.34375 0.4640625 0.21875 0.1140625
246 0.125 0.46875 0.21875 0.0828125
246 0.640625 0.5046875 0.21875 0.134375
246 0.8546875 0.53125 0.2390625 0.1453125
246 0.1203125 0.53125 0.21875 0.125
246 0.375 0.5671875 0.228125 0.2078125
246 0.59375 0.5828125 0.196875 0.196875
246 0.84375 0.6046875 0.2390625 0.125
246 0.453125 0.609375 0.134375 0.2390625
246 0.140625 0.609375 0.2390625 0.165625
246 0.8015625 0.6921875 0.2390625 0.2078125
246 0.1765625 0.7296875 0.25 0.228125
246 0.7234375 0.765625 0.2078125 0.21875
246 0.640625 0.8015625 0.165625 0.25
246 0.25 0.8015625 0.1765625 0.28125
246 0.5515625 0.828125 0.125 0.259375
246 0.3390625 0.84375 0.1453125 0.2703125
246 0.453125 0.8546875 0.1140625 0.259375
246 0.5046875 0.1515625 0.0828125 0.196875
246 0.4375 0.15625 0.103125 0.1875
246 0.578125 0.15625 0.0828125 0.196875
246 0.3703125 0.1671875 0.1453125 0.165625
246 0.640625 0.1671875 0.103125 0.1875
246 0.6875 0.1984375 0.1453125 0.165625
246 0.3078125 0.2078125 0.1765625 0.1453125
246 0.734375 0.2234375 0.165625 0.125
246 0.25 0.2390625 0.1875 0.15625
246 0.7859375 0.25 0.2078125 0.1140625
246 0.1921875 0.2859375 0.2078125 0.125
246 0.828125 0.3171875 0.2078125 0.125