89 0.809375 0.759375 0.18125 0.2203125
89 0.525 0.5375 0.19375 0.2453125
89 0.521875 0.884375 0.1828125 0.2296875
89 0.271875 0.61875 0.0875 0.159375
89 0.1875 0.453125 0.08125 0.1578125
89 0.046875 0.35625 0.05 0.115625
89 0.103125 0.225 0.040625 0.109375
89 0.0859375 0.7140625 0.0890625 0.2078125
89 0.0609375 0.58125 0.0296875 0.065625
89 0.4375 0.696875 0.090625 0.134375
89 0.040625 0.15625 0.0203125 0.1
89 0.021875 0.171875 0.01875 0.09375
89 0.115625 0.503125 0.0375 0.075
89 0.0625 0.234375 0.01875 0.065625
89 0.0953125 0.45625 0.0203125 0.0828125
