89 0.11875 0.30625 0.103125 0.0828125
89 0.2421875 0.315625 0.1 0.078125
89 0.1453125 0.396875 0.1 0.0796875
89 0.103125 0.4828125 0.1125 0.078125
89 0.234375 0.496875 0.0828125 0.0703125
89 0.2625 0.40625 0.09375 0.08125
89 0.36875 0.4265625 0.0828125 0.0703125
89 0.29375 0.365625 0.0890625 0.071875
89 0.3453125 0.503125 0.078125 0.0671875
89 0.3984375 0.36875 0.0578125 0.059375
89 0.478125 0.390625 0.0625 0.0640625
89 0.41875 0.503125 0.0765625 0.071875
89 0.440625 0.428125 0.0703125 0.06875
89 0.546875 0.428125 0.0671875 0.06875
89 0.490625 0.53125 0.0703125 0.0625
89 0.484375 0.4671875 0.0640625 0.059375
89 0.60625 0.403125 0.0546875 0.0546875
89 0.546875 0.5 0.0640625 0.0703125
89 0.5203125 0.5796875 0.071875 0.0609375
89 0.6203125 0.465625 0.0734375 0.0625
89 0.5828125 0.61875 0.0578125 0.0625
89 0.63125 0.5203125 0.0578125 0.0453125
89 0.665625 0.425 0.0625 0.053125
89 0.665625 0.578125 0.065625 0.0640625
89 0.6921875 0.4671875 0.0515625 0.05
89 0.7359375 0.434375 0.05 0.0453125
89 0.71875 0.5203125 0.0515625 0.0546875
89 0.7015625 0.64375 0.0546875 0.0578125
89 0.7625 0.4875 0.0484375 0.05
89 0.78125 0.45625 0.040625 0.0515625
89 0.7515625 0.540625 0.0484375 0.0484375
89 0.75625 0.63125 0.0453125 0.05625
89 0.7578125 0.571875 0.05 0.0515625
89 0.80625 0.50625 0.04375 0.05
89 0.771875 0.6046875 0.059375 0.05625
89 0.796875 0.559375 0.0453125 0.0453125
89 0.7546875 0.659375 0.046875 0.0484375
89 0.884375 0.475 0.0421875 0.053125
89 0.890625 0.584375 0.046875 0.05625
89 0.896875 0.68125 0.0359375 0.046875
89 0.9453125 0.7015625 0.0359375 0.0484375
89 0.9328125 0.628125 0.0390625 0.05625
89 0.896875 0.528125 0.0453125 0.0546875
89 0.90625 0.478125 0.0296875 0.040625
89 0.9171875 0.559375 0.0375 0.0484375
89 0.975 0.48125 0.0328125 0.0359375
89 0.9609375 0.546875 0.0296875 0.04375
89 0.928125 0.59375 0.0359375 0.0390625
89 0.93125 0.665625 0.0359375 0.0453125
89 0.859375 0.634375 0.0375 0.0515625
89 0.940625 0.5578125 0.0296875 0.0515625
89 0.978125 0.634375 0.0328125 0.05
89 0.9671875 0.5890625 0.0390625 0.046875
89 0.209375 0.659375 0.0296875 0.0234375
89 0.1625 0.6546875 0.0359375 0.0265625
89 0.1171875 0.609375 0.0359375 0.0265625
89 0.18125 0.65625 0.021875 0.028125
89 0.1609375 0.60625 0.0390625 0.028125
89 0.121875 0.6546875 0.0390625 0.028125
89 0.0734375 0.6046875 0.034375 0.0296875
89 0.10625 0.6875 0.034375 0.028125
89 0.1421875 0.63125 0.0328125 0.0265625
89 0.1390625 0.675 0.0296875 0.0265625
89 0.103125 0.63125 0.04375 0.0328125
89 0.034375 0.60625 0.05 0.0359375
89 0.05625 0.6953125 0.0484375 0.04375
89 0.021875 0.665625 0.0390625 0.0390625
89 0.01875 0.7203125 0.0328125 0.03125
89 0.0796875 0.6640625 0.0484375 0.0375
89 0.046875 0.6375 0.046875 0.0359375
