89 0.8625 0.61875 0.040625 0.059375
89 0.84375 0.55625 0.046875 0.065625
89 0.8203125 0.61875 0.0359375 0.05
89 0.796875 0.571875 0.0421875 0.0625
89 0.775 0.5203125 0.04375 0.0625
89 0.75625 0.46875 0.0375 0.0578125
89 0.73125 0.41875 0.03125 0.046875
89 0.634375 0.328125 0.0328125 0.046875
89 0.6625 0.3625 0.028125 0.04375
89 0.6703125 0.403125 0.0328125 0.0515625
89 0.6890625 0.4359375 0.034375 0.0484375
89 0.7171875 0.478125 0.034375 0.05
89 0.734375 0.525 0.0359375 0.05
89 0.775 0.615625 0.0359375 0.0484375
89 0.753125 0.571875 0.040625 0.0515625
89 0.559375 0.3125 0.0265625 0.040625
89 0.5875 0.325 0.0390625 0.0625
89 0.60625 0.371875 0.0359375 0.053125
89 0.6234375 0.40625 0.034375 0.046875
89 0.6515625 0.4453125 0.03125 0.0453125
89 0.6734375 0.484375 0.0359375 0.053125
89 0.696875 0.5234375 0.04375 0.05625
89 0.71875 0.56875 0.0390625 0.046875
89 0.7390625 0.6140625 0.0453125 0.059375
89 0.5453125 0.3578125 0.034375 0.0546875
89 0.5734375 0.384375 0.0359375 0.0546875
89 0.5875 0.425 0.034375 0.053125
89 0.621875 0.45625 0.03125 0.0421875
89 0.6375 0.49375 0.0328125 0.0484375
89 0.659375 0.5390625 0.0359375 0.0484375
89 0.678125 0.571875 0.0390625 0.05625
89 0.7 0.6171875 0.03125 0.0421875
89 0.66875 0.609375 0.040625 0.0546875
89 0.63125 0.6140625 0.028125 0.0421875
89 0.521875 0.4 0.040625 0.05625
89 0.58125 0.4703125 0.028125 0.04375
89 0.559375 0.4296875 0.03125 0.0453125
89 0.6015625 0.496875 0.0328125 0.046875
89 0.6203125 0.5375 0.03125 0.04375
89 0.64375 0.575 0.028125 0.0421875
89 0.60625 0.578125 0.03125 0.0421875
89 0.590625 0.5375 0.028125 0.0421875
89 0.5671875 0.5109375 0.0234375 0.040625
89 0.540625 0.478125 0.034375 0.0578125
89 0.4953125 0.4296875 0.040625 0.0578125
89 0.459375 0.4328125 0.0296875 0.0484375
89 0.5203125 0.45625 0.028125 0.04375
89 0.5703125 0.565625 0.028125 0.040625
89 0.540625 0.53125 0.0296875 0.04375
89 0.5234375 0.496875 0.0265625 0.04375
89 0.490625 0.478125 0.0265625 0.0390625
89 0.4328125 0.45625 0.025 0.040625
89 0.4 0.4546875 0.0234375 0.0421875
89 0.446875 0.490625 0.0234375 0.0390625
89 0.41875 0.4921875 0.0265625 0.0421875
89 0.46875 0.521875 0.0234375 0.034375
89 0.496875 0.521875 0.0296875 0.04375
89 0.384375 0.615625 0.0234375 0.040625
89 0.3859375 0.6609375 0.0265625 0.0390625
89 0.3484375 0.5828125 0.025 0.0390625
89 0.35 0.621875 0.021875 0.040625
89 0.33125 0.653125 0.021875 0.0421875
89 0.3234375 0.58125 0.021875 0.040625
89 0.3125 0.5421875 0.01875 0.0359375
89 0.2875 0.5375 0.021875 0.0359375
89 0.3125 0.61875 0.0203125 0.0359375
89 0.321875 0.65 0.0203125 0.0359375
89 0.2765625 0.578125 0.0234375 0.0390625
89 0.265625 0.6453125 0.021875 0.0390625
89 0.3 0.615625 0.0203125 0.04375
89 0.24375 0.5 0.0234375 0.0421875
89 0.375 0.653125 0.01875 0.0359375
89 0.278125 0.5375 0.01875 0.0390625
89 0.25 0.5703125 0.0203125 0.0390625
89 0.234375 0.60625 0.021875 0.0390625
89 0.20625 0.640625 0.01875 0.034375
89 0.246875 0.640625 0.0203125 0.0359375
89 0.225 0.53125 0.021875 0.0421875
89 0.225 0.46875 0.0203125 0.0328125
89 0.2078125 0.46875 0.0203125 0.0359375
89 0.20625 0.5 0.01875 0.0375
89 0.2203125 0.60625 0.021875 0.0390625
89 0.190625 0.634375 0.01875 0.0359375
89 0.1890625 0.596875 0.01875 0.0375
89 0.2203125 0.56875 0.021875 0.0375
89 0.209375 0.5375 0.01875 0.034375
89 0.18125 0.4671875 0.0171875 0.040625
89 0.15625 0.4625 0.0171875 0.0359375
89 0.1875 0.503125 0.021875 0.0359375
89 0.175 0.5609375 0.0171875 0.0359375
89 0.165625 0.5921875 0.021875 0.040625
89 0.1109375 0.490625 0.01875 0.040625
89 0.1484375 0.496875 0.0171875 0.0328125
89 0.16875 0.5109375 0.0203125 0.0359375
89 0.15625 0.534375 0.0171875 0.0359375
89 0.1390625 0.525 0.01875 0.0359375
89 0.134375 0.6296875 0.01875 0.0359375
89 0.178125 0.628125 0.0171875 0.0390625
89 0.1375 0.59375 0.0171875 0.034375
89 0.128125 0.559375 0.0171875 0.0359375
89 0.071875 0.5359375 0.01875 0.0359375
89 0.121875 0.625 0.0171875 0.0375
89 0.103125 0.646875 0.015625 0.034375
89 0.09375 0.6125 0.0171875 0.0359375
89 0.10625 0.5265625 0.015625 0.034375
89 0.090625 0.50625 0.0171875 0.0390625
89 0.096875 0.54375 0.01875 0.0390625
89 0.078125 0.65 0.0171875 0.03125
89 0.090625 0.578125 0.0171875 0.03125
89 0.115625 0.59375 0.0171875 0.034375
89 0.115625 0.5640625 0.0171875 0.0328125
89 0.071875 0.575 0.015625 0.034375
89 0.0796875 0.615625 0.0140625 0.0296875
89 0.046875 0.546875 0.015625 0.0359375
89 0.0625 0.646875 0.0140625 0.034375
89 0.0546875 0.6140625 0.015625 0.034375
89 0.0375 0.578125 0.0171875 0.034375
89 0.01875 0.55 0.0171875 0.0359375
89 0.121875 0.528125 0.01875 0.0359375
89 0.0515625 0.64375 0.015625 0.0328125
89 0.0328125 0.63125 0.015625 0.03125
89 0.00625 0.63671875 0.0125 0.0328125
89 0.025 0.60625 0.0125 0.03125
89 0.01875 0.575 0.015625 0.034375
89 0.0078125 0.578125 0.015625 0.03125
89 0.275 0.6125 0.021875 0.0328125
89 0.2625 0.609375 0.01875 0.034375
