89 0.1171875 0.3875 0.18125 0.315625
89 0.203125 0.690625 0.175 0.2703125
89 0.409375 0.721875 0.1625 0.234375
89 0.340625 0.4125 0.278125 0.353125
89 0.58125 0.53125 0.1875 0.2703125
89 0.56875 0.803125 0.1515625 0.2046875
89 0.85625 0.8375 0.246875 0.25625
89 0.496875 0.0578125 0.0453125 0.0734375
89 0.68125 0.059375 0.0484375 0.0765625
89 0.540625 0.0734375 0.059375 0.0875
89 0.7265625 0.1078125 0.0703125 0.1015625
89 0.78125 0.13125 0.053125 0.0859375
89 0.1109375 0.66015625 0.096875 0.64609375 0.08125 0.60703125 0.0515625 0.55859375 0.02265625 0.5390625 0.00078125 0.5390625 89 0.79921875 0.01484375 0.8078125 0.046875 0.81171875 0.07265625 0.8046875 0.0953125 0.78671875 0.1171875 0.70546875 0.1109375 0.66015625
89 0.56796875 89 0.5703125 0.03515625 0.58046875 0.046875 0.5921875 0.04609375 0.60546875 0.040625 0.6109375 0.03046875 0.6140625 0.00078125 0.56796875 0
89 0.628125 0.02109375 0.64140625 0.034375 0.65625 0.03671875 0.678125 0.02109375 0.684375 0.00078125 0.62265625 89 0.628125 0.02109375
89 0.79296875 0.0046875 0.76796875 0.009375 0.7515625 0.04296875 0.75625 0.07578125 0.77109375 0.0890625 0.784375 0.08828125 0.80625 0.07109375 0.8125 0.04921875 0.8078125 0.02265625 0.79296875 0.0046875
