89 0.0609375 0.384375 0.1078125 0.165625
89 0.246875 0.4421875 0.109375 0.13125
89 0.1953125 0.528125 0.0796875 0.1171875
89 0.1 0.590625 0.1390625 0.1671875
89 0.346875 0.321875 0.1125 0.1703125
89 0.4453125 0.1375 0.0703125 0.1109375
89 0.590625 0.13125 0.10625 0.1703125
89 0.7375 0.21875 0.0640625 0.115625
89 0.828125 0.1859375 0.0546875 0.10625
89 0.88125 0.3609375 0.0671875 0.1171875
89 0.9421875 0.28125 0.0390625 0.0953125
89 0.8625 0.23125 0.0796875 0.1125
89 0.4703125 0.2609375 0.071875 0.1140625
89 0.5734375 0.2578125 0.0625 0.09375
89 0.74375 0.378125 0.0796875 0.1625
89 0.428125 0.3453125 0.0859375 0.125
89 0.33125 0.471875 0.09375 0.1328125
89 0.215625 0.5734375 0.1078125 0.1515625
89 0.35625 0.615625 0.0765625 0.103125
89 0.3921875 0.528125 0.0828125 0.1078125
89 0.440625 0.45625 0.0859375 0.1015625
89 0.5875 0.55625 0.05625 0.09375
89 0.515625 0.425 0.0984375 0.115625
89 0.646875 0.4578125 0.0703125 0.1046875
89 0.48125 0.353125 0.078125 0.1171875
89 0.64375 0.615625 0.0453125 0.071875
89 0.678125 0.55 0.0515625 0.084375
89 0.746875 0.51875 0.0546875 0.0921875
89 0.79375 0.4609375 0.046875 0.0765625
89 0.946875 0.375 0.053125 0.109375
89 0.8703125 0.51875 0.0546875 0.084375
89 0.9546875 0.509375 0.0328125 0.0671875
89 0.9125 0.428125 0.03125 0.065625
