89 0.021875 0.5125 0.0421875 0.0828125
89 0.0921875 0.5125 0.0484375 0.0828125
89 0.2125 0.390625 0.0484375 0.078125
89 0.1609375 0.5453125 0.05625 0.08125
89 0.0953125 0.6375 0.05625 0.0765625
89 0.1125 0.7703125 0.0765625 0.1265625
89 0.246875 0.803125 0.103125 0.1875
89 0.21875 0.271875 0.0984375 0.121875
89 0.403125 0.240625 0.078125 0.1140625
89 0.5921875 0.125 0.10625 0.14375
89 0.225 0.4859375 0.05 0.08125
89 0.178125 0.696875 0.046875 0.0703125
89 0.19375 0.596875 0.0609375 0.0734375
89 0.25625 0.6625 0.053125 0.071875
89 0.265625 0.565625 0.059375 0.078125
89 0.403125 0.6296875 0.0625 0.0984375
89 0.33125 0.65625 0.053125 0.0734375
89 0.3140625 0.553125 0.053125 0.078125
89 0.4171875 0.484375 0.08125 0.1125
89 0.3453125 0.6046875 0.0546875 0.078125
89 0.503125 0.80625 0.1125 0.134375
89 0.4375 0.34375 0.0625 0.0921875
89 0.46875 0.253125 0.0890625 0.1234375
89 0.6 0.240625 0.103125 0.1296875
89 0.540625 0.246875 0.059375 0.096875
89 0.471875 0.5703125 0.0734375 0.109375
89 0.59375 0.6296875 0.125 0.16875
89 0.7078125 0.35625 0.1109375 0.15
89 0.8765625 0.459375 0.0953125 0.1296875
89 0.66875 0.465625 0.071875 0.0890625
89 0.521875 0.39375 0.128125 0.1765625
89 0.6 0.7625 0.090625 0.1140625
89 0.69375 0.775 0.090625 0.10625
89 0.746875 0.484375 0.090625 0.103125
89 0.8078125 0.559375 0.075 0.103125
89 0.85 0.4125 0.0796875 0.1140625
89 0.946875 0.3875 0.071875 0.09375
89 0.9 0.684375 0.0734375 0.0890625
89 0.903125 0.784375 0.1140625 0.1328125
89 0.7953125 0.6875 0.1375 0.1765625
89 0.33125 0.41875 0.046875 0.065625
