117 0.1125 0.4328125 0.10625 0.11875
117 0.1625 0.3671875 0.1640625 0.0890625
117 0.190625 0.525 0.14375 0.125
117 0.259375 0.6296875 0.1453125 0.125
117 0.29375 0.775 0.18125 0.10625
117 0.3140625 0.515625 0.1546875 0.115625
117 0.31875 0.3390625 0.15 0.1234375
117 0.421875 0.4046875 0.159375 0.153125
117 0.428125 0.665625 0.1421875 0.2046875
117 0.4953125 0.825 0.20625 0.09375
117 0.53125 0.7015625 0.171875 0.1890625
117 0.5265625 0.225 0.121875 0.05625
117 0.58125 0.3546875 0.146875 0.1546875
117 0.6046875 0.521875 0.146875 0.203125