223 0.4265625 0.709375 0.078125 0.0203125
223 0.425 0.6796875 0.0828125 0.0203125
223 0.4234375 0.646875 0.078125 0.021875
223 0.2796875 0.29375 0.0921875 0.028125
223 0.371875 0.3015625 0.071875 0.015625
223 0.3703125 0.2609375 0.075 0.0671875
223 0.2796875 0.2515625 0.0984375 0.09375
223 0.284375 0.33125 0.0953125 0.0921875
223 0.190625 0.3234375 0.0828125 0.090625
223 0.421875 0.63125 0.0890625 0.0328125
223 0.425 0.665625 0.0859375 0.040625
223 0.4203125 0.7015625 0.0875 0.034375
223 0.4265625 0.7484375 0.0859375 0.090625
223 0.371875 0.384375 0.078125 0.1625
