89 0.1015625 0.28125 0.1671875 0.240625
89 0.28125 0.2765625 0.05 0.08125
89 0.06875 0.44375 0.0578125 0.096875
89 0.15625 0.440625 0.075 0.121875
89 0.228125 0.328125 0.075 0.109375
89 0.321875 0.2171875 0.053125 0.0859375
89 0.275 0.3625 0.0484375 0.0703125
89 0.1078125 0.590625 0.134375 0.1953125
89 0.228125 0.4328125 0.0734375 0.10625
89 0.25625 0.659375 0.0484375 0.0890625
89 0.2171875 0.55625 0.0984375 0.1484375
89 0.1890625 0.7125 0.103125 0.140625
89 0.340625 0.521875 0.1390625 0.2015625
89 0.24375 0.853125 0.0796875 0.1078125
89 0.340625 0.30625 0.0625 0.0984375
89 0.3421875 0.74375 0.15625 0.2390625
89 0.3796875 0.38125 0.059375 0.090625
89 0.4578125 0.26875 0.078125 0.1203125
89 0.43125 0.446875 0.053125 0.0828125
89 0.45 0.7375 0.0609375 0.090625
89 0.409375 0.8609375 0.0609375 0.0875
89 0.5390625 0.771875 0.071875 0.109375
89 0.475 0.83125 0.075 0.1015625
89 0.5015625 0.578125 0.1703125 0.253125
89 0.4375 0.359375 0.0515625 0.078125
89 0.534375 0.434375 0.053125 0.08125
89 0.5 0.35625 0.059375 0.0875
89 0.534375 0.2203125 0.0859375 0.11875
89 0.5984375 0.459375 0.08125 0.1328125
89 0.603125 0.721875 0.0484375 0.06875
89 0.625 0.6 0.0828125 0.1515625
89 0.60625 0.8140625 0.059375 0.1
89 0.565625 0.325 0.078125 0.1234375
89 0.609375 0.209375 0.065625 0.0984375
89 0.653125 0.371875 0.0671875 0.10625
89 0.653125 0.2734375 0.0671875 0.09375
89 0.7 0.484375 0.09375 0.1375
89 0.715625 0.75 0.171875 0.2296875
89 0.696875 0.603125 0.0484375 0.0765625
89 0.7265625 0.3125 0.065625 0.0953125
89 0.7515625 0.525 0.0546875 0.0875
89 0.8 0.6546875 0.046875 0.0671875
89 0.75 0.4109375 0.046875 0.078125
89 0.8171875 0.4625 0.053125 0.0859375
89 0.7984375 0.365625 0.071875 0.1078125
89 0.771875 0.6125 0.04375 0.06875
89 0.853125 0.5765625 0.09375 0.134375
89 0.81875 0.73125 0.0515625 0.0828125
89 0.809375 0.825 0.040625 0.0765625
89 0.9328125 0.571875 0.046875 0.0875
89 0.9125 0.6984375 0.075 0.128125
89 0.8609375 0.790625 0.05625 0.0984375
89 0.93125 0.8234375 0.053125 0.090625
