89 0.55625 0.28125 0.028125 0.040625
89 0.665625 0.359375 0.03125 0.05
89 0.828125 0.41875 0.0375 0.059375
89 0.865625 0.453125 0.0609375 0.065625
89 0.059375 0.3125 0.0515625 0.125
89 0.075 0.4828125 0.0421875 0.109375
89 0.1 0.3375 0.0234375 0.0578125
89 0.146875 0.265625 0.0203125 0.05
89 0.0625 0.4015625 0.021875 0.0484375
89 0.10625 0.559375 0.0421875 0.0921875
89 0.0828125 0.403125 0.021875 0.065625
89 0.115625 0.5265625 0.025 0.0515625
89 0.1203125 0.634375 0.028125 0.059375
89 0.103125 0.39375 0.0234375 0.0609375
89 0.121875 0.303125 0.015625 0.046875
89 0.159375 0.3640625 0.025 0.0546875
89 0.115625 0.35625 0.01875 0.0453125
89 0.190625 0.575 0.0171875 0.0390625
89 0.175 0.403125 0.021875 0.05
89 0.1921875 0.6421875 0.0265625 0.0640625
89 0.1625 0.5671875 0.059375 0.1171875
89 0.190625 0.290625 0.0296875 0.0703125
89 0.234375 0.609375 0.025 0.0578125
89 0.190625 0.346875 0.0171875 0.046875
89 0.225 0.2546875 0.034375 0.0796875
89 0.21875 0.390625 0.0265625 0.0546875
89 0.24375 0.6484375 0.028125 0.0703125
89 0.2109375 0.484375 0.075 0.165625
89 0.2078125 0.34375 0.025 0.0609375
89 0.2625 0.240625 0.0296875 0.0703125
89 0.2578125 0.409375 0.040625 0.0890625
89 0.234375 0.325 0.034375 0.078125
89 0.278125 0.284375 0.028125 0.0625
89 0.265625 0.509375 0.0453125 0.10625
89 0.2765625 0.35 0.028125 0.071875
89 0.2546875 0.58125 0.021875 0.040625
89 0.284375 0.425 0.046875 0.0953125
89 0.30625 0.3046875 0.03125 0.075
89 0.3 0.509375 0.028125 0.0578125
89 0.3078125 0.371875 0.0234375 0.05625
89 0.359375 0.409375 0.028125 0.0625
89 0.346875 0.3390625 0.0421875 0.0859375
89 0.3 0.6109375 0.0859375 0.1609375
89 0.346875 0.45625 0.034375 0.0609375
89 0.365625 0.609375 0.03125 0.059375
89 0.334375 0.515625 0.03125 0.05
89 0.3625 0.675 0.025 0.059375
89 0.365625 0.55 0.0359375 0.0546875
89 0.421875 0.490625 0.034375 0.06875
89 0.375 0.49375 0.0546875 0.103125
89 0.3921875 0.6578125 0.0390625 0.0765625
89 0.3953125 0.5890625 0.053125 0.1015625
89 0.478125 0.4421875 0.0609375 0.1125
89 0.41875 0.6890625 0.0375 0.0734375
89 0.4515625 0.53125 0.0515625 0.0859375
89 0.48125 0.70625 0.0328125 0.0546875
89 0.5 0.50625 0.034375 0.0515625
89 0.4875 0.5828125 0.0375 0.065625
89 0.45 0.6359375 0.059375 0.1046875
89 0.521875 0.640625 0.046875 0.0703125
89 0.534375 0.5546875 0.0796875 0.1328125
89 0.521875 0.7125 0.0375 0.0609375
89 0.56875 0.715625 0.0359375 0.065625
89 0.621875 0.553125 0.08125 0.128125
89 0.6234375 0.715625 0.04375 0.0828125
89 0.596875 0.6375 0.0515625 0.075
89 0.6875 0.659375 0.0515625 0.0765625
89 0.646875 0.65 0.04375 0.075
89 0.7125 0.746875 0.0484375 0.0765625
89 0.6625 0.740625 0.04375 0.078125
89 0.728125 0.596875 0.0515625 0.0734375
89 0.8171875 0.7578125 0.0640625 0.0953125
89 0.753125 0.690625 0.0734375 0.1140625
