99 0.4390625 0.35390625 0.1125 0.0796875
99 0.39375 0.59453125 0.16171875 0.08671875
99 0.58359375 0.49296875 0.16640625 0.075
99 0.43515625 0.7703125 0.09296875 0.08515625
99 0.32578125 0.90859375 0.171875 0.08515625
99 0.30859375 0.41015625 0.11796875 0.065625
99 0.63515625 0.35390625 0.0859375 0.0671875
99 0.53671875 0.315625 0.05859375 0.04609375
99 0.41796875 0.5 0.11484375 0.05546875
99 0.63203125 0.5890625 0.1078125 0.065625
99 0.5296875 0.63671875 0.06875 0.06015625
99 0.55546875 0.74453125 0.10546875 0.08359375
99 0.63515625 0.89453125 0.1984375 0.11953125
