99 0.42421875 0.38671875 0.1375 0.1
99 0.540625 0.4390625 0.15703125 0.09609375
99 0.4890625 0.603125 0.1546875 0.1125
99 0.31484375 0.6078125 0.1640625 0.071875
99 0.3078125 0.4796875 0.14921875 0.09609375
99 0.33359375 0.26484375 0.1203125 0.065625
99 0.54921875 0.32578125 0.13984375 0.071875
99 0.6859375 0.30390625 0.1078125 0.0640625
99 0.82265625 0.315625 0.1203125 0.075
99 0.68515625 0.38828125 0.13515625 0.0796875
99 0.75625 0.5609375 0.16640625 0.10625
99 0.77109375 0.70234375 0.22578125 0.1125
99 0.25390625 0.69296875 0.159375 0.09765625
99 0.24609375 0.840625 0.10546875 0.115625
99 0.45078125 0.8375 0.10546875 0.08828125
99 0.5859375 0.7796875 0.10546875 0.08828125
99 0.47421875 0.11953125 0.12265625 0.05859375
99 0.79140625 0.8421875 0.215625 0.1390625
