99 0.359375 0.83671875 0.1125 0.18125
99 0.40546875 0.7609375 0.13046875 0.12265625
99 0.25 0.73984375 0.05859375 0.203125
99 0.23046875 0.609375 0.99 0.08828125
99 0.3375 0.5 0.08828125 0.11796875
99 0.35546875 0.609375 0.09140625 0.103125
99 0.42421875 0.59453125 0.09609375 0.090625
99 0.3796875 0.38359375 0.09140625 0.08359375
99 0.4265625 0.45 0.0078125 0.01484375
99 0.3109375 0.25703125 0.0796875 0.1125
99 0.1765625 0.75859375 0.0765625 0.1203125
99 0.2328125 0.39921875 0.11796875 0.12734375
