89 0.23125 0.55625 0.1203125 0.1578125
89 0.384375 0.509375 0.1078125 0.171875
89 0.534375 0.521875 0.0796875 0.1375
89 0.6625 0.4546875 0.0984375 0.175
89 0.7890625 0.4 0.05 0.1390625
89 0.8453125 0.3890625 0.03125 0.0703125
89 0.80625 0.409375 0.0421875 0.1015625
89 0.84375 0.35625 0.01875 0.065625
89 0.96875 0.36875 0.0203125 0.0734375
89 0.040625 0.2 0.0375 0.0453125
89 0.10625 0.1859375 0.0453125 0.0578125
89 0.1625 0.1875 0.0359375 0.0484375
89 0.240625 0.175 0.03125 0.0515625
89 0.98125 0.334375 0.0171875 0.0625
89 0.2015625 0.18125 0.0375 0.053125
89 0.2875 0.178125 0.0203125 0.0359375
89 0.33125 0.1734375 0.0234375 0.0390625
89 0.365625 0.1703125 0.021875 0.0390625
89 0.4625 0.1625 0.0296875 0.0484375
89 0.503125 0.1640625 0.021875 0.040625
89 0.5390625 0.15625 0.0171875 0.040625
89 0.5203125 0.165625 0.0203125 0.034375
89 0.565625 0.15 0.025 0.0359375
89 0.60625 0.1453125 0.025 0.0359375
89 0.65625 0.1125 0.015625 0.021875
89 0.63125 0.14375 0.0203125 0.0296875
89 0.65 0.14375 0.01875 0.0359375
