89 0.359375 0.315625 0.05 0.090625
89 0.4125 0.33125 0.0359375 0.0703125
89 0.4640625 0.278125 0.0265625 0.053125
89 0.484375 0.225 0.040625 0.08125
89 0.509375 0.153125 0.0453125 0.0796875
89 0.5453125 0.096875 0.034375 0.0703125
89 0.521875 0.2171875 0.0359375 0.0609375
89 0.559375 0.165625 0.05 0.0921875
89 0.59375 0.08125 0.053125 0.090625
89 0.675 0.0515625 0.028125 0.0640625
89 0.634375 0.1328125 0.0359375 0.0671875
89 0.7375 0.0796875 0.040625 0.090625
89 0.71875 0.159375 0.03125 0.059375
89 0.846875 0.2859375 0.1 0.19375
89 0.7390625 0.425 0.15625 0.2640625
89 0.5828125 0.4875 0.1171875 0.2046875
89 0.2859375 0.7375 0.1859375 0.334375
89 0.490625 0.721875 0.1921875 0.2828125
89 0.696875 0.759375 0.1765625 0.2984375
89 0.815625 0.6734375 0.14375 0.2578125
