89 0.91875 0.7890625 0.06875 0.1796875
89 0.88125 0.78125 0.0390625 0.1109375
89 0.8515625 0.75 0.0375 0.121875
89 0.8234375 0.734375 0.046875 0.1328125
89 0.7953125 0.73125 0.0796875 0.19375
89 0.81875 0.6578125 0.0421875 0.1140625
89 0.7453125 0.61875 0.059375 0.1171875
89 0.6875 0.553125 0.0953125 0.1953125
89 0.88125 0.5625 0.0625 0.1671875
89 0.8453125 0.5375 0.0484375 0.1359375
89 0.7546875 0.4984375 0.0703125 0.146875
89 0.8015625 0.4296875 0.05625 0.125
89 0.89375 0.4375 0.040625 0.0984375
89 0.853125 0.3765625 0.05 0.1453125
89 0.746875 0.353125 0.053125 0.1140625
89 0.653125 0.396875 0.0578125 0.121875
89 0.928125 0.340625 0.0265625 0.0921875
89 0.878125 0.29375 0.03125 0.0828125
89 0.81875 0.2875 0.0640625 0.153125
89 0.725 0.2453125 0.0828125 0.1671875
89 0.85625 0.21875 0.0515625 0.128125
89 0.696875 0.1234375 0.0625 0.1390625
