89 0.928125 0.453125 0.015625 0.059375
89 0.8875 0.40625 0.0203125 0.0609375
89 0.8890625 0.540625 0.0203125 0.0625
89 0.8875 0.4375 0.021875 0.0609375
89 0.8625 0.3609375 0.0109375 0.0546875
89 0.871875 0.509375 0.0171875 0.0640625
89 0.8203125 0.30625 0.0328125 0.059375
89 0.859375 0.584375 0.025 0.09375
89 0.8375 0.5078125 0.0265625 0.09375
89 0.8234375 0.4203125 0.0171875 0.06875
89 0.8 0.640625 0.0265625 0.0703125
89 0.7875 0.5484375 0.034375 0.103125
89 0.796875 0.428125 0.0484375 0.125
89 0.78125 0.65 0.028125 0.09375
89 0.725 0.35 0.0265625 0.0703125
89 0.7453125 0.5109375 0.028125 0.075
89 0.7140625 0.390625 0.0359375 0.0765625
89 0.721875 0.56875 0.034375 0.0953125
89 0.6625 0.3390625 0.01875 0.065625
89 0.740625 0.565625 0.0234375 0.0640625
89 0.7015625 0.6546875 0.0359375 0.0828125
89 0.6765625 0.421875 0.0390625 0.096875
89 0.634375 0.321875 0.04375 0.0828125
89 0.5765625 0.4109375 0.034375 0.0859375
89 0.63125 0.503125 0.0375 0.09375
89 0.6703125 0.5984375 0.03125 0.0703125
89 0.634375 0.671875 0.03125 0.06875
89 0.5625 0.321875 0.040625 0.09375
89 0.5953125 0.5015625 0.04375 0.0890625
89 0.5984375 0.6625 0.046875 0.1171875
89 0.51875 0.284375 0.0625 0.134375
89 0.5515625 0.565625 0.04375 0.0734375
89 0.571875 0.73125 0.04375 0.075
89 0.5125 0.4 0.0734375 0.1515625
89 0.475 0.590625 0.046875 0.075
89 0.3359375 0.440625 0.05 0.1125
89 0.46875 0.45625 0.046875 0.0765625
89 0.396875 0.521875 0.0375 0.0890625
89 0.453125 0.525 0.04375 0.090625
89 0.5 0.640625 0.0453125 0.084375
89 0.3875 0.578125 0.0625 0.1046875
89 0.446875 0.709375 0.0421875 0.0921875
89 0.2375 0.60625 0.0734375 0.134375
89 0.409375 0.740625 0.0484375 0.1015625
89 0.35 0.703125 0.0734375 0.1296875
89 0.234375 0.7546875 0.0703125 0.10625
89 0.365625 0.8125 0.0546875 0.1015625
89 0.25625 0.81875 0.0671875 0.1234375
89 0.21875 0.90625 0.09375 0.1609375
