89 0.128125 0.821875 0.1546875 0.190625
89 0.3125 0.8359375 0.1234375 0.1421875
89 0.3609375 0.6203125 0.1734375 0.203125
89 0.1765625 0.503125 0.1625 0.171875
89 0.459375 0.8 0.1921875 0.2296875
89 0.646875 0.8265625 0.1609375 0.178125
89 0.5234375 0.609375 0.1421875 0.1703125
89 0.8796875 0.84375 0.1875 0.20625
89 0.75 0.6375 0.2421875 0.271875
89 0.903125 0.39375 0.1734375 0.2140625
89 0.6609375 0.43125 0.1640625 0.1921875
89 0.446875 0.446875 0.1484375 0.175
89 0.1703125 0.2640625 0.1734375 0.1953125
89 0.346875 0.2375 0.1453125 0.1625
89 0.78125 0.26875 0.1328125 0.1609375
89 0.546875 0.1765625 0.2828125 0.3390625
