99 0.88046875 0.63515625 0.04765625 0.07578125
99 0.8359375 0.603125 0.0328125 0.03671875
99 0.81328125 0.48984375 0.05390625 0.04921875
99 0.83828125 0.3796875 0.04375 0.0390625
99 0.8328125 0.28046875 0.06015625 0.04140625
99 0.85703125 0.2265625 0.05234375 0.03671875
99 0.88046875 0.13125 0.0421875 0.04921875
99 0.88671875 0.06953125 0.040625 0.0515625
99 0.7828125 0.17421875 0.028125 0.08125
99 0.77109375 0.55 0.0671875 0.04921875
99 0.7875 0.44375 0.05078125 0.07578125
99 0.9484375 0.5609375 0.05234375 0.04921875
99 0.93671875 0.45625 0.0359375 0.04921875
99 0.759375 0.34765625 0.0296875 0.04921875
99 0.7625 0.25 0.0328125 0.04375
99 0.92734375 0.39921875 0.05703125 0.05859375
99 0.58359375 0.61171875 0.01796875 0.03671875
99 0.59296875 0.528125 0.0421875 0.0296875
99 0.59375 0.49375 0.0328125 0.04921875
99 0.8 0.70625 0.040625 0.04921875
99 0.80625 0.79296875 0.04375 0.06640625
