223 0.75625 0.4421875 0.1375 0.2109375
223 0.8890625 0.4375 0.128125 0.209375
223 0.86875 0.575 0.121875 0.0640625
223 0.74375 0.58125 0.1296875 0.0640625
223 0.30625 0.4609375 0.1453125 0.215625
223 0.31875 0.6015625 0.1359375 0.065625
223 0.1609375 0.4671875 0.14375 0.2171875
223 0.184375 0.609375 0.134375 0.0640625
223 0.2140625 0.478125 0.0390625 0.1
223 0.359375 0.46875 0.0390625 0.0984375
223 0.703125 0.4546875 0.028125 0.1015625
223 0.840625 0.453125 0.0328125 0.0953125
223 0.7484375 0.5625 0.1 0.0328125
223 0.871875 0.559375 0.096875 0.0375
223 0.315625 0.584375 0.109375 0.0328125
223 0.1796875 0.59375 0.1078125 0.0375