234 0.1125 0.13125 0.0875 0.1859375
234 0.303125 0.1125 0.0765625 0.209375
234 0.5125 0.1046875 0.0796875 0.209375
234 0.696875 0.115625 0.09375 0.2
234 0.884375 0.11875 0.0734375 0.19375
234 0.1171875 0.45625 0.0671875 0.2046875
234 0.2828125 0.4625 0.0609375 0.209375
234 0.475 0.459375 0.0734375 0.234375
234 0.684375 0.44375 0.0890625 0.2203125
234 0.8390625 0.465625 0.0671875 0.1953125
234 0.9125 0.45625 0.078125 0.2203125
234 0.121875 0.790625 0.10625 0.1765625
234 0.3125 0.79375 0.128125 0.2
234 0.5015625 0.803125 0.1203125 0.209375
234 0.6953125 0.790625 0.0890625 0.1515625
234 0.884375 0.815625 0.0671875 0.171875
