89 0.084375 0.475 0.028125 0.15
89 0.1265625 0.384375 0.0390625 0.115625
89 0.0390625 0.234375 0.0640625 0.28125
89 0.11875 0.5140625 0.0421875 0.1671875
89 0.165625 0.4890625 0.046875 0.2140625
89 0.296875 0.3296875 0.0640625 0.2046875
89 0.2140625 0.6359375 0.0359375 0.103125
89 0.296875 0.809375 0.05625 0.1796875
89 0.3484375 0.6125 0.0578125 0.1828125
89 0.934375 0.55 0.0765625 0.1390625
89 0.8390625 0.3921875 0.0578125 0.096875
89 0.8375 0.2640625 0.090625 0.15625
89 0.7625 0.3765625 0.0609375 0.1171875
89 0.7390625 0.2703125 0.05625 0.103125
89 0.6625 0.1796875 0.059375 0.1046875
