89 0.1484375 0.853125 0.0546875 0.0765625
89 0.1125 0.9015625 0.059375 0.0546875
89 0.1875 0.75625 0.0453125 0.059375
89 0.234375 0.8578125 0.0609375 0.084375
89 0.24375 0.7125 0.0609375 0.090625
89 0.2875 0.8296875 0.04375 0.0640625
89 0.34375 0.6625 0.046875 0.075
89 0.3375 0.79375 0.0390625 0.0640625
89 0.3421875 0.740625 0.059375 0.0953125
89 0.4140625 0.75625 0.0359375 0.0671875
89 0.4359375 0.61875 0.0265625 0.05
89 0.471875 0.7375 0.046875 0.08125
89 0.4484375 0.6703125 0.0328125 0.04375
89 0.475 0.615625 0.0203125 0.0421875
89 0.540625 0.7171875 0.0515625 0.0890625
89 0.540625 0.6328125 0.021875 0.0515625
89 0.5828125 0.646875 0.015625 0.0390625
89 0.5125 0.665625 0.046875 0.0640625
89 0.5828125 0.665625 0.015625 0.0390625
89 0.66875 0.721875 0.01875 0.0609375
89 0.7140625 0.675 0.0203125 0.0453125
89 0.68125 0.6734375 0.0140625 0.034375
89 0.7265625 0.665625 0.0140625 0.0390625
89 0.69375 0.59375 0.0234375 0.0390625
89 0.609375 0.559375 0.0359375 0.0515625
89 0.578125 0.521875 0.034375 0.04375
89 0.6421875 0.5875 0.04375 0.0546875
89 0.54375 0.521875 0.028125 0.04375
89 0.51875 0.45625 0.0359375 0.040625
89 0.471875 0.459375 0.01875 0.0234375
89 0.440625 0.4765625 0.0234375 0.03125
89 0.4890625 0.484375 0.0203125 0.0234375
89 0.534375 0.546875 0.0421875 0.059375
89 0.5046875 0.484375 0.0203125 0.03125
89 0.4375 0.528125 0.0296875 0.04375
89 0.4890625 0.525 0.0296875 0.0484375
89 0.4203125 0.51875 0.021875 0.0359375
89 0.46875 0.553125 0.0453125 0.0484375
89 0.428125 0.5 0.021875 0.0359375
89 0.728125 0.6125 0.01875 0.0359375
