89 0.040625 0.684375 0.0609375 0.16875
89 0.09375 0.465625 0.0640625 0.1171875
89 0.05 0.325 0.065625 0.1171875
89 0.06875 0.440625 0.0390625 0.075
89 0.153125 0.30625 0.0703125 0.1421875
89 0.09375 0.7609375 0.059375 0.115625
89 0.18125 0.640625 0.0875 0.153125
89 0.203125 0.440625 0.078125 0.134375
89 0.2203125 0.16875 0.053125 0.1140625
89 0.35625 0.2625 0.040625 0.0796875
89 0.24375 0.20625 0.0375 0.0609375
89 0.35 0.6625 0.046875 0.0828125
89 0.3640625 0.334375 0.046875 0.084375
89 0.453125 0.65 0.078125 0.1015625
89 0.440625 0.4734375 0.103125 0.1375
89 0.4109375 0.334375 0.0484375 0.0859375
89 0.4875 0.2640625 0.065625 0.115625
89 0.534375 0.659375 0.071875 0.1234375
89 0.50625 0.55625 0.06875 0.1046875
89 0.609375 0.54375 0.0734375 0.1265625
89 0.559375 0.384375 0.071875 0.1890625
89 0.6078125 0.15625 0.0375 0.0703125
89 0.7765625 0.78125 0.10625 0.153125
89 0.7125 0.4078125 0.0765625 0.159375
89 0.646875 0.175 0.0390625 0.084375
89 0.7203125 0.2984375 0.059375 0.0859375
89 0.7609375 0.471875 0.046875 0.075
89 0.7421875 0.425 0.0484375 0.0890625
89 0.7515625 0.365625 0.046875 0.0890625
89 0.7625 0.2921875 0.040625 0.0703125
89 0.834375 0.4125 0.0640625 0.09375
89 0.865625 0.46875 0.0578125 0.084375
