89 0.05625 0.146875 0.040625 0.0796875
89 0.01875 0.440625 0.0203125 0.0625
89 0.05625 0.3625 0.021875 0.059375
89 0.025 0.275 0.0234375 0.0640625
89 0.01875 0.41875 0.0171875 0.053125
89 0.0625 0.315625 0.01875 0.0609375
89 0.08125 0.2421875 0.015625 0.0578125
89 0.109375 0.134375 0.0390625 0.1015625
89 0.0796875 0.31875 0.0296875 0.1015625
89 0.05 0.465625 0.0203125 0.0515625
89 0.09375 0.2296875 0.0140625 0.0796875
89 0.1671875 0.159375 0.028125 0.075
89 0.071875 0.471875 0.01875 0.059375
89 0.11875 0.38125 0.0203125 0.0640625
89 0.09375 0.453125 0.0265625 0.0734375
89 0.06875 0.565625 0.028125 0.0515625
89 0.084375 0.509375 0.0203125 0.0859375
89 0.1921875 0.259375 0.0296875 0.0796875
89 0.265625 0.1859375 0.0453125 0.0984375
89 0.2109375 0.3828125 0.0359375 0.0875
89 0.1375 0.50625 0.0390625 0.09375
89 0.0875 0.5765625 0.021875 0.0484375
89 0.1859375 0.4734375 0.0484375 0.1359375
89 0.075 0.621875 0.01875 0.071875
89 0.259375 0.296875 0.0359375 0.09375
89 0.09375 0.63125 0.0375 0.1265625
89 0.1890625 0.5625 0.0359375 0.0984375
89 0.2703125 0.38125 0.0203125 0.06875
89 0.215625 0.546875 0.0421875 0.0875
89 0.1859375 0.675 0.0453125 0.1203125
89 0.3796875 0.31875 0.0546875 0.096875
89 0.3 0.415625 0.0703125 0.1765625
89 0.2140625 0.640625 0.0453125 0.0921875
89 0.3203125 0.578125 0.05 0.1078125
89 0.225 0.725 0.0359375 0.109375
89 0.4984375 0.31875 0.0796875 0.1140625
89 0.409375 0.4359375 0.06875 0.1390625
89 0.3359375 0.66875 0.065625 0.121875
89 0.2875 0.725 0.053125 0.153125
89 0.4 0.64375 0.059375 0.14375
89 0.546875 0.415625 0.1 0.1578125
89 0.5734375 0.575 0.0953125 0.1421875
89 0.4375 0.771875 0.0765625 0.1640625
89 0.4828125 0.7859375 0.0828125 0.20625
89 0.54375 0.859375 0.0625 0.1203125
89 0.021875 0.334375 0.0109375 0.0609375
