89 0.5109375 0.8796875 0.0703125 0.1453125
89 0.471875 0.678125 0.0671875 0.1203125
89 0.54375 0.784375 0.04375 0.0984375
89 0.6359375 0.621875 0.0578125 0.1375
89 0.6203125 0.453125 0.059375 0.1390625
89 0.609375 0.703125 0.0625 0.10625
89 0.696875 0.590625 0.03125 0.1125
89 0.65 0.315625 0.05625 0.146875
89 0.721875 0.4359375 0.028125 0.0984375
89 0.6671875 0.371875 0.04375 0.1171875
89 0.734375 0.2109375 0.0515625 0.15
89 0.8046875 0.115625 0.040625 0.121875
89 0.725 0.359375 0.0375 0.09375
89 0.7546875 0.58125 0.028125 0.0984375
89 0.75625 0.528125 0.0296875 0.0984375
89 0.70625 0.515625 0.0234375 0.08125
89 0.734375 0.621875 0.028125 0.0828125
89 0.7578125 0.353125 0.0359375 0.0984375
89 0.8375 0.51875 0.0296875 0.084375
89 0.75 0.41875 0.0421875 0.103125
89 0.753125 0.25 0.034375 0.1
89 0.834375 0.3796875 0.0234375 0.075
89 0.8640625 0.571875 0.021875 0.078125
89 0.8609375 0.465625 0.021875 0.0890625
89 0.790625 0.321875 0.0265625 0.1
89 0.925 0.546875 0.0125 0.078125
89 0.9140625 0.40625 0.0125 0.0609375
89 0.93125 0.2875 0.0203125 0.0765625
89 0.9640625 0.2875 0.0171875 0.0546875
89 0.9875 0.33125 0.009375 0.0609375
89 0.821875 0.30625 0.0328125 0.0921875
89 0.8640625 0.2296875 0.028125 0.1015625
89 0.875 0.20625 0.0125 0.0890625
