89 0.115625 0.74375 0.05625 0.0890625
89 0.046875 0.64375 0.0734375 0.125
89 0.1109375 0.5921875 0.175 0.2734375
89 0.303125 0.428125 0.1359375 0.2484375
89 0.246875 0.65625 0.11875 0.1609375
89 0.190625 0.8359375 0.1296875 0.1921875
89 0.309375 0.7265625 0.078125 0.1203125
89 0.2734375 0.7796875 0.04375 0.071875
89 0.371875 0.603125 0.1015625 0.171875
89 0.509375 0.58125 0.096875 0.19375
89 0.440625 0.7453125 0.096875 0.184375
89 0.5875 0.76875 0.0640625 0.1296875
89 0.646875 0.69375 0.0640625 0.153125
89 0.61875 0.528125 0.0890625 0.1765625
