89 0.846875 0.8875 0.0875 0.225
89 0.715625 0.5625 0.0890625 0.3234375
89 0.740625 0.3984375 0.0515625 0.2140625
89 0.95 0.41875 0.046875 0.2046875
89 0.928125 0.25 0.028125 0.1609375
89 0.971875 0.28125 0.0234375 0.103125
89 0.7671875 0.50625 0.0234375 0.1015625
89 0.86875 0.16875 0.0296875 0.1328125
89 0.8046875 0.103125 0.040625 0.1625
89 0.440625 0.359375 0.0484375 0.1140625
89 0.40625 0.60625 0.115625 0.2171875
89 0.034375 0.325 0.0421875 0.06875
89 0.05625 0.171875 0.025 0.0484375
89 0.059375 0.225 0.0234375 0.0359375
89 0.015625 0.1734375 0.01875 0.03125
89 0.0265625 0.225 0.0234375 0.040625
89 0.0375 0.171875 0.021875 0.0484375
89 0.009375 0.23984375 0.01875 0.0359375
89 0.05625 0.2640625 0.021875 0.034375
89 0.034375 0.2625 0.0265625 0.0453125
