89 0.5890625 0.63125 0.0953125 0.2609375
89 0.7203125 0.2125 0.03125 0.1234375
89 0.8875 0.171875 0.0203125 0.1328125
89 0.925 0.3703125 0.0234375 0.046875
89 0.86875 0.3171875 0.034375 0.159375
89 0.821875 0.484375 0.0640625 0.2890625
89 0.66875 0.6203125 0.0828125 0.2609375
89 0.709375 0.896875 0.0515625 0.178125
89 0.775 0.7875 0.0453125 0.1546875
89 0.771875 0.6390625 0.0265625 0.1328125
89 0.853125 0.628125 0.0234375 0.1046875
89 0.903125 0.496875 0.0203125 0.10625
89 0.8859375 0.4421875 0.0140625 0.0734375
