89 0.9546875 0.13125 0.090625 0.1046875
89 0.9078125 0.81875 0.0578125 0.0828125
89 0.95 0.7328125 0.08125 0.1140625
89 0.9125 0.740625 0.0703125 0.09375
89 0.93125 0.621875 0.078125 0.103125
89 0.928125 0.415625 0.0625 0.0859375
89 0.8890625 0.33125 0.05 0.0828125
89 0.88125 0.4546875 0.0578125 0.071875
89 0.859375 0.653125 0.0640625 0.10625
89 0.7875 0.7125 0.0421875 0.078125
89 0.7453125 0.70625 0.0515625 0.1015625
89 0.8703125 0.5421875 0.0484375 0.0734375
89 0.775 0.634375 0.0421875 0.0703125
89 0.815625 0.5796875 0.046875 0.078125
89 0.790625 0.509375 0.053125 0.078125
89 0.803125 0.4 0.0484375 0.084375
89 0.84375 0.315625 0.078125 0.090625
89 0.7296875 0.61875 0.0421875 0.0609375
89 0.64375 0.69375 0.021875 0.0484375
89 0.653125 0.6203125 0.0421875 0.08125
89 0.7 0.565625 0.0265625 0.0625
89 0.7046875 0.54375 0.034375 0.071875
89 0.721875 0.496875 0.040625 0.0546875
89 0.746875 0.46875 0.0421875 0.0625
89 0.71875 0.4375 0.0125 0.0234375
89 0.73125 0.38125 0.046875 0.08125
89 0.7484375 0.3140625 0.065625 0.0859375
89 0.771875 0.234375 0.046875 0.0765625
89 0.665625 0.55 0.028125 0.05
89 0.659375 0.4875 0.0359375 0.0609375
89 0.6875 0.4375 0.034375 0.0546875
89 0.646875 0.4421875 0.0234375 0.05625
89 0.596875 0.659375 0.0296875 0.0671875
89 0.6125 0.609375 0.0390625 0.065625
89 0.621875 0.5859375 0.0296875 0.0515625
89 0.58125 0.6171875 0.0359375 0.0671875
89 0.603125 0.540625 0.028125 0.0625
89 0.609375 0.4796875 0.01875 0.05625
89 0.49375 0.6015625 0.040625 0.071875
89 0.5265625 0.559375 0.0296875 0.0546875
89 0.5625 0.51875 0.0203125 0.05
89 0.49375 0.55 0.021875 0.040625
89 0.4609375 0.5984375 0.0234375 0.046875
89 0.6578125 0.365625 0.0203125 0.0609375
89 0.675 0.3125 0.0359375 0.0640625
89 0.721875 0.21875 0.05625 0.08125
89 0.6625 0.24375 0.034375 0.0515625
89 0.61875 0.315625 0.0203125 0.046875
89 0.603125 0.371875 0.01875 0.0515625
89 0.571875 0.346875 0.0140625 0.0453125
89 0.553125 0.321875 0.015625 0.09375
89 0.51875 0.3671875 0.01875 0.0484375
89 0.2171875 0.48125 0.009375 0.034375
89 0.2328125 0.453125 0.00625 0.025
89 0.246875 0.50625 0.0140625 0.0375
89 0.2734375 0.4359375 0.0078125 0.0265625
89 0.253125 0.478125 0.009375 0.03125
89 0.253125 0.528125 0.009375 0.0234375
89 0.275 0.421875 0.0078125 0.0234375
89 0.2625 0.51875 0.0078125 0.04375
89 0.2953125 0.4609375 0.0125 0.034375
89 0.2828125 0.48125 0.0109375 0.034375
89 0.353125 0.459375 0.0125 0.04375
89 0.290625 0.4890625 0.009375 0.028125
89 0.334375 0.490625 0.0078125 0.0421875
89 0.284375 0.5171875 0.0078125 0.03125
89 0.325 0.496875 0.009375 0.034375
89 0.30625 0.559375 0.0140625 0.046875
89 0.3125 0.534375 0.0078125 0.0390625
89 0.3484375 0.575 0.0140625 0.046875
89 0.446875 0.596875 0.01875 0.046875
89 0.4203125 0.5796875 0.01875 0.046875
89 0.378125 0.5765625 0.0125 0.0390625
89 0.3625 0.571875 0.0140625 0.046875
89 0.35 0.534375 0.021875 0.0453125
89 0.403125 0.5265625 0.009375 0.0359375
89 0.453125 0.559375 0.015625 0.03125
89 0.48125 0.5328125 0.025 0.04375
89 0.434375 0.54375 0.0203125 0.0453125
89 0.5125 0.515625 0.0203125 0.0421875
89 0.421875 0.5125 0.0171875 0.040625
89 0.3828125 0.4640625 0.021875 0.040625
89 0.359375 0.51875 0.015625 0.0578125
89 0.396875 0.428125 0.0265625 0.059375
89 0.49375 0.50625 0.0265625 0.0421875
89 0.525 0.4671875 0.025 0.0546875
89 0.5609375 0.434375 0.025 0.0546875
89 0.571875 0.4125 0.028125 0.078125
89 0.55 0.425 0.0296875 0.0609375
89 0.521875 0.4 0.0234375 0.046875
89 0.4796875 0.4875 0.0234375 0.0390625
89 0.515625 0.446875 0.01875 0.0375
89 0.41875 0.475 0.015625 0.040625
89 0.459375 0.4609375 0.0203125 0.04375
89 0.4875 0.4484375 0.015625 0.040625
89 0.475 0.40625 0.0140625 0.034375
89 0.453125 0.4125 0.0140625 0.0359375
89 0.434375 0.4 0.015625 0.0359375
89 0.4328125 0.378125 0.0171875 0.0359375
89 0.83125 0.825 0.04375 0.059375
