89 0.9078125 0.5484375 0.025 0.06875
89 0.853125 0.5609375 0.0171875 0.040625
89 0.8375 0.5546875 0.0203125 0.0453125
89 0.86875 0.4796875 0.015625 0.0515625
89 0.846875 0.5171875 0.0171875 0.0453125
89 0.83125 0.496875 0.0171875 0.0453125
89 0.8265625 0.5125 0.0265625 0.0546875
89 0.825 0.4625 0.0203125 0.05
89 0.8046875 0.459375 0.01875 0.0453125
89 0.81875 0.3984375 0.025 0.0796875
89 0.790625 0.396875 0.03125 0.0703125
89 0.7734375 0.490625 0.0359375 0.0796875
89 0.765625 0.578125 0.028125 0.0546875
89 0.7515625 0.509375 0.0421875 0.0828125
89 0.7875 0.3484375 0.025 0.0703125
89 0.778125 0.29375 0.0234375 0.0625
89 0.74375 0.5921875 0.0421875 0.0828125
89 0.73125 0.5796875 0.040625 0.08125
89 0.74375 0.453125 0.03125 0.046875
89 0.734375 0.434375 0.03125 0.0515625
89 0.73125 0.3671875 0.0421875 0.1015625
89 0.740625 0.2890625 0.0203125 0.059375
89 0.7125 0.4734375 0.0359375 0.0734375
89 0.690625 0.5375 0.0359375 0.059375
89 0.66875 0.6140625 0.034375 0.053125
89 0.621875 0.63125 0.0328125 0.065625
89 0.65 0.565625 0.0421875 0.0734375
89 0.678125 0.428125 0.0296875 0.0609375
89 0.6625 0.475 0.04375 0.084375
89 0.6265625 0.503125 0.0484375 0.0828125
89 0.634375 0.375 0.0234375 0.0453125
89 0.634375 0.328125 0.0375 0.0796875
89 0.6265625 0.403125 0.028125 0.0578125
89 0.58125 0.665625 0.0578125 0.121875
89 0.5 0.746875 0.059375 0.115625
89 0.5140625 0.61875 0.075 0.1296875
89 0.55625 0.5375 0.0359375 0.059375
89 0.59375 0.434375 0.04375 0.0703125
89 0.546875 0.5796875 0.0375 0.053125
89 0.546875 0.4734375 0.05 0.0875
89 0.5484375 0.4421875 0.0359375 0.0609375
89 0.521875 0.390625 0.046875 0.096875
89 0.571875 0.3609375 0.0625 0.109375
89 0.584375 0.2921875 0.03125 0.0671875
89 0.5015625 0.29375 0.0671875 0.0875
89 0.46875 0.6640625 0.0671875 0.1046875
89 0.478125 0.496875 0.0390625 0.059375
89 0.4125 0.81875 0.065625 0.10625
89 0.3625 0.828125 0.09375 0.134375
89 0.371875 0.6765625 0.084375 0.1140625
89 0.1890625 0.884375 0.1375 0.2078125
89 0.2625 0.7 0.10625 0.1828125
89 0.3875 0.5234375 0.090625 0.125
89 0.45 0.409375 0.0828125 0.1484375
89 0.415625 0.2875 0.084375 0.1171875
89 0.3625 0.3703125 0.0671875 0.090625
89 0.11875 0.7 0.1140625 0.14375
89 0.209375 0.5515625 0.09375 0.1171875
89 0.30625 0.51875 0.103125 0.1453125
