89 0.1109375 0.559375 0.1453125 0.146875
89 0.1375 0.44375 0.13125 0.153125
89 0.340625 0.7875 0.06875 0.0984375
89 0.303125 0.559375 0.14375 0.1796875
89 0.4359375 0.51875 0.1078125 0.140625
89 0.45 0.3703125 0.1125 0.15625
89 0.575 0.5125 0.1125 0.1328125
89 0.60625 0.40625 0.0703125 0.078125
89 0.4734375 0.253125 0.0890625 0.109375
89 0.6203125 0.284375 0.1375 0.15625
89 0.625 0.19375 0.04375 0.065625
89 0.7515625 0.40625 0.109375 0.190625
89 0.759375 0.28125 0.1203125 0.1953125
89 0.909375 0.403125 0.1265625 0.171875
89 0.8375 0.4515625 0.08125 0.1296875
