89 0.2203125 0.85625 0.178125 0.28125
89 0.375 0.9234375 0.059375 0.109375
89 0.3765625 0.8125 0.0796875 0.1203125
89 0.290625 0.709375 0.078125 0.1265625
89 0.5375 0.734375 0.0390625 0.0828125
89 0.34375 0.6984375 0.0625 0.1046875
89 0.7203125 0.7125 0.025 0.0796875
89 0.3609375 0.7265625 0.0453125 0.071875
89 0.5390625 0.590625 0.0234375 0.071875
89 0.61875 0.5765625 0.028125 0.09375
89 0.678125 0.6265625 0.0265625 0.05625
89 0.746875 0.615625 0.01875 0.059375
89 0.79375 0.58125 0.0171875 0.0796875
89 0.8375 0.575 0.0140625 0.04375
89 0.86875 0.5671875 0.0109375 0.0359375
89 0.884375 0.525 0.0109375 0.0453125
89 0.875 0.49375 0.0109375 0.0375
89 0.81875 0.559375 0.028125 0.065625
89 0.815625 0.4984375 0.015625 0.05625
89 0.8546875 0.428125 0.0171875 0.05
89 0.8109375 0.3953125 0.0125 0.04375
89 0.8234375 0.453125 0.0140625 0.046875
89 0.7875 0.453125 0.0078125 0.0421875
89 0.7625 0.3953125 0.034375 0.0703125
89 0.690625 0.5421875 0.01875 0.0625
89 0.7171875 0.49375 0.015625 0.0578125
89 0.646875 0.496875 0.021875 0.0515625
89 0.596875 0.496875 0.0265625 0.0609375
89 0.63125 0.4703125 0.0203125 0.0453125
89 0.728125 0.421875 0.0203125 0.065625
89 0.7203125 0.3703125 0.025 0.05625
89 0.69375 0.328125 0.034375 0.05625
