89 0.328125 0.21875 0.3796875 0.428125
89 0.8328125 0.234375 0.184375 0.2921875
89 0.175 0.5765625 0.1671875 0.2078125
89 0.384375 0.46875 0.159375 0.228125
89 0.5953125 0.440625 0.1578125 0.2046875
89 0.8078125 0.3625 0.1015625 0.1171875
89 0.934375 0.503125 0.1015625 0.171875
89 0.4875 0.675 0.2453125 0.228125
89 0.2828125 0.921875 0.128125 0.1171875
89 0.425 0.75 0.1171875 0.1578125
89 0.740625 0.6609375 0.16875 0.1671875
89 0.609375 0.8625 0.1328125 0.1484375
89 0.665625 0.684375 0.1015625 0.090625
89 0.8578125 0.74375 0.196875 0.215625
89 0.70625 0.85625 0.1328125 0.1765625
89 0.86875 0.896875 0.140625 0.1265625
