89 0.10625 0.65625 0.021875 0.075
89 0.15 0.609375 0.021875 0.075
89 0.125 0.6546875 0.0234375 0.10625
89 0.175 0.56875 0.0234375 0.0671875
89 0.165625 0.6875 0.0203125 0.0515625
89 0.1875 0.4875 0.0234375 0.090625
89 0.171875 0.678125 0.0171875 0.065625
89 0.203125 0.5703125 0.0328125 0.0890625
89 0.2375 0.3796875 0.040625 0.1171875
89 0.19375 0.66875 0.0328125 0.121875
89 0.2375 0.515625 0.0421875 0.1484375
89 0.221875 0.684375 0.0328125 0.1
89 0.271875 0.359375 0.0296875 0.090625
89 0.2515625 0.63125 0.0328125 0.0953125
89 0.26875 0.49375 0.0484375 0.1453125
89 0.3046875 0.2734375 0.0359375 0.128125
89 0.2640625 0.715625 0.0359375 0.0828125
89 0.2875 0.615625 0.0421875 0.1140625
89 0.3140625 0.471875 0.0484375 0.15
89 0.321875 0.7125 0.0390625 0.1109375
89 0.33125 0.59375 0.040625 0.0953125
89 0.3625 0.2171875 0.0390625 0.096875
89 0.3890625 0.478125 0.065625 0.165625
89 0.3625 0.3421875 0.075 0.15625
89 0.365625 0.7078125 0.0546875 0.1140625
89 0.4 0.61875 0.040625 0.103125
89 0.403125 0.24375 0.0515625 0.109375
89 0.4234375 0.365625 0.046875 0.10625
89 0.421875 0.571875 0.0421875 0.09375
89 0.428125 0.71875 0.065625 0.1375
89 0.45625 0.44375 0.075 0.1921875
89 0.478125 0.64375 0.05625 0.121875
89 0.4875 0.7625 0.046875 0.0953125
89 0.534375 0.55625 0.06875 0.1421875
89 0.65 0.809375 0.065625 0.128125
89 0.59375 0.68125 0.1015625 0.171875
89 0.759375 0.796875 0.028125 0.065625
89 0.81875 0.7125 0.025 0.046875
