89 0.459375 0.91875 0.065625 0.1625
89 0.5625 0.7921875 0.0640625 0.171875
89 0.24375 0.7609375 0.090625 0.3078125
89 0.25 0.5046875 0.046875 0.1828125
89 0.015625 0.45625 0.01875 0.06875
89 0.159375 0.434375 0.0375 0.1
89 0.096875 0.3671875 0.0203125 0.121875
89 0.084375 0.3875 0.009375 0.053125
89 0.178125 0.3765625 0.0265625 0.1421875
89 0.221875 0.29375 0.0671875 0.2390625
89 0.1984375 0.390625 0.0359375 0.1671875
89 0.15625 0.3125 0.03125 0.0859375
89 0.21875 0.16875 0.034375 0.15
89 0.18125 0.2109375 0.0296875 0.1375
