89 0.1125 0.925 0.0453125 0.1
89 0.175 0.9203125 0.0375 0.0796875
89 0.1765625 0.8234375 0.05625 0.1015625
89 0.184375 0.678125 0.121875 0.2078125
89 0.128125 0.43125 0.021875 0.0734375
89 0.028125 0.325 0.040625 0.0640625
89 0.24375 0.409375 0.0390625 0.0203125
89 0.3078125 0.390625 0.0390625 0.078125
89 0.296875 0.55 0.0953125 0.1984375
89 0.265625 0.76875 0.0578125 0.10625
89 0.3 0.6828125 0.040625 0.0828125
89 0.24375 0.859375 0.0453125 0.0984375
89 0.2890625 0.85 0.0328125 0.0796875
89 0.3671875 0.465625 0.0265625 0.0609375
89 0.346875 0.6328125 0.0546875 0.13125
89 0.365625 0.5328125 0.034375 0.0703125
89 0.3265625 0.76875 0.0640625 0.1625
89 0.39375 0.35 0.0421875 0.0953125
89 0.41875 0.315625 0.0390625 0.1
89 0.4125 0.4140625 0.0421875 0.09375
89 0.4 0.65625 0.0421875 0.090625
89 0.3921875 0.7734375 0.053125 0.121875
89 0.425 0.54375 0.0671875 0.171875
89 0.434375 0.2375 0.0265625 0.0578125
89 0.4671875 0.403125 0.0578125 0.134375
89 0.471875 0.2375 0.046875 0.1109375
89 0.45 0.634375 0.0328125 0.0671875
89 0.4390625 0.70625 0.0390625 0.1
89 0.490625 0.709375 0.0453125 0.1109375
89 0.421875 0.778125 0.021875 0.0515625
89 0.459375 0.765625 0.0234375 0.0546875
89 0.4875 0.340625 0.0359375 0.0828125
89 0.4875 0.575 0.0265625 0.0796875
89 0.5015625 0.5125 0.0296875 0.0609375
89 0.503125 0.60625 0.0296875 0.071875
89 0.515625 0.278125 0.03125 0.0859375
89 0.528125 0.453125 0.0453125 0.125
89 0.540625 0.6140625 0.0171875 0.05
89 0.521875 0.709375 0.0375 0.1
89 0.521875 0.55 0.034375 0.075
89 0.553125 0.6515625 0.03125 0.075
89 0.5609375 0.50625 0.028125 0.084375
89 0.5375 0.35625 0.0390625 0.075
89 0.54375 0.296875 0.0265625 0.06875
89 0.55 0.3984375 0.0234375 0.078125
89 0.590625 0.465625 0.028125 0.0796875
89 0.5625 0.440625 0.028125 0.0609375
89 0.571875 0.5875 0.034375 0.0859375
89 0.5625 0.71875 0.025 0.059375
89 0.5828125 0.6390625 0.0234375 0.0671875
89 0.6109375 0.565625 0.01875 0.0484375
89 0.5875 0.7015625 0.025 0.0609375
89 0.628125 0.675 0.021875 0.08125
89 0.6203125 0.59375 0.0203125 0.065625
89 0.621875 0.490625 0.034375 0.1015625
89 0.628125 0.6078125 0.015625 0.046875
89 0.640625 0.678125 0.0203125 0.0578125
89 0.6359375 0.55625 0.015625 0.05
89 0.653125 0.6390625 0.0171875 0.0703125
89 0.675 0.665625 0.015625 0.059375
89 0.64375 0.496875 0.0203125 0.071875
89 0.609375 0.403125 0.03125 0.084375
89 0.65 0.44375 0.0265625 0.053125
89 0.65625 0.55 0.03125 0.096875
89 0.6328125 0.396875 0.0296875 0.0828125
89 0.671875 0.478125 0.025 0.0828125
89 0.5921875 0.328125 0.028125 0.1078125
89 0.571875 0.2234375 0.0265625 0.0859375
89 0.590625 0.18125 0.0234375 0.08125
89 0.625 0.309375 0.04375 0.096875
89 0.6140625 0.228125 0.0125 0.0453125
89 0.5875 0.2515625 0.025 0.0671875
89 0.60625 0.159375 0.0234375 0.0671875
89 0.69375 0.565625 0.0203125 0.0578125
89 0.6234375 0.225 0.028125 0.06875
89 0.6671875 0.31875 0.028125 0.1140625
89 0.6625 0.203125 0.0390625 0.10625
89 0.675 0.390625 0.021875 0.0765625
89 0.6953125 0.634375 0.0171875 0.1
89 0.703125 0.5046875 0.0203125 0.0765625
89 0.6921875 0.40625 0.03125 0.1171875
89 0.68125 0.29375 0.0359375 0.1296875
89 0.6890625 0.159375 0.03125 0.0984375
89 0.725 0.340625 0.028125 0.1046875
89 0.715625 0.234375 0.03125 0.10625
89 0.73125 0.425 0.015625 0.046875
89 0.715625 0.4875 0.0125 0.040625
89 0.709375 0.584375 0.01875 0.0625
89 0.709375 0.5375 0.015625 0.05
89 0.73125 0.63125 0.0125 0.0703125
89 0.7171875 0.453125 0.0109375 0.0390625
89 0.728125 0.56875 0.0125 0.046875
89 0.75 0.58125 0.009375 0.0484375
89 0.71875 0.51875 0.015625 0.059375
89 0.74375 0.45625 0.015625 0.0453125
89 0.746875 0.5375 0.0140625 0.034375
89 0.725 0.471875 0.0125 0.04375
89 0.75 0.496875 0.021875 0.0609375
89 0.75625 0.628125 0.0109375 0.053125
89 0.728125 0.515625 0.0171875 0.0484375
89 0.740625 0.409375 0.0140625 0.04375
89 0.76875 0.596875 0.0125 0.0375
89 0.8 0.628125 0.0125 0.046875
89 0.7703125 0.540625 0.0140625 0.046875
89 0.759375 0.428125 0.0234375 0.0625
89 0.7625 0.3703125 0.0109375 0.0484375
89 0.771875 0.509375 0.015625 0.0515625
89 0.7890625 0.571875 0.0125 0.034375
89 0.76875 0.409375 0.0203125 0.0390625
89 0.784375 0.553125 0.0125 0.04375
89 0.76875 0.453125 0.0203125 0.053125
89 0.79375 0.56875 0.009375 0.0484375
89 0.7828125 0.371875 0.0109375 0.0421875
89 0.790625 0.4484375 0.009375 0.0421875
89 0.8109375 0.5640625 0.009375 0.0359375
89 0.790625 0.40625 0.0234375 0.0671875
89 0.79375 0.50625 0.0140625 0.0578125
89 0.8125 0.6 0.0109375 0.04375
89 0.815625 0.509375 0.009375 0.0421875
89 0.8234375 0.59375 0.0140625 0.0390625
89 0.81875 0.5546875 0.0109375 0.0515625
89 0.803125 0.484375 0.0234375 0.1046875
89 0.8015625 0.353125 0.0109375 0.03125
89 0.81875 0.4328125 0.0203125 0.0625
89 0.8265625 0.5 0.0125 0.03125
89 0.840625 0.58125 0.0140625 0.05625
89 0.834375 0.54375 0.015625 0.059375
89 0.83125 0.45625 0.01875 0.059375
89 0.846875 0.5296875 0.0109375 0.0546875
89 0.865625 0.53125 0.0140625 0.0421875
89 0.8515625 0.584375 0.0140625 0.0359375
89 0.828125 0.40625 0.0140625 0.0421875
89 0.86875 0.5828125 0.009375 0.03125
89 0.859375 0.475 0.01875 0.065625
89 0.8421875 0.36875 0.009375 0.0359375
89 0.846875 0.4265625 0.0109375 0.0265625
89 0.8625 0.36875 0.0125 0.034375
89 0.846875 0.4 0.0109375 0.03125
89 0.803125 0.3359375 0.0109375 0.0546875
89 0.83125 0.340625 0.0140625 0.034375
89 0.8171875 0.3625 0.0234375 0.078125
89 0.865625 0.409375 0.0140625 0.0453125
89 0.871875 0.5015625 0.0125 0.0484375
89 0.89375 0.56875 0.0109375 0.028125
89 0.884375 0.490625 0.009375 0.05
89 0.875 0.409375 0.009375 0.0484375
89 0.88125 0.528125 0.01875 0.05625
89 0.8328125 0.278125 0.021875 0.075
89 0.765625 0.296875 0.0234375 0.0890625
89 0.7453125 0.2421875 0.03125 0.0953125
89 0.803125 0.296875 0.015625 0.059375
89 0.896875 0.49375 0.009375 0.0328125
89 0.9078125 0.5140625 0.0078125 0.034375
89 0.76875 0.565625 0.009375 0.028125
