89 0.16875 0.359375 0.0203125 0.065625
89 0.2234375 0.28125 0.0265625 0.096875
89 0.1703125 0.3875 0.0203125 0.0625
89 0.2109375 0.390625 0.025 0.1046875
89 0.175 0.4671875 0.0296875 0.0875
89 0.234375 0.359375 0.0171875 0.059375
89 0.196875 0.4421875 0.0234375 0.0703125
89 0.2578125 0.275 0.028125 0.096875
89 0.2125 0.5125 0.0296875 0.0875
89 0.2421875 0.346875 0.021875 0.090625
89 0.23125 0.5625 0.0265625 0.078125
89 0.23125 0.425 0.0234375 0.0734375
89 0.275 0.3546875 0.0265625 0.096875
89 0.2421875 0.44375 0.0234375 0.084375
89 0.2390625 0.61875 0.0328125 0.0890625
89 0.25 0.4890625 0.025 0.078125
89 0.278125 0.6484375 0.028125 0.08125
89 0.275 0.5625 0.021875 0.071875
89 0.25625 0.51875 0.028125 0.0671875
89 0.2921875 0.5796875 0.0234375 0.071875
89 0.29375 0.2625 0.0234375 0.065625
89 0.303125 0.146875 0.0390625 0.16875
89 0.3046875 0.428125 0.028125 0.0890625
89 0.3 0.325 0.03125 0.1171875
89 0.30625 0.503125 0.0203125 0.065625
89 0.325 0.65 0.03125 0.109375
89 0.328125 0.56875 0.0234375 0.0671875
89 0.321875 0.421875 0.028125 0.0984375
89 0.3328125 0.2265625 0.0296875 0.084375
89 0.4 0.18125 0.03125 0.0828125
89 0.353125 0.190625 0.0375 0.1078125
89 0.353125 0.40625 0.028125 0.1
89 0.34375 0.303125 0.04375 0.134375
89 0.35 0.5125 0.0390625 0.1015625
89 0.3875 0.31875 0.04375 0.184375
89 0.346875 0.621875 0.0359375 0.10625
89 0.3765625 0.471875 0.025 0.0875
89 0.3953125 0.690625 0.0375 0.0984375
89 0.428125 0.4375 0.059375 0.1578125
89 0.4015625 0.615625 0.034375 0.10625
89 0.48125 0.44375 0.040625 0.1015625
89 0.45 0.565625 0.04375 0.1109375
89 0.41875 0.715625 0.0328125 0.08125
89 0.45 0.6625 0.034375 0.0859375
89 0.4375 0.75 0.034375 0.0828125
89 0.5046875 0.546875 0.0453125 0.128125
89 0.5 0.75625 0.05625 0.140625
89 0.534375 0.625 0.0625 0.1484375
89 0.63125 0.6671875 0.078125 0.175
89 0.553125 0.7796875 0.05625 0.1765625
89 0.725 0.603125 0.0859375 0.1515625
89 0.640625 0.821875 0.06875 0.1484375
89 0.771875 0.7875 0.05625 0.103125
89 0.725 0.903125 0.0734375 0.128125
89 0.809375 0.909375 0.071875 0.1359375
89 0.76875 0.15625 0.034375 0.0609375
89 0.765625 0.225 0.0328125 0.0546875
89 0.80625 0.140625 0.0390625 0.0734375
89 0.8 0.2390625 0.0515625 0.090625
89 0.846875 0.08125 0.040625 0.0796875
89 0.7921875 0.315625 0.034375 0.05
89 0.8375 0.19375 0.028125 0.04375
89 0.85625 0.14375 0.0453125 0.06875
89 0.84375 0.240625 0.0265625 0.05
89 0.8328125 0.3 0.040625 0.065625
89 0.8890625 0.2234375 0.0296875 0.05
89 0.85625 0.3359375 0.0296875 0.059375
89 0.88125 0.2734375 0.04375 0.0734375
89 0.9140625 0.14375 0.0359375 0.0515625
89 0.921875 0.221875 0.0359375 0.0609375
89 0.94375 0.06875 0.040625 0.0765625
89 0.9109375 0.3515625 0.046875 0.0921875
89 0.96875 0.140625 0.0390625 0.059375
89 0.934375 0.290625 0.025 0.046875
89 0.9578125 0.2015625 0.034375 0.065625
89 0.9703125 0.33125 0.05 0.078125
89 0.946875 0.18125 0.034375 0.0640625
89 0.90625 0.4375 0.0421875 0.075
89 0.953125 0.3953125 0.0484375 0.0921875
89 0.953125 0.478125 0.0484375 0.078125
89 0.1546875 0.375 0.0171875 0.0421875
89 0.1234375 0.3828125 0.025 0.040625
89 0.1 0.378125 0.021875 0.04375
