89 0.215625 0.315625 0.0140625 0.0296875
89 0.28125 0.3015625 0.0125 0.0265625
89 0.296875 0.303125 0.0109375 0.0234375
89 0.43125 0.30625 0.0109375 0.021875
89 0.453125 0.3125 0.0109375 0.01875
89 0.46875 0.309375 0.009375 0.021875
89 0.49375 0.30625 0.0109375 0.01875
89 0.584375 0.315625 0.0140625 0.0234375
89 0.5 0.309375 0.0078125 0.021875
89 0.478125 0.3 0.00625 0.0125
89 0.603125 0.309375 0.0140625 0.03125
89 0.7796875 0.3125 0.0140625 0.021875
89 0.73125 0.35 0.0171875 0.0359375
89 0.721875 0.365625 0.009375 0.0234375
89 0.7078125 0.365625 0.0078125 0.0265625
89 0.6890625 0.36875 0.0140625 0.0453125
89 0.671875 0.375 0.0125 0.0375
89 0.63125 0.378125 0.0109375 0.0484375
89 0.61875 0.390625 0.0109375 0.0296875
89 0.5921875 0.3984375 0.009375 0.0375
89 0.5640625 0.390625 0.0171875 0.046875
89 0.5328125 0.40625 0.0203125 0.0609375
89 0.5140625 0.425 0.015625 0.0515625
89 0.48125 0.4234375 0.0203125 0.0671875
89 0.38125 0.43125 0.0546875 0.0984375
89 0.3234375 0.45 0.059375 0.096875
89 0.28125 0.490625 0.0265625 0.0546875
89 0.240625 0.503125 0.0296875 0.0765625
89 0.1875 0.503125 0.05625 0.0984375
89 0.115625 0.5 0.05 0.0875
89 0.89375 0.415625 0.0140625 0.0765625
89 0.88125 0.428125 0.0140625 0.0703125
89 0.8640625 0.440625 0.0171875 0.0765625
89 0.853125 0.446875 0.0125 0.06875
89 0.85 0.4734375 0.0125 0.0609375
89 0.8375 0.465625 0.009375 0.071875
89 0.834375 0.50625 0.0125 0.0828125
89 0.81875 0.5078125 0.0109375 0.0859375
89 0.8109375 0.525 0.0125 0.0890625
89 0.8046875 0.5296875 0.0125 0.078125
89 0.796875 0.55 0.01875 0.075
89 0.7609375 0.5625 0.0140625 0.096875
89 0.746875 0.58125 0.0125 0.1140625
89 0.73125 0.6125 0.0140625 0.090625
89 0.7125 0.6359375 0.025 0.096875
89 0.6734375 0.6375 0.0546875 0.1703125
89 0.621875 0.675 0.0328125 0.134375
89 0.5921875 0.7328125 0.0578125 0.140625
89 0.54375 0.796875 0.0390625 0.1328125
89 0.4765625 0.825 0.0734375 0.209375
89 0.403125 0.8875 0.065625 0.1828125
