99 0.33984375 0.36796875 0.13203125 0.13046875
99 0.48671875 0.284375 0.1296875 0.0703125
99 0.54140625 0.403125 0.1296875 0.08203125
99 0.653125 0.38984375 0.11796875 0.1140625
99 0.75390625 0.4453125 0.20078125 0.1125
99 0.22890625 0.6296875 0.1859375 0.1765625
99 0.2890625 0.8046875 0.18359375 0.15390625
99 0.55859375 0.7109375 0.16171875 0.23203125
99 0.39453125 0.575 0.1203125 0.16015625
99 0.68046875 0.57890625 0.171875 0.1078125
99 0.7796875 0.73671875 0.25234375 0.15234375
99 0.6140625 0.89453125 0.20859375 0.15234375
99 0.74765625 0.865625 0.146875 0.12890625
