89 0.115625 0.5375 0.075 0.109375
89 0.328125 0.521875 0.0421875 0.059375
89 0.11875 0.471875 0.0546875 0.075
89 0.06875 0.3921875 0.06875 0.1109375
89 0.0375 0.325 0.025 0.034375
89 0.1125 0.3265625 0.0578125 0.078125
89 0.5265625 0.55625 0.0234375 0.028125
89 0.50625 0.440625 0.0734375 0.084375
89 0.490625 0.353125 0.0671875 0.0984375
89 0.65 0.48125 0.065625 0.075
89 0.65625 0.34375 0.0609375 0.09375
89 0.8578125 0.3515625 0.0453125 0.0578125
89 0.90625 0.34375 0.034375 0.0515625
89 0.8875 0.29375 0.08125 0.103125
89 0.7171875 0.64375 0.1953125 0.2078125
