89 0.1078125 0.140625 0.0953125 0.1125
89 0.146875 0.29375 0.1015625 0.1234375
89 0.0875 0.228125 0.096875 0.11875
89 0.1875 0.45 0.09375 0.1140625
89 0.103125 0.559375 0.0984375 0.1140625
89 0.059375 0.534375 0.06875 0.096875
89 0.15 0.740625 0.0671875 0.09375
89 0.0625 0.6640625 0.11875 0.1359375
89 0.2265625 0.63125 0.0640625 0.0890625
89 0.2375 0.7375 0.0625 0.0828125
89 0.28125 0.596875 0.1078125 0.121875
89 0.296875 0.7375 0.0625 0.09375
89 0.334375 0.653125 0.071875 0.11875
89 0.3078125 0.45625 0.146875 0.1765625
89 0.259375 0.2640625 0.1515625 0.253125
89 0.375 0.5765625 0.075 0.0984375
89 0.340625 0.7890625 0.0671875 0.096875
89 0.403125 0.7171875 0.11875 0.1515625
89 0.44375 0.515625 0.11875 0.1640625
89 0.4796875 0.7875 0.0875 0.1125
89 0.4734375 0.640625 0.0875 0.1234375
89 0.415625 0.365625 0.1328125 0.153125
89 0.421875 0.2234375 0.0953125 0.1390625
89 0.5546875 0.8203125 0.0671875 0.096875
89 0.515625 0.4453125 0.075 0.09375
89 0.51875 0.171875 0.125 0.1765625
89 0.546875 0.34375 0.0828125 0.1234375
89 0.54375 0.53125 0.0625 0.0921875
89 0.7015625 0.6984375 0.1125 0.14375
89 0.584375 0.609375 0.10625 0.1359375
89 0.665625 0.7578125 0.09375 0.1171875
89 0.65625 0.553125 0.0546875 0.078125
89 0.628125 0.43125 0.1125 0.1625
89 0.6390625 0.284375 0.0875 0.128125
89 0.6671875 0.121875 0.121875 0.171875
89 0.784375 0.3921875 0.15 0.1796875
89 0.74375 0.525 0.0953125 0.1109375
89 0.83125 0.7546875 0.1375 0.20625
89 0.83125 0.596875 0.0671875 0.090625
89 0.940625 0.71875 0.09375 0.15
89 0.765625 0.2546875 0.08125 0.103125
89 0.859375 0.2453125 0.05625 0.0890625
89 0.9359375 0.1734375 0.0640625 0.1015625
89 0.903125 0.3109375 0.1109375 0.1359375
