89 0.23125 0.371875 0.0109375 0.03125
89 0.265625 0.446875 0.0125 0.0265625
89 0.1796875 0.45 0.0125 0.0296875
89 0.2390625 0.39375 0.0109375 0.0328125
89 0.234375 0.4765625 0.0140625 0.0171875
89 0.271875 0.503125 0.0125 0.0375
89 0.240625 0.4640625 0.0375 0.0453125
89 0.2375 0.421875 0.0109375 0.025
89 0.2546875 0.4078125 0.0140625 0.03125
89 0.29375 0.434375 0.0171875 0.0640625
89 0.3390625 0.384375 0.0140625 0.0359375
89 0.284375 0.49375 0.0171875 0.0546875
89 0.315625 0.415625 0.009375 0.028125
89 0.1859375 0.4 0.009375 0.021875
89 0.1625 0.4171875 0.0109375 0.0234375
89 0.3203125 0.4484375 0.0125 0.028125
89 0.3484375 0.528125 0.01875 0.0421875
89 0.321875 0.490625 0.0171875 0.05
89 0.359375 0.309375 0.028125 0.059375
89 0.3375 0.475 0.0109375 0.0328125
89 0.35625 0.36875 0.015625 0.0359375
89 0.3484375 0.490625 0.0125 0.034375
89 0.3703125 0.403125 0.0140625 0.078125
89 0.384375 0.48125 0.0234375 0.053125
89 0.36875 0.4484375 0.0203125 0.0640625
89 0.403125 0.384375 0.015625 0.046875
89 0.3890625 0.528125 0.0125 0.04375
89 0.41875 0.3484375 0.0203125 0.0625
89 0.4328125 0.45625 0.0171875 0.0625
89 0.4125 0.396875 0.009375 0.0515625
89 0.465625 0.3375 0.025 0.0625
89 0.44375 0.49375 0.0140625 0.0484375
89 0.46875 0.3796875 0.0140625 0.0390625
89 0.4546875 0.4609375 0.0171875 0.071875
89 0.4984375 0.4046875 0.0140625 0.059375
89 0.53125 0.334375 0.025 0.0671875
89 0.48125 0.4796875 0.021875 0.0578125
89 0.55625 0.3125 0.0265625 0.0625
89 0.534375 0.409375 0.0265625 0.0734375
89 0.509375 0.5609375 0.0203125 0.0453125
89 0.528125 0.540625 0.021875 0.04375
89 0.528125 0.4484375 0.034375 0.090625
89 0.565625 0.534375 0.0203125 0.05
89 0.5453125 0.575 0.034375 0.0765625
89 0.590625 0.39375 0.0265625 0.0546875
89 0.628125 0.3375 0.0328125 0.0546875
89 0.5796875 0.6375 0.03125 0.071875
89 0.6046875 0.578125 0.034375 0.0546875
89 0.625 0.415625 0.0390625 0.0953125
89 0.64375 0.56875 0.0234375 0.0328125
89 0.64375 0.4875 0.0296875 0.05
89 0.6828125 0.3578125 0.034375 0.0625
89 0.640625 0.4203125 0.0546875 0.1078125
89 0.646875 0.5984375 0.025 0.04375
89 0.6609375 0.5375 0.0296875 0.0609375
89 0.7015625 0.4265625 0.03125 0.0671875
89 0.6625 0.6125 0.0328125 0.0625
89 0.715625 0.365625 0.0421875 0.071875
89 0.678125 0.5625 0.0328125 0.0703125
89 0.7046875 0.240625 0.0265625 0.0671875
89 0.759375 0.30625 0.0265625 0.0703125
89 0.70625 0.496875 0.0359375 0.071875
89 0.8890625 0.2 0.0671875 0.1203125
89 0.7453125 0.48125 0.0984375 0.146875
89 0.7109375 0.615625 0.0453125 0.065625
89 0.778125 0.575 0.0453125 0.0765625
89 0.76875 0.7109375 0.0546875 0.0921875
89 0.734375 0.6546875 0.0578125 0.128125
89 0.815625 0.434375 0.046875 0.075
89 0.7609375 0.63125 0.04375 0.0671875
89 0.803125 0.80625 0.06875 0.1109375
89 0.834375 0.75 0.0703125 0.1140625
89 0.834375 0.51875 0.059375 0.1078125
89 0.86875 0.31875 0.0625 0.1
89 0.8421875 0.53125 0.0390625 0.059375
89 0.871875 0.6921875 0.078125 0.1046875
89 0.896875 0.5859375 0.0546875 0.0796875
89 0.91875 0.803125 0.0734375 0.121875
89 0.8625 0.628125 0.0640625 0.08125
89 0.90625 0.85625 0.075 0.0609375
89 0.95625 0.6578125 0.0734375 0.0953125
89 0.1671875 0.503125 0.0078125 0.0234375
