99 0.571875 0.88203125 0.12421875 0.13046875
99 0.70234375 0.89921875 0.1265625 0.1046875
99 0.7515625 0.81015625 0.16796875 0.1140625
99 0.45625 0.77421875 0.165625 0.09453125
99 0.57421875 0.67109375 0.0875 0.08203125
99 0.71796875 0.621875 0.10703125 0.078125
99 0.53046875 0.35625 0.0953125 0.08203125
99 0.7046875 0.40625 0.1171875 0.08203125
99 0.51796875 0.5765625 0.1171875 0.0703125
99 0.6875 0.54140625 0.08046875 0.06015625
99 0.38671875 0.61015625 0.14609375 0.065625
99 0.52578125 0.265625 0.1609375 0.065625
99 0.5890625 0.2078125 0.10234375 0.05703125
