89 0.14375 0.6140625 0.04375 0.1234375
89 0.153125 0.465625 0.0546875 0.1515625
89 0.08125 0.4125 0.0515625 0.165625
89 0.171875 0.115625 0.034375 0.1
89 0.1859375 0.646875 0.059375 0.1765625
89 0.434375 0.7625 0.0578125 0.1140625
89 0.2625 0.809375 0.084375 0.184375
89 0.453125 0.659375 0.059375 0.11875
89 0.415625 0.3375 0.046875 0.1109375
89 0.484375 0.81875 0.1125 0.23125
89 0.5 0.2328125 0.046875 0.0953125
89 0.975 0.390625 0.0453125 0.06875
89 0.9265625 0.375 0.053125 0.078125
89 0.9359375 0.29375 0.046875 0.0734375
89 0.8953125 0.321875 0.0359375 0.05625
89 0.928125 0.2 0.0328125 0.0578125
89 0.875 0.378125 0.0390625 0.0625
89 0.853125 0.309375 0.0296875 0.0546875
89 0.825 0.3828125 0.040625 0.0671875
89 0.8875 0.240625 0.0328125 0.0640625
89 0.85625 0.2390625 0.0484375 0.08125
89 0.8625 0.1125 0.0265625 0.04375
89 0.784375 0.3640625 0.04375 0.0703125
89 0.81875 0.303125 0.0375 0.0671875
89 0.7375 0.325 0.05 0.0859375
89 0.778125 0.275 0.04375 0.0796875
89 0.8125 0.2140625 0.0484375 0.0828125
89 0.71875 0.2546875 0.0421875 0.065625
89 0.7875 0.146875 0.0234375 0.040625
89 0.75625 0.246875 0.034375 0.0546875
89 0.7640625 0.209375 0.0359375 0.0625
89 0.8203125 0.134375 0.0265625 0.034375
89 0.75625 0.1296875 0.0328125 0.053125
89 0.728125 0.2015625 0.028125 0.053125
89 0.7203125 0.1609375 0.0265625 0.0484375
89 0.6796875 0.2 0.028125 0.05625
89 0.6484375 0.2015625 0.0375 0.071875
