89 0.0640625 0.2671875 0.0359375 0.0546875
89 0.1140625 0.265625 0.03125 0.05
89 0.1609375 0.2453125 0.0328125 0.053125
89 0.2203125 0.25 0.0234375 0.0375
89 0.190625 0.253125 0.028125 0.046875
89 0.2296875 0.215625 0.021875 0.040625
89 0.203125 0.196875 0.0359375 0.0640625
89 0.221875 0.171875 0.0296875 0.046875
89 0.265625 0.159375 0.0234375 0.04375
89 0.35625 0.0859375 0.0234375 0.0359375
89 0.303125 0.29375 0.0390625 0.0625
89 0.4109375 0.2578125 0.034375 0.065625
89 0.4296875 0.21875 0.0390625 0.065625
89 0.4125 0.15625 0.0375 0.0734375
89 0.478125 0.1875 0.040625 0.0765625
89 0.4625 0.13125 0.0296875 0.075
89 0.50625 0.1375 0.040625 0.084375
89 0.48125 0.084375 0.0328125 0.071875
89 0.55 0.165625 0.0359375 0.05625
89 0.559375 0.13125 0.028125 0.05625
89 0.9 0.2125 0.04375 0.1140625
89 0.853125 0.3203125 0.0328125 0.1078125
89 0.928125 0.43125 0.06875 0.184375
89 0.7921875 0.246875 0.03125 0.1390625
89 0.96875 0.50625 0.05 0.1578125
89 0.846875 0.45625 0.0703125 0.2125
89 0.9453125 0.6125 0.0453125 0.1140625
89 0.91875 0.61875 0.053125 0.1734375
89 0.803125 0.61875 0.1015625 0.303125
89 0.9375 0.7234375 0.0640625 0.159375
89 0.728125 0.5515625 0.0640625 0.1671875
89 0.709375 0.85625 0.0828125 0.2
