89 0.521875 0.803125 0.109375 0.153125
89 0.4109375 0.71875 0.078125 0.1171875
89 0.271875 0.8234375 0.1015625 0.1546875
89 0.2125 0.6875 0.1015625 0.16875
89 0.1453125 0.69375 0.1109375 0.153125
89 0.275 0.5390625 0.078125 0.10625
89 0.478125 0.40625 0.0359375 0.05
89 0.790625 0.51875 0.0484375 0.0640625
89 0.69375 0.425 0.1046875 0.1109375
89 0.64375 0.371875 0.040625 0.0765625
89 0.85 0.4375 0.071875 0.096875
89 0.6375 0.334375 0.01875 0.0265625
89 0.809375 0.38125 0.046875 0.05
89 0.8890625 0.459375 0.0390625 0.053125
89 0.921875 0.4625 0.0125 0.01875
89 0.9203125 0.353125 0.028125 0.03125
89 0.9671875 0.275 0.0140625 0.01875
89 0.9875 0.2484375 0.0125 0.0171875
89 0.9578125 0.259375 0.0109375 0.0140625
89 0.928125 0.246875 0.0140625 0.015625
89 0.9484375 0.2578125 0.0125 0.0140625
89 0.9375 0.2421875 0.009375 0.0109375
89 0.940625 0.253125 0.009375 0.0140625
89 0.990625 0.26875 0.0140625 0.021875
