89 0.2265625 0.59375 0.1046875 0.115625
89 0.2953125 0.446875 0.0953125 0.1453125
89 0.284375 0.34375 0.065625 0.0671875
89 0.165625 0.2125 0.021875 0.0390625
89 0.38125 0.184375 0.025 0.0390625
89 0.5078125 0.1890625 0.0625 0.10625
89 0.4546875 0.271875 0.0671875 0.103125
89 0.4 0.321875 0.0390625 0.059375
89 0.4 0.503125 0.0921875 0.0984375
89 0.421875 0.371875 0.0359375 0.0390625
89 0.603125 0.334375 0.06875 0.1046875
89 0.490625 0.3796875 0.059375 0.0609375
89 0.5640625 0.434375 0.04375 0.0640625
89 0.653125 0.475 0.040625 0.05625
89 0.8078125 0.2921875 0.015625 0.028125
89 0.4875 0.440625 0.0953125 0.1203125
89 0.915625 0.4640625 0.03125 0.0515625
89 0.5125 0.63125 0.1109375 0.1234375
89 0.4875 0.846875 0.1703125 0.1609375
