89 0.9875 0.4125 0.0171875 0.05
89 0.975 0.403125 0.01875 0.0640625
89 0.95 0.425 0.0125 0.0453125
89 0.934375 0.440625 0.021875 0.0453125
89 0.9125 0.43125 0.01875 0.0734375
89 0.896875 0.4546875 0.0125 0.05
89 0.8890625 0.465625 0.0265625 0.046875
89 0.875 0.4578125 0.03125 0.075
89 0.8375 0.475 0.0140625 0.0578125
89 0.821875 0.484375 0.0203125 0.0875
89 0.8 0.503125 0.0296875 0.0765625
89 0.7703125 0.5171875 0.028125 0.08125
89 0.7453125 0.53125 0.04375 0.10625
89 0.7046875 0.553125 0.0453125 0.0984375
89 0.653125 0.584375 0.0546875 0.1125
89 0.5984375 0.615625 0.046875 0.103125
89 0.5046875 0.6203125 0.1234375 0.1921875
89 0.378125 0.715625 0.1296875 0.15
89 0.2046875 0.7734375 0.1609375 0.240625
89 0.115625 0.83046875 0.1 0.80859375 0.07578125 0.784375 0.03828125 0.775 0.01171875 0.759375 89 0.76015625 0.003125 0.96015625 0.06796875 0.9171875 0.09765625 0.90625 0.1203125 0.87890625 0.115625 0.83046875
