89 0.1734375 0.709375 0.234375 0.2375
89 0.65625 0.5703125 0.103125 0.11875
89 0.721875 0.490625 0.078125 0.084375
89 0.675 0.425 0.0484375 0.0671875
89 0.6796875 0.365625 0.040625 0.0546875
89 0.5875 0.41875 0.05625 0.090625
89 0.5375 0.390625 0.0828125 0.096875
89 0.575 0.3328125 0.034375 0.0484375
89 0.696875 0.3375 0.0203125 0.03125
89 0.6859375 0.2953125 0.015625 0.028125
89 0.7140625 0.334375 0.01875 0.0265625
89 0.5921875 0.3015625 0.025 0.0390625
89 0.565625 0.3046875 0.025 0.034375
89 0.5328125 0.3015625 0.01875 0.028125
89 0.5921875 0.275 0.03125 0.0359375
