89 0.490625 0.7984375 0.0515625 0.16875
89 0.4375 0.6875 0.040625 0.146875
89 0.365625 0.6046875 0.0203125 0.1015625
89 0.3265625 0.56875 0.0109375 0.0796875
89 0.309375 0.528125 0.0140625 0.071875
89 0.2953125 0.5 0.0125 0.0578125
89 0.275 0.496875 0.0109375 0.0546875
89 0.275 0.4625 0.0109375 0.040625
89 0.25625 0.459375 0.009375 0.0546875
89 0.2484375 0.43125 0.00625 0.0375
89 0.2375 0.41875 0.003125 0.028125
89 0.21875 0.403125 0.00625 0.0390625
89 0.2328125 0.40625 0.00625 0.0265625
89 0.2125 0.378125 0.003125 0.015625
89 0.209375 0.375 0.003125 0.0109375
