99 0.47890625 0.453125 0.17421875 0.18984375
99 0.65625 0.21875 0.15234375 0.09140625
99 0.84375 0.15546875 0.26328125 0.12421875
99 0.6734375 0.534375 0.1328125 0.15
99 0.65 0.66640625 0.32421875 0.15234375
99 0.32890625 0.6125 0.3734375 0.12890625
99 0.26171875 0.73671875 0.196875 0.078125
99 0.48125 0.74765625 0.184375 0.08359375
99 0.84296875 0.78046875 0.23828125 0.290625
99 0.27421875 0.9078125 0.26796875 0.16484375
99 0.25546875 0.41875 0.29453125 0.13203125
99 0.6890625 0.34609375 0.275 0.12890625
99 0.49296875 0.253125 0.19375 0.12578125
