89 0.90625 0.803125 0.1609375 0.2765625
89 0.7890625 0.771875 0.1046875 0.16875
89 0.85625 0.603125 0.109375 0.1890625
89 0.7703125 0.58125 0.0921875 0.1609375
89 0.70625 0.7078125 0.1203125 0.1859375
89 0.575 0.709375 0.0859375 0.1453125
89 0.6359375 0.55 0.1328125 0.2109375
89 0.69375 0.4390625 0.1109375 0.1859375
89 0.45 0.671875 0.075 0.1796875
89 0.51875 0.5734375 0.0890625 0.1671875
89 0.4578125 0.503125 0.0515625 0.1
89 0.55 0.365625 0.1515625 0.240625
89 0.334375 0.671875 0.0703125 0.1328125
89 0.3515625 0.5546875 0.0734375 0.171875
89 0.440625 0.359375 0.0734375 0.1875
89 0.340625 0.40625 0.0625 0.1421875
89 0.225 0.653125 0.08125 0.1625
89 0.1734375 0.65625 0.040625 0.1046875
89 0.3359375 0.503125 0.078125 0.153125
89 0.34375 0.203125 0.065625 0.146875
89 0.303125 0.29375 0.090625 0.1796875
89 0.21875 0.50625 0.059375 0.1546875
89 0.2375 0.396875 0.053125 0.1328125
89 0.23125 0.30625 0.046875 0.1015625
89 0.125 0.6140625 0.0546875 0.13125
89 0.0703125 0.578125 0.0453125 0.10625
89 0.146875 0.5171875 0.05 0.115625
89 0.103125 0.490625 0.0453125 0.1234375
89 0.05625 0.478125 0.0453125 0.134375
89 0.18125 0.3875 0.0515625 0.1328125
89 0.1390625 0.353125 0.0640625 0.1515625
89 0.065625 0.31875 0.0796875 0.1828125
89 0.184375 0.253125 0.0515625 0.1296875
89 0.2765625 0.134375 0.0546875 0.1390625
89 0.23125 0.1859375 0.0578125 0.1640625
89 0.2234375 0.134375 0.0828125 0.1734375
