89 0.9796875 0.6 0.01875 0.0703125
89 0.9875 0.403125 0.0078125 0.0671875
89 0.9875 0.296875 0.009375 0.10625
89 0.971875 0.38125 0.0109375 0.078125
89 0.965625 0.315625 0.0109375 0.0578125
89 0.959375 0.5328125 0.0078125 0.090625
89 0.9421875 0.5875 0.0265625 0.103125
89 0.928125 0.49375 0.0109375 0.0671875
89 0.93125 0.61875 0.0140625 0.096875
89 0.9484375 0.4453125 0.0125 0.0734375
89 0.9421875 0.4453125 0.0125 0.084375
89 0.9421875 0.2828125 0.015625 0.1390625
89 0.91875 0.375 0.0109375 0.075
89 0.95 0.26875 0.0140625 0.09375
89 0.94375 0.3703125 0.0109375 0.071875
89 0.9171875 0.6546875 0.009375 0.0671875
89 0.9109375 0.54375 0.0109375 0.05625
89 0.89375 0.6421875 0.0171875 0.0953125
89 0.9015625 0.575 0.0171875 0.071875
89 0.878125 0.675 0.0125 0.084375
89 0.903125 0.4890625 0.0140625 0.084375
89 0.9 0.3015625 0.0203125 0.08125
89 0.89375 0.33125 0.021875 0.0921875
89 0.840625 0.696875 0.0421875 0.165625
89 0.859375 0.609375 0.021875 0.0875
89 0.871875 0.578125 0.015625 0.096875
89 0.875 0.5375 0.01875 0.0953125
89 0.8625 0.490625 0.01875 0.10625
89 0.853125 0.540625 0.0234375 0.1375
89 0.871875 0.396875 0.040625 0.1390625
89 0.85625 0.425 0.0265625 0.1078125
89 0.85625 0.2578125 0.025 0.14375
89 0.821875 0.353125 0.025 0.0734375
89 0.8109375 0.5625 0.0390625 0.1171875
89 0.8046875 0.446875 0.0203125 0.0765625
89 0.796875 0.334375 0.025 0.090625
89 0.79375 0.25 0.0296875 0.1234375
89 0.76875 0.35 0.0265625 0.096875
89 0.75 0.321875 0.0375 0.1171875
89 0.753125 0.55625 0.0359375 0.1109375
89 0.784375 0.4296875 0.0265625 0.1171875
89 0.6890625 0.6640625 0.01875 0.0765625
89 0.684375 0.6453125 0.03125 0.0859375
89 0.659375 0.71875 0.025 0.071875
89 0.653125 0.640625 0.0546875 0.134375
89 0.65625 0.534375 0.0390625 0.0875
89 0.703125 0.46875 0.028125 0.08125
89 0.66875 0.4375 0.0296875 0.084375
89 0.7 0.39375 0.0421875 0.1296875
89 0.73125 0.203125 0.0296875 0.0828125
89 0.7125 0.153125 0.028125 0.1109375
89 0.690625 0.14375 0.046875 0.1421875
89 0.65625 0.084375 0.028125 0.090625
89 0.7046875 0.24375 0.0359375 0.10625
89 0.596875 0.7890625 0.0640625 0.1609375
89 0.58125 0.66875 0.0328125 0.0828125
89 0.484375 0.778125 0.090625 0.1609375
89 0.4875 0.646875 0.040625 0.096875
89 0.546875 0.5625 0.0515625 0.14375
89 0.565625 0.5296875 0.0640625 0.1625
89 0.578125 0.38125 0.0515625 0.140625
89 0.575 0.2640625 0.0421875 0.10625
89 0.6 0.140625 0.04375 0.121875
89 0.515625 0.33125 0.0375 0.09375
89 0.4875 0.253125 0.040625 0.096875
89 0.45625 0.2859375 0.0546875 0.159375
89 0.428125 0.425 0.0609375 0.1453125
89 0.3875 0.640625 0.06875 0.140625
89 0.4125 0.534375 0.0609375 0.128125
89 0.321875 0.78125 0.10625 0.2078125
89 0.3203125 0.6 0.0625 0.14375
89 0.2 0.8546875 0.084375 0.1453125
89 0.053125 0.853125 0.103125 0.1421875
89 0.221875 0.6703125 0.125 0.215625
89 0.2609375 0.5 0.10625 0.1828125
89 0.1453125 0.3609375 0.053125 0.090625
89 0.1828125 0.296875 0.040625 0.059375
89 0.240625 0.23125 0.05 0.0875
