89 0.284375 0.4875 0.2484375 0.3640625
89 0.625 0.684375 0.175 0.3015625
89 0.890625 0.721875 0.0921875 0.1765625
89 0.86875 0.6203125 0.10625 0.20625
89 0.871875 0.4953125 0.0875 0.1765625
89 0.49375 0.46875 0.1578125 0.24375
89 0.934375 0.6203125 0.1015625 0.215625
89 0.73125 0.4203125 0.1171875 0.2359375
89 0.809375 0.303125 0.1203125 0.25
89 0.5625 0.2703125 0.125 0.2328125
89 0.2671875 0.80078125 0.271875 0.75546875 0.2546875 0.69609375 0.2125 0.64765625 0.209375 0.63203125 0.19921875 0.6328125 0.19296875 0.615625 0.17421875 0.6015625 0.15703125 0.59375 0.15234375 0.596875 0.14609375 0.584375 0.13828125 0.584375 0.13828125 0.590625 0.12578125 0.584375 0.08671875 0.5921875 0.04453125 0.621875 0.015625 0.65234375 0.015625 0.89609375 0.02890625 0.9125 0.09296875 0.95 0.14375 0.95078125 0.17734375 0.9390625 0.2265625 0.89921875 0.2515625 0.84921875 0.2671875 0.80078125
89 0.559375 0.71640625 0.546875 0.68515625 0.51015625 0.63125 0.49296875 0.6171875 0.46640625 0.6078125 0.43828125 0.6078125 0.40078125 0.6234375 0.38046875 0.6390625 0.3859375 0.64453125 0.3640625 0.65546875 0.36875 0.65859375 0.36484375 0.6671875 0.35625 0.66328125 0.35 0.68984375 0.334375 0.71328125 0.325 0.71484375 0.309375 0.76953125 0.3015625 0.82578125 0.3046875 0.87578125 0.3140625 0.91328125 0.33046875 0.9515625 0.5265625 0.95390625 0.55625 0.91015625 0.571875 0.85703125 0.5703125 0.77578125 0.559375 0.71640625
89 0.95078125 0.840625 0.92578125 0.8390625 0.8875 0.87734375 0.865625 0.93359375 0.8640625 0.95546875 0.959375 0.95859375 0.978125 0.95546875 0.9796875 0.91796875 0.9703125 0.86953125 0.95078125 0.840625
89 0.9484375 0.83515625 0.9734375 0.87109375 0.98125 0.91796875 0.9890625 0.91796875 0.9921875 0.76953125 0.98671875 0.7546875 0.95625 0.79765625 0.9484375 0.83515625
89 0.815625 0.81171875 0.79921875 0.8 0.78359375 0.7984375 0.75703125 0.8125 0.7390625 0.83046875 0.7265625 0.85546875 0.753125 0.87578125 0.7703125 0.91328125 0.7890625 0.93046875 0.79375 0.95390625 0.8140625 0.95703125 0.821875 0.94921875 0.8296875 0.91328125 0.83125 0.85390625 0.815625 0.81171875
89 0.75 0.11015625 0.7390625 0.04921875 0.73046875 0.0421875 0.59140625 0.04375 0.5875 0.10234375 0.603125 0.17734375 0.63125 0.24453125 0.64453125 0.259375 0.671875 0.26484375 0.68984375 0.2625 0.7078125 0.24921875 0.74375 0.18515625 0.75 0.11015625
