89 0.015625 0.3828125 0.0203125 0.0453125
89 0.015625 0.325 0.0234375 0.0671875
89 0.046875 0.3859375 0.0171875 0.046875
89 0.05 0.275 0.0453125 0.1015625
89 0.0515625 0.20625 0.021875 0.0703125
89 0.06875 0.415625 0.0109375 0.046875
89 0.071875 0.36875 0.0296875 0.075
89 0.109375 0.340625 0.0328125 0.08125
89 0.103125 0.2671875 0.021875 0.0625
89 0.0875 0.178125 0.0171875 0.05625
89 0.0953125 0.14375 0.0234375 0.075
89 0.1375 0.409375 0.04375 0.1125
89 0.090625 0.203125 0.01875 0.0515625
89 0.146875 0.1625 0.021875 0.059375
89 0.1234375 0.25 0.01875 0.0625
89 0.14375 0.325 0.01875 0.0640625
89 0.1234375 0.321875 0.0296875 0.0796875
89 0.14375 0.234375 0.0375 0.1
89 0.175 0.390625 0.021875 0.075
89 0.246875 0.465625 0.0296875 0.065625
89 0.20625 0.45 0.0421875 0.0796875
89 0.209375 0.371875 0.034375 0.1125
89 0.196875 0.275 0.0328125 0.13125
89 0.265625 0.49375 0.028125 0.075
89 0.240625 0.396875 0.0625 0.1328125
89 0.21875 0.2953125 0.021875 0.059375
89 0.2515625 0.3 0.028125 0.0671875
89 0.3 0.459375 0.034375 0.0796875
89 0.3203125 0.3609375 0.040625 0.0953125
89 0.30625 0.25 0.046875 0.1171875
89 0.346875 0.521875 0.04375 0.0828125
89 0.353125 0.421875 0.0453125 0.09375
89 0.4265625 0.4078125 0.0390625 0.0859375
89 0.4125 0.5234375 0.0734375 0.140625
89 0.490625 0.5828125 0.06875 0.1140625
89 0.446875 0.471875 0.053125 0.1109375
89 0.44375 0.275 0.1421875 0.2359375
89 0.621875 0.578125 0.1234375 0.1796875
89 0.5359375 0.440625 0.0734375 0.1453125
89 0.678125 0.484375 0.121875 0.1625
89 0.6671875 0.6828125 0.0828125 0.1328125
89 0.7640625 0.71875 0.084375 0.109375
89 0.8 0.58125 0.0890625 0.1171875
89 0.796875 0.44375 0.0703125 0.1
