89 0.034375 0.353125 0.025 0.040625
89 0.05 0.3109375 0.0109375 0.0328125
89 0.0625 0.3859375 0.0234375 0.0421875
89 0.05 0.434375 0.01875 0.046875
89 0.075 0.475 0.015625 0.05
89 0.06875 0.528125 0.015625 0.028125
89 0.1015625 0.5078125 0.0140625 0.05
89 0.10625 0.475 0.0109375 0.0640625
89 0.128125 0.4421875 0.0171875 0.059375
89 0.115625 0.5390625 0.0171875 0.0453125
89 0.15625 0.5125 0.015625 0.0578125
89 0.153125 0.4625 0.0171875 0.06875
89 0.1578125 0.39375 0.0171875 0.0734375
89 0.1734375 0.5328125 0.0171875 0.05
89 0.178125 0.4625 0.0203125 0.059375
89 0.1625 0.359375 0.0140625 0.0703125
89 0.171875 0.309375 0.015625 0.0515625
89 0.2046875 0.278125 0.009375 0.04375
89 0.284375 0.1953125 0.0078125 0.0296875
89 0.19375 0.534375 0.03125 0.096875
89 0.190625 0.43125 0.028125 0.0828125
89 0.225 0.5265625 0.0390625 0.084375
89 0.215625 0.45 0.0171875 0.053125
89 0.2359375 0.3734375 0.0265625 0.1171875
89 0.2203125 0.278125 0.0203125 0.0953125
89 0.2359375 0.465625 0.0203125 0.0609375
89 0.25625 0.26875 0.05625 0.1390625
89 0.259375 0.54375 0.0390625 0.1328125
89 0.2703125 0.4296875 0.0359375 0.1109375
89 0.303125 0.290625 0.0390625 0.1078125
89 0.325 0.540625 0.10625 0.1875
89 0.3125 0.4125 0.040625 0.0953125
89 0.390625 0.628125 0.046875 0.115625
89 0.3578125 0.3515625 0.046875 0.1234375
89 0.421875 0.60625 0.0546875 0.11875
89 0.4109375 0.5046875 0.0484375 0.1078125
89 0.49375 0.625 0.065625 0.1515625
89 0.46875 0.5 0.053125 0.1109375
89 0.45 0.4 0.0515625 0.1125
89 0.60625 0.6328125 0.165625 0.24375
89 0.5625 0.48125 0.075 0.128125
89 0.784375 0.721875 0.23125 0.31875
89 0.7125 0.5109375 0.10625 0.1546875
