89 0.084375 0.409375 0.0515625 0.0890625
89 0.1703125 0.371875 0.0609375 0.0765625
89 0.084375 0.4734375 0.0546875 0.0671875
89 0.303125 0.46875 0.0734375 0.115625
89 0.33125 0.3828125 0.034375 0.040625
89 0.209375 0.496875 0.0171875 0.03125
89 0.2203125 0.578125 0.0453125 0.075
89 0.134375 0.51875 0.0375 0.0484375
89 0.365625 0.5484375 0.0203125 0.0296875
89 0.46875 0.4625 0.059375 0.096875
89 0.4390625 0.515625 0.071875 0.0875
89 0.565625 0.421875 0.065625 0.0875
89 0.5234375 0.553125 0.0875 0.1328125
89 0.709375 0.38125 0.1140625 0.15
89 0.5953125 0.6125 0.1390625 0.165625
89 0.775 0.784375 0.0546875 0.059375
89 0.690625 0.7875 0.03125 0.0390625
89 0.7015625 0.6078125 0.0828125 0.13125
89 0.815625 0.54375 0.1109375 0.171875
89 0.8140625 0.7046875 0.0875 0.121875
89 0.9265625 0.684375 0.1 0.125
