89 0.253125 0.378125 0.153125 0.228125
89 0.515625 0.4609375 0.171875 0.25
89 0.390625 0.5171875 0.146875 0.240625
89 0.59375 0.609375 0.1515625 0.203125
89 0.765625 0.659375 0.121875 0.159375
89 0.6828125 0.5421875 0.0734375 0.1015625
89 0.459375 0.346875 0.03125 0.0421875
89 0.6203125 0.2265625 0.0125 0.01875
89 0.6 0.2125 0.009375 0.0171875
89 0.584375 0.21875 0.015625 0.0171875
89 0.5625 0.2 0.0140625 0.015625
89 0.54375 0.2 0.0171875 0.0203125
89 0.53125 0.1921875 0.015625 0.0171875
89 0.5046875 0.20625 0.0140625 0.01875
89 0.4953125 0.19375 0.0140625 0.0171875
89 0.5375 0.2015625 0.015625 0.0171875
89 0.48125 0.228125 0.0203125 0.0234375
89 0.45 0.225 0.0171875 0.025
89 0.43125 0.20625 0.01875 0.025
89 0.403125 0.2203125 0.015625 0.021875
89 0.475 0.1984375 0.0171875 0.021875
89 0.4390625 0.240625 0.0125 0.0125
