89 0.096875 0.753125 0.1203125 0.1515625
89 0.18125 0.471875 0.0828125 0.1140625
89 0.246875 0.665625 0.0890625 0.1125
89 0.39375 0.45625 0.159375 0.1796875
89 0.465625 0.8015625 0.078125 0.1046875
89 0.14375 0.59375 0.109375 0.153125
89 0.346875 0.696875 0.128125 0.2015625
89 0.4921875 0.384375 0.071875 0.1046875
89 0.6296875 0.5859375 0.1328125 0.1640625
89 0.7 0.390625 0.0734375 0.1140625
89 0.284375 0.5484375 0.078125 0.109375
89 0.434375 0.603125 0.0703125 0.103125
89 0.665625 0.771875 0.1671875 0.265625
89 0.4984375 0.5515625 0.071875 0.0953125
89 0.59375 0.396875 0.0703125 0.1140625
89 0.521875 0.675 0.1640625 0.184375
89 0.54375 0.45625 0.0671875 0.1
89 0.821875 0.496875 0.1578125 0.2171875
89 0.84375 0.6796875 0.128125 0.16875
