89 0.1640625 0.2484375 0.065625 0.1359375
89 0.3734375 0.2375 0.1203125 0.2515625
89 0.5078125 0.140625 0.121875 0.2671875
89 0.36875 0.503125 0.125 0.2515625
89 0.35 0.796875 0.1296875 0.271875
89 0.4875 0.4375 0.1375 0.2796875
89 0.51875 0.775 0.1234375 0.265625
89 0.63125 0.23125 0.1140625 0.2578125
89 0.684375 0.509375 0.1046875 0.25
89 0.640625 0.7375 0.0953125 0.209375
89 0.75625 0.3609375 0.109375 0.2328125
89 0.71875 0.796875 0.0921875 0.215625
89 0.85625 0.2171875 0.1 0.234375
89 0.746875 0.590625 0.0859375 0.190625
89 0.8625 0.459375 0.0921875 0.2375
89 0.8453125 0.7640625 0.134375 0.3546875
