89 0.090625 0.49375 0.115625 0.265625
89 0.1953125 0.678125 0.06875 0.1015625
89 0.50625 0.0203125 0.0265625 0.040625
89 0.6875 0.15 0.0328125 0.0515625
89 0.3390625 0.115625 0.0453125 0.0578125
89 0.7859375 0.275 0.0453125 0.0640625
89 0.74375 0.1625 0.0265625 0.0328125
89 0.7828125 0.140625 0.028125 0.0375
89 0.8296875 0.1984375 0.04375 0.0625
89 0.915625 0.2609375 0.0265625 0.034375
89 0.921875 0.215625 0.0203125 0.0265625
89 0.95 0.3796875 0.0390625 0.0515625
89 0.921875 0.33125 0.0203125 0.028125
