99 0.4765625 0.7390625 0.0796875 0.13203125
99 0.43125 0.85078125 0.05390625 0.10078125
99 0.5546875 0.87734375 0.05390625 0.090625
99 0.496875 0.4671875 0.0734375 0.08125
99 0.46640625 0.38984375 0.0796875 0.06875
99 0.48125 0.32109375 0.0765625 0.06640625
99 0.5609375 0.4765625 0.06875 0.07578125
99 0.58359375 0.55390625 0.06875 0.090625
99 0.56640625 0.68515625 0.071875 0.11015625
99 0.45 0.5578125 0.078125 0.0734375
99 0.5328125 0.58125 0.05234375 0.08359375
99 0.47421875 0.61640625 0.06875 0.08828125
