99 0.31953125 0.8140625 0.11796875 0.17890625
99 0.23515625 0.7734375 0.13046875 0.16171875
99 0.21640625 0.59296875 0.1109375 0.13203125
99 0.32890625 0.61015625 0.08984375 0.13203125
99 0.41171875 0.77578125 0.09453125 0.14921875
99 0.29921875 0.38125 0.10625 0.1203125
99 0.19453125 0.29765625 0.08671875 0.103125
99 0.284375 0.22890625 0.08203125 0.12265625
99 0.12578125 0.4078125 0.99 0.1125
99 0.1140625 0.57265625 0.140625 0.1203125
99 0.140625 0.728125 0.12421875 0.1203125
99 0.40546875 0.37109375 0.078125 0.1125
