223 0.496875 0.403125 0.0234375 0.015625
223 0.5921875 0.39375 0.0203125 0.015625
223 0.7953125 0.375 0.028125 0.0171875
223 0.35 0.6171875 0.0296875 0.0171875
223 0.3546875 0.66875 0.025 0.0203125
223 0.3578125 0.7171875 0.0328125 0.0140625
223 0.0875 0.540625 0.015625 0.015625
223 0.0859375 0.56875 0.0171875 0.009375
223 0.0921875 0.59375 0.01875 0.015625
223 0.79375 0.3515625 0.1609375 0.109375
223 0.5890625 0.378125 0.0875 0.0796875
223 0.5015625 0.3875 0.09375 0.0671875
223 0.34375 0.6109375 0.090625 0.0453125
223 0.3515625 0.6609375 0.0859375 0.0515625
223 0.359375 0.7125 0.078125 0.0515625
223 0.0875 0.5390625 0.05625 0.021875
223 0.090625 0.565625 0.0515625 0.03125
223 0.0921875 0.5921875 0.05 0.03125
