223 0.2 0.778125 0.0921875 0.01875
223 0.2 0.846875 0.0890625 0.0234375
223 0.028125 0.815625 0.028125 0.0515625
223 0.1171875 0.2171875 0.0828125 0.0265625
223 0.121875 0.3859375 0.0796875 0.0171875
223 0.48125 0.1859375 0.0171875 0.05625
223 0.5125 0.18125 0.0203125 0.05625
223 0.7578125 0.7484375 0.040625 0.03125
223 0.75625 0.8078125 0.0515625 0.03125
223 0.415625 0.18125 0.15 0.109375
223 0.571875 0.1796875 0.15 0.1015625
223 0.75625 0.7390625 0.1453125 0.065625
223 0.753125 0.80625 0.146875 0.059375
223 0.8375 0.384375 0.075 0.028125
223 0.8390625 0.2328125 0.0671875 0.028125
223 0.8203125 0.1953125 0.34375 0.11875
223 0.8234375 0.3296875 0.3453125 0.15
223 0.1984375 0.7765625 0.2859375 0.0625
223 0.1984375 0.8421875 0.275 0.0640625
223 0.03125 0.809375 0.059375 0.1203125
223 0.1625 0.178125 0.321875 0.1
223 0.16875 0.31875 0.321875 0.1484375
