124 0.0578125 0.8 0.115625 0.1453125
124 0.0796875 0.6203125 0.159375 0.2328125
124 0.153125 0.4703125 0.1515625 0.1453125
124 0.25625 0.621875 0.2375 0.234375
124 0.2515625 0.396875 0.1453125 0.14375
124 0.2859375 0.8171875 0.2140625 0.109375
124 0.3015625 0.3421875 0.1171875 0.115625
124 0.321875 0.4765625 0.1453125 0.1578125
124 0.3375 0.290625 0.109375 0.09375
124 0.4203125 0.3734375 0.1765625 0.190625
124 0.4359375 0.7125 0.175 0.1703125
124 0.4546875 0.540625 0.16875 0.165625
124 0.446875 0.2921875 0.14375 0.1546875
124 0.5453125 0.446875 0.1421875 0.1578125
124 0.5546875 0.6 0.1484375 0.14375
124 0.5953125 0.6859375 0.13125 0.125
124 0.6078125 0.55625 0.1203125 0.1140625
124 0.628125 0.3875 0.1328125 0.121875
124 0.6390625 0.2765625 0.1453125 0.1453125
124 0.7 0.509375 0.1640625 0.1953125
124 0.7875 0.3171875 0.1640625 0.2109375
124 0.81875 0.478125 0.134375 0.14375
124 0.828125 0.5890625 0.134375 0.11875
124 0.8734375 0.4015625 0.0921875 0.1453125
124 0.9109375 0.353125 0.1078125 0.109375
124 0.9359375 0.5203125 0.125 0.2171875
124 0.9546875 0.41875 0.0890625 0.109375
