223 0.7109375 0.7734375 0.059375 0.06875
223 0.4515625 0.5140625 0.0203125 0.01875
223 0.1796875 0.68125 0.0171875 0.0171875
223 0.1015625 0.7734375 0.028125 0.0171875
223 0.1125 0.759375 0.0203125 0.01875
223 0.6265625 0.6625 0.01875 0.0234375
223 0.6140625 0.7046875 0.025 0.0203125
223 0.621875 0.7484375 0.0125 0.025
223 0.6203125 0.7859375 0.01875 0.025
223 0.6328125 0.675 0.0390625 0.0625
223 0.6234375 0.7171875 0.0390625 0.0625
223 0.6234375 0.7578125 0.0421875 0.05625
223 0.6265625 0.7984375 0.0421875 0.053125
223 0.1875 0.7421875 0.0328125 0.1703125
223 0.1609375 0.7578125 0.0359375 0.15
223 0.1296875 0.784375 0.046875 0.0984375
223 0.0796875 0.8015625 0.04375 0.065625