223 0.4875 0.23125 0.025 0.0828125
223 0.5625 0.334375 0.0171875 0.0234375
223 0.5828125 0.3375 0.0171875 0.028125
223 0.8328125 0.3609375 0.015625 0.021875
223 0.853125 0.365625 0.0171875 0.0265625
223 0.6328125 0.34375 0.10625 0.2125
223 0.55625 0.33125 0.0453125 0.21875
223 0.775 0.3625 0.1171875 0.225
223 0.909375 0.38125 0.11875 0.2515625
223 0.090625 0.4125 0.171875 0.0546875
223 0.0921875 0.475 0.1609375 0.05625
223 0.0859375 0.5578125 0.171875 0.053125
223 0.0875 0.6296875 0.1734375 0.0609375
223 0.0890625 0.7 0.1484375 0.059375
223 0.0828125 0.7671875 0.1625 0.0640625
