240 0.515625 0.85625 0.575 0.046875
240 0.5671875 0.728125 0.584375 0.059375
240 0.528125 0.6296875 0.5109375 0.0375
240 0.5 0.54375 0.4265625 0.0578125
240 0.528125 0.48125 0.3953125 0.0453125
240 0.503125 0.4234375 0.3484375 0.05
240 0.525 0.365625 0.259375 0.028125
240 0.53125 0.31875 0.2265625 0.0375
240 0.51875 0.275 0.296875 0.0234375
240 0.53125 0.240625 0.221875 0.01875
240 0.55 0.196875 0.25625 0.03125
240 0.5546875 0.1625 0.2359375 0.0140625
240 0.575 0.140625 0.28125 0.0140625
240 0.534375 0.121875 0.203125 0.0140625
240 0.521875 0.096875 0.1671875 0.0140625
