99 0.196875 0.5625 0.33203125 0.36796875
99 0.68125 0.63515625 0.33359375 0.5296875
99 0.803125 0.32578125 0.2453125 0.5296875
99 0.4796875 0.31015625 0.253125 0.4359375
99 0.16015625 0.15078125 0.1390625 0.17421875
99 0.47265625 0.83671875 0.19140625 0.32578125
99 0.32265625 0.85390625 0.146875 0.29140625
99 0.1796875 0.8578125 0.1484375 0.284375
99 0.6625 0.29765625 0.19609375 0.24296875
99 0.565625 0.0640625 0.33984375 0.1125
99 0.7953125 0.84453125 0.18125 0.3109375
99 0.271875 0.2828125 0.1125 0.19375
99 0.08515625 0.31015625 0.13046875 0.1375
