223 0.06875 0.6671875 0.0296875 0.1734375
223 0.071875 0.46875 0.0234375 0.153125
223 0.1859375 0.3671875 0.015625 0.01875
223 0.196875 0.3671875 0.015625 0.021875
223 0.296875 0.5328125 0.015625 0.0328125
223 0.3140625 0.5375 0.01875 0.0234375
223 0.490625 0.4125 0.0171875 0.025
223 0.5140625 0.4109375 0.025 0.028125
223 0.8171875 0.3625 0.025 0.034375
223 0.8625 0.359375 0.0265625 0.0359375
223 0.1578125 0.753125 0.0171875 0.028125
223 0.2140625 0.7953125 0.0234375 0.028125
223 0.1890625 0.8234375 0.0125 0.025
223 0.18125 0.8125 0.0125 0.0234375
223 0.175 0.33125 0.0359375 0.1046875
223 0.225 0.3359375 0.0515625 0.1078125
223 0.28125 0.4046875 0.059375 0.2765625
223 0.3546875 0.4125 0.078125 0.2859375
223 0.4515625 0.3265625 0.0984375 0.2
223 0.58125 0.3203125 0.146875 0.2125
223 0.7625 0.2828125 0.16875 0.20625
223 0.9234375 0.2890625 0.140625 0.196875
223 0.1671875 0.759375 0.0390625 0.05625
223 0.2234375 0.803125 0.0671875 0.0671875
223 0.21875 0.840625 0.059375 0.0671875
223 0.1671875 0.8265625 0.0390625 0.09375