89 0.9828125 0.6953125 0.034375 0.040625
89 0.9609375 0.675 0.0328125 0.040625
89 0.925 0.7078125 0.028125 0.04375
89 0.965625 0.7078125 0.021875 0.0265625
89 0.9515625 0.6375 0.0265625 0.040625
89 0.90625 0.66875 0.034375 0.0484375
89 0.853125 0.69375 0.065625 0.075
89 0.925 0.625 0.034375 0.04375
89 0.965625 0.6046875 0.0421875 0.05
89 0.94375 0.59375 0.03125 0.040625
89 0.9625 0.571875 0.0296875 0.0390625
89 0.984375 0.5375 0.0296875 0.0390625
89 0.9625 0.509375 0.0265625 0.0359375
89 0.940625 0.4640625 0.034375 0.046875
89 0.859375 0.628125 0.0390625 0.053125
89 0.89375 0.584375 0.0359375 0.05
89 0.9203125 0.5609375 0.021875 0.03125
89 0.9375 0.540625 0.0328125 0.0453125
89 0.925 0.496875 0.025 0.0328125
89 0.94375 0.409375 0.01875 0.028125
89 0.971875 0.375 0.0265625 0.0375
89 0.946875 0.36875 0.028125 0.0390625
89 0.959375 0.334375 0.034375 0.0375
89 0.809375 0.7125 0.0390625 0.0484375
89 0.7921875 0.684375 0.028125 0.0390625
89 0.83125 0.65 0.05 0.059375
89 0.834375 0.6 0.0296875 0.04375
89 0.859375 0.5640625 0.0296875 0.0390625
89 0.8828125 0.540625 0.0359375 0.0453125
89 0.96875 0.2875 0.034375 0.046875
89 0.934375 0.2578125 0.040625 0.046875
89 0.928125 0.2875 0.053125 0.090625
89 0.90625 0.2375 0.0359375 0.0390625
89 0.9140625 0.340625 0.021875 0.0265625
89 0.7609375 0.71875 0.0546875 0.0609375
89 0.76875 0.665625 0.03125 0.0390625
89 0.796875 0.6421875 0.0296875 0.0390625
89 0.7828125 0.60625 0.034375 0.040625
89 0.8046875 0.5625 0.0546875 0.065625
89 0.8359375 0.53125 0.0234375 0.028125
89 0.8515625 0.5046875 0.034375 0.0453125
89 0.89375 0.5125 0.025 0.0296875
89 0.909375 0.4703125 0.0234375 0.0328125
89 0.909375 0.440625 0.025 0.03125
89 0.9203125 0.421875 0.0328125 0.0453125
89 0.91875 0.3875 0.028125 0.03125
89 0.90625 0.3671875 0.0265625 0.0296875
89 0.871875 0.465625 0.0296875 0.0359375
89 0.884375 0.4515625 0.03125 0.0375
89 0.8984375 0.4015625 0.034375 0.0421875
89 0.871875 0.41875 0.034375 0.0390625
89 0.7140625 0.740625 0.0359375 0.0515625
89 0.659375 0.75625 0.046875 0.0640625
89 0.5859375 0.7234375 0.06875 0.0703125
89 0.53125 0.7640625 0.046875 0.0421875
89 0.5328125 0.721875 0.053125 0.05
89 0.4609375 0.75625 0.071875 0.078125
89 0.3984375 0.7828125 0.046875 0.0453125
89 0.35 0.778125 0.0625 0.0609375
89 0.3078125 0.7453125 0.0625 0.0625
89 0.26875 0.7890625 0.0546875 0.0625
89 0.253125 0.759375 0.05 0.05
89 0.20625 0.8125 0.0875 0.090625
89 0.11875 0.80625 0.0671875 0.065625
89 0.0609375 0.778125 0.0671875 0.0640625
89 0.090625 0.6734375 0.0796875 0.0671875
89 0.05625 0.834375 0.065625 0.05
89 0.1765625 0.715625 0.1109375 0.1078125
89 0.146875 0.634375 0.065625 0.0609375
89 0.26875 0.70625 0.0671875 0.05625
89 0.396875 0.7328125 0.08125 0.065625
89 0.36875 0.6875 0.0671875 0.059375
89 0.4453125 0.68125 0.0578125 0.0671875
89 0.509375 0.6625 0.05 0.0546875
89 0.303125 0.646875 0.065625 0.0609375
89 0.5640625 0.690625 0.0484375 0.053125
89 0.63125 0.7015625 0.0359375 0.04375
89 0.728125 0.696875 0.0296875 0.034375
89 0.678125 0.703125 0.040625 0.04375
89 0.7 0.665625 0.03125 0.0359375
89 0.6515625 0.6625 0.03125 0.0359375
89 0.603125 0.659375 0.0484375 0.053125
89 0.565625 0.64375 0.0375 0.040625
89 0.7375 0.640625 0.04375 0.0515625
89 0.7125 0.6125 0.025 0.034375
89 0.646875 0.6171875 0.04375 0.05
89 0.73125 0.5875 0.034375 0.0421875
89 0.7 0.59375 0.028125 0.0359375
89 0.68125 0.575 0.0296875 0.0359375
89 0.7125 0.559375 0.0359375 0.04375
89 0.76875 0.565625 0.0296875 0.040625
89 0.778125 0.521875 0.0359375 0.0453125
89 0.784375 0.48125 0.028125 0.0375
89 0.7671875 0.4859375 0.046875 0.046875
89 0.83125 0.475 0.0296875 0.0375
89 0.8125 0.503125 0.0421875 0.0515625
89 0.8046875 0.453125 0.03125 0.0390625
89 0.8375 0.4375 0.034375 0.0375
89 0.7625 0.4453125 0.028125 0.0359375
89 0.8203125 0.41875 0.025 0.0328125
89 0.8515625 0.4 0.0265625 0.0328125
89 0.8671875 0.3703125 0.0375 0.053125
89 0.884375 0.3375 0.028125 0.0390625
89 0.88125 0.290625 0.0375 0.053125
89 0.834375 0.3625 0.0265625 0.034375
89 0.7796875 0.4 0.03125 0.0421875
89 0.85625 0.328125 0.0265625 0.03125
89 0.834375 0.325 0.03125 0.0390625
89 0.85 0.284375 0.0265625 0.0375
89 0.790625 0.35625 0.0359375 0.040625
89 0.7984375 0.3265625 0.0328125 0.046875
89 0.771875 0.315625 0.028125 0.046875
89 0.815625 0.290625 0.03125 0.0375
89 0.815625 0.259375 0.0234375 0.0296875
89 0.834375 0.2453125 0.0265625 0.0359375
89 0.76875 0.271875 0.028125 0.0328125
89 0.859375 0.25 0.028125 0.0359375
89 0.8375 0.2109375 0.0265625 0.03125
89 0.753125 0.2765625 0.0328125 0.040625
89 0.725 0.225 0.0546875 0.06875
89 0.703125 0.515625 0.040625 0.046875
89 0.6640625 0.534375 0.0375 0.0421875
89 0.6140625 0.58125 0.04375 0.0453125
89 0.625 0.53125 0.05 0.0609375
89 0.659375 0.4875 0.0328125 0.034375
89 0.73125 0.478125 0.034375 0.040625
89 0.696875 0.4625 0.040625 0.04375
89 0.7484375 0.440625 0.0359375 0.0375
89 0.6359375 0.475 0.040625 0.05
89 0.665625 0.4359375 0.0390625 0.0421875
89 0.7 0.4109375 0.0359375 0.0453125
89 0.75 0.3765625 0.028125 0.0328125
89 0.7265625 0.403125 0.0296875 0.040625
89 0.6953125 0.371875 0.034375 0.0390625
89 0.728125 0.346875 0.0265625 0.03125
89 0.671875 0.365625 0.04375 0.053125
89 0.690625 0.3265625 0.0328125 0.0390625
89 0.7109375 0.30625 0.0453125 0.0515625
89 0.640625 0.3921875 0.0421875 0.040625
89 0.6421875 0.33125 0.034375 0.040625
89 0.646875 0.2890625 0.0421875 0.0484375
89 0.68125 0.2609375 0.046875 0.06875
89 0.615625 0.35625 0.0359375 0.0421875
89 0.60625 0.30625 0.0421875 0.046875
89 0.5875 0.5625 0.046875 0.05
89 0.5984375 0.4875 0.0390625 0.046875
89 0.615625 0.425 0.0546875 0.05625
89 0.575 0.384375 0.0375 0.0421875
89 0.56875 0.33125 0.04375 0.0515625
89 0.540625 0.275 0.05 0.0546875
89 0.54375 0.596875 0.0515625 0.059375
89 0.5296875 0.54375 0.04375 0.0484375
89 0.478125 0.615625 0.059375 0.065625
89 0.5 0.571875 0.0359375 0.0359375
89 0.425 0.6328125 0.0515625 0.05
89 0.38125 0.6171875 0.065625 0.0671875
89 0.4375 0.584375 0.0390625 0.0421875
89 0.459375 0.5453125 0.0453125 0.0484375
89 0.490625 0.4875 0.0546875 0.0578125
89 0.56875 0.48125 0.04375 0.05
89 0.5765625 0.446875 0.03125 0.0375
89 0.5578125 0.415625 0.0359375 0.040625
89 0.5234375 0.440625 0.046875 0.053125
89 0.390625 0.55625 0.0546875 0.0546875
89 0.4375 0.509375 0.05625 0.059375
89 0.4484375 0.453125 0.0515625 0.05625
89 0.478125 0.4125 0.0421875 0.0484375
89 0.521875 0.384375 0.05625 0.0609375
89 0.4375 0.384375 0.0453125 0.0453125
89 0.465625 0.34375 0.0484375 0.046875
89 0.5 0.309375 0.071875 0.084375
89 0.446875 0.2953125 0.0453125 0.0484375
89 0.4625 0.253125 0.046875 0.046875
89 0.40625 0.315625 0.0546875 0.05625
89 0.396875 0.25625 0.05625 0.0578125
89 0.23125 0.640625 0.071875 0.065625
89 0.259375 0.5921875 0.0515625 0.05
89 0.3328125 0.565625 0.046875 0.05
89 0.3546875 0.515625 0.0609375 0.0578125
89 0.396875 0.465625 0.04375 0.046875
89 0.19375 0.5921875 0.0515625 0.0515625
89 0.234375 0.54375 0.071875 0.0625
89 0.2890625 0.503125 0.0640625 0.059375
89 0.3375 0.4625 0.0515625 0.0484375
89 0.15625 0.534375 0.0734375 0.0609375
89 0.1015625 0.5 0.059375 0.053125
89 0.20625 0.496875 0.0484375 0.046875
89 0.1625 0.459375 0.0609375 0.0515625
89 0.253125 0.465625 0.05 0.0421875
89 0.2796875 0.425 0.05625 0.05625
89 0.36875 0.4203125 0.0546875 0.053125
89 0.375 0.36875 0.053125 0.0515625
89 0.025 0.4375 0.0484375 0.0453125
89 0.096875 0.44375 0.05625 0.05
89 0.2078125 0.425 0.0484375 0.046875
89 0.240625 0.384375 0.0546875 0.0515625
89 0.315625 0.371875 0.05 0.04375
89 0.3328125 0.328125 0.0484375 0.046875
89 0.140625 0.409375 0.0609375 0.059375
89 0.184375 0.353125 0.09375 0.08125
89 0.08125 0.3625 0.0828125 0.08125
89 0.2671875 0.328125 0.0765625 0.075
89 0.19375 0.2875 0.0640625 0.0625
89 0.25 0.2625 0.065625 0.0609375
89 0.109375 0.2828125 0.1046875 0.1015625
89 0.3125 0.209375 0.1078125 0.103125
89 0.0671875 0.590625 0.121875 0.103125
