89 0.028125 0.3625 0.0359375 0.08125
89 0.0703125 0.271875 0.0421875 0.103125
89 0.053125 0.396875 0.03125 0.053125
89 0.025 0.4375 0.040625 0.06875
89 0.078125 0.4484375 0.028125 0.04375
89 0.046875 0.496875 0.059375 0.1109375
89 0.0625 0.59375 0.034375 0.0640625
89 0.053125 0.4421875 0.0265625 0.0390625
89 0.103125 0.5703125 0.0546875 0.0890625
89 0.075 0.68125 0.04375 0.0859375
89 0.053125 0.709375 0.0359375 0.0515625
89 0.1296875 0.6578125 0.05625 0.10625
89 0.0375 0.7640625 0.0328125 0.0671875
89 0.125 0.7875 0.078125 0.1296875
89 0.090625 0.271875 0.0625 0.109375
89 0.115625 0.421875 0.0359375 0.0640625
89 0.09375 0.3515625 0.04375 0.1046875
89 0.1515625 0.38125 0.0375 0.0734375
89 0.159375 0.55 0.0671875 0.109375
89 0.1625 0.24375 0.046875 0.075
89 0.19375 0.18125 0.05 0.0734375
89 0.1671875 0.2875 0.04375 0.0703125
89 0.2296875 0.253125 0.053125 0.0875
89 0.190625 0.328125 0.0625 0.109375
89 0.175 0.45625 0.0734375 0.10625
89 0.2234375 0.34375 0.046875 0.0828125
89 0.215625 0.6515625 0.071875 0.15625
89 0.221875 0.5109375 0.04375 0.0859375
89 0.2265625 0.4171875 0.05 0.0796875
89 0.296875 0.3 0.0609375 0.1109375
89 0.225 0.7265625 0.0578125 0.071875
89 0.2484375 0.4828125 0.0421875 0.0671875
89 0.3015625 0.4 0.046875 0.0546875
89 0.26875 0.56875 0.0828125 0.1375
89 0.2890625 0.7609375 0.0390625 0.0671875
89 0.328125 0.3875 0.040625 0.065625
89 0.33125 0.665625 0.0546875 0.0921875
89 0.30625 0.465625 0.0671875 0.10625
89 0.321875 0.7609375 0.0765625 0.1171875
89 0.1984375 0.63125 0.0390625 0.05
