89 0.2703125 0.640625 0.0265625 0.0453125
89 0.275 0.6 0.0265625 0.034375
89 0.28125 0.559375 0.03125 0.0421875
89 0.284375 0.5171875 0.0234375 0.034375
89 0.2796875 0.4796875 0.0203125 0.028125
89 0.290625 0.446875 0.0296875 0.0390625
89 0.959375 0.828125 0.0328125 0.0703125
89 0.921875 0.76875 0.034375 0.0734375
89 0.878125 0.7875 0.0484375 0.0796875
89 0.8625 0.871875 0.06875 0.1234375
89 0.7875 0.875 0.04375 0.075
89 0.725 0.8515625 0.0546875 0.096875
89 0.6875 0.8609375 0.05 0.0859375
89 0.79375 0.803125 0.0390625 0.0671875
89 0.6125 0.84375 0.0640625 0.090625
89 0.55625 0.8390625 0.05625 0.0859375
89 0.821875 0.7625 0.0484375 0.075
89 0.759375 0.74375 0.0796875 0.134375
89 0.659375 0.75 0.09375 0.1265625
89 0.5875 0.746875 0.0796875 0.1140625
89 0.8484375 0.7046875 0.0515625 0.09375
89 0.634375 0.64375 0.084375 0.13125
89 0.8890625 0.7046875 0.05 0.0890625
89 0.9328125 0.6765625 0.0515625 0.1125
89 0.9 0.625 0.0734375 0.1375
89 0.628125 0.515625 0.08125 0.140625
89 0.60625 0.428125 0.0609375 0.0859375
89 0.6796875 0.409375 0.0578125 0.096875
89 0.634375 0.3 0.084375 0.1609375
89 0.64375 0.178125 0.0546875 0.0890625
89 0.740625 0.54375 0.15625 0.2421875
89 0.85 0.478125 0.0765625 0.1671875
89 0.815625 0.353125 0.053125 0.1
89 0.940625 0.4515625 0.0578125 0.103125
89 0.8953125 0.359375 0.0703125 0.115625
89 0.74375 0.3046875 0.1234375 0.23125
89 0.671875 0.18125 0.078125 0.1328125
89 0.834375 0.26875 0.040625 0.075
89 0.95 0.321875 0.06875 0.1421875
89 0.8609375 0.2546875 0.0546875 0.1125
89 0.803125 0.1796875 0.040625 0.06875
89 0.8875 0.234375 0.0359375 0.06875
