89 0.771875 0.49375 0.0125 0.0171875
89 0.834375 0.525 0.0125 0.0125
89 0.821875 0.525 0.009375 0.0125
89 0.8125 0.525 0.009375 0.015625
89 0.79375 0.509375 0.015625 0.0171875
89 0.790625 0.49375 0.0125 0.01875
89 0.803125 0.5125 0.0125 0.0171875
89 0.784375 0.503125 0.0078125 0.015625
89 0.73125 0.5453125 0.015625 0.01875
89 0.71875 0.534375 0.015625 0.0203125
89 0.70625 0.540625 0.0109375 0.015625
89 0.69375 0.5375 0.0109375 0.0171875
89 0.7 0.5203125 0.015625 0.021875
89 0.684375 0.521875 0.01875 0.0234375
89 0.69375 0.5 0.01875 0.0203125
89 0.671875 0.50625 0.015625 0.0203125
89 0.678125 0.484375 0.021875 0.025
89 0.6625 0.521875 0.015625 0.01875
89 0.6484375 0.5 0.021875 0.0234375
89 0.6296875 0.5 0.0203125 0.0296875
89 0.6125 0.484375 0.0140625 0.0203125
89 0.640625 0.515625 0.0171875 0.0203125
89 0.615625 0.4640625 0.015625 0.01875
89 0.6 0.475 0.0203125 0.025
89 0.584375 0.484375 0.0125 0.021875
89 0.490625 0.665625 0.0375 0.05625
89 0.4578125 0.65 0.034375 0.0484375
89 0.4375 0.615625 0.03125 0.0421875
89 0.39375 0.66875 0.03125 0.053125
89 0.3875 0.609375 0.0453125 0.0625
89 0.36875 0.6578125 0.0296875 0.0421875
89 0.35625 0.6421875 0.03125 0.05
89 0.3359375 0.640625 0.0265625 0.04375
89 0.35 0.590625 0.040625 0.059375
89 0.375 0.528125 0.0390625 0.0625
89 0.34375 0.5421875 0.0328125 0.046875
89 0.31875 0.628125 0.0234375 0.034375
89 0.3109375 0.603125 0.0328125 0.0484375
89 0.290625 0.55625 0.028125 0.046875
89 0.309375 0.5046875 0.03125 0.053125
89 0.2875 0.6203125 0.034375 0.0515625
89 0.2625 0.5953125 0.0359375 0.05625
89 0.2765625 0.546875 0.034375 0.053125
89 0.278125 0.528125 0.0328125 0.046875
89 0.2375 0.621875 0.0359375 0.0484375
89 0.246875 0.58125 0.040625 0.046875
89 0.2453125 0.540625 0.0265625 0.0359375
89 0.2375 0.4859375 0.046875 0.071875
89 0.203125 0.609375 0.0296875 0.0515625
89 0.20625 0.578125 0.0328125 0.05625
89 0.228125 0.515625 0.0203125 0.0359375
89 0.1703125 0.609375 0.0328125 0.0515625
89 0.18125 0.5609375 0.025 0.040625
89 0.18125 0.5359375 0.0296875 0.05
89 0.18125 0.4953125 0.025 0.040625
89 0.1875 0.453125 0.025 0.046875
89 0.203125 0.44375 0.025 0.0453125
89 0.1328125 0.5875 0.034375 0.0484375
89 0.13125 0.5421875 0.0296875 0.0375
89 0.15625 0.521875 0.025 0.046875
89 0.15 0.490625 0.025 0.046875
89 0.1453125 0.440625 0.0296875 0.046875
89 0.0484375 0.5625 0.0171875 0.0421875
