89 0.8765625 0.4171875 0.0140625 0.05625
89 0.8640625 0.425 0.0125 0.0359375
89 0.8625 0.3625 0.021875 0.0796875
89 0.846875 0.3875 0.0125 0.046875
89 0.8453125 0.33125 0.0125 0.05
89 0.8515625 0.4265625 0.0125 0.0515625
89 0.840625 0.4296875 0.0171875 0.05
89 0.825 0.390625 0.015625 0.0515625
89 0.828125 0.340625 0.021875 0.05625
89 0.834375 0.2875 0.01875 0.0609375
89 0.803125 0.278125 0.0265625 0.0921875
89 0.81875 0.440625 0.015625 0.0453125
89 0.8109375 0.35625 0.0203125 0.0578125
89 0.784375 0.259375 0.0203125 0.0484375
89 0.7796875 0.3234375 0.0234375 0.059375
89 0.796875 0.384375 0.0140625 0.0390625
89 0.775 0.4578125 0.0203125 0.059375
89 0.8 0.440625 0.0234375 0.071875
89 0.771875 0.365625 0.0140625 0.04375
89 0.771875 0.4 0.025 0.053125
89 0.7609375 0.35 0.015625 0.053125
89 0.7625 0.3046875 0.021875 0.05
89 0.76875 0.2625 0.0125 0.0375
89 0.753125 0.2625 0.0125 0.0390625
89 0.7515625 0.2296875 0.015625 0.0453125
89 0.7375 0.228125 0.0140625 0.0390625
89 0.725 0.25625 0.0234375 0.0625
89 0.75 0.471875 0.01875 0.053125
89 0.7421875 0.4125 0.025 0.065625
89 0.73125 0.35625 0.015625 0.046875
89 0.7125 0.3125 0.03125 0.078125
89 0.7234375 0.478125 0.021875 0.0515625
89 0.70625 0.484375 0.021875 0.0578125
89 0.70625 0.428125 0.0296875 0.0625
89 0.7125 0.378125 0.0203125 0.0546875
89 0.671875 0.3015625 0.0234375 0.0625
89 0.703125 0.371875 0.01875 0.0546875
89 0.6875 0.346875 0.01875 0.05
89 0.6875 0.440625 0.0234375 0.06875
89 0.68125 0.3953125 0.01875 0.0453125
89 0.6625 0.353125 0.025 0.0609375
89 0.665625 0.3078125 0.01875 0.0515625
89 0.6859375 0.4984375 0.0171875 0.0453125
89 0.66875 0.5 0.0375 0.090625
89 0.653125 0.428125 0.021875 0.0578125
89 0.6375 0.3890625 0.0296875 0.075
89 0.634375 0.515625 0.03125 0.0703125
89 0.61875 0.453125 0.03125 0.0859375
89 0.609375 0.36875 0.0296875 0.0765625
89 0.690625 0.25625 0.021875 0.0546875
89 0.6203125 0.315625 0.028125 0.0640625
89 0.60625 0.53125 0.0296875 0.0640625
89 0.5875 0.56875 0.025 0.0578125
89 0.55 0.5359375 0.0296875 0.065625
89 0.5609375 0.4765625 0.028125 0.059375
89 0.5828125 0.428125 0.0234375 0.053125
89 0.5203125 0.590625 0.0359375 0.075
89 0.546875 0.403125 0.0296875 0.0671875
89 0.51875 0.4671875 0.0515625 0.1109375
89 0.484375 0.6125 0.028125 0.0578125
89 0.4921875 0.5546875 0.028125 0.053125
89 0.446875 0.6234375 0.0375 0.0703125
89 0.44375 0.53125 0.065625 0.1171875
89 0.440625 0.446875 0.0375 0.0671875
89 0.434375 0.3796875 0.0484375 0.0921875
89 0.378125 0.6375 0.065625 0.109375
89 0.378125 0.5234375 0.0515625 0.0875
89 0.4125 0.45625 0.034375 0.0609375
89 0.371875 0.4375 0.0515625 0.0859375
89 0.3140625 0.66875 0.04375 0.065625
89 0.328125 0.56875 0.0375 0.059375
89 0.2625 0.7046875 0.05625 0.08125
89 0.196875 0.734375 0.059375 0.0984375
89 0.1125 0.775 0.0765625 0.10625
89 0.228125 0.6546875 0.0484375 0.0734375
89 0.278125 0.6078125 0.0640625 0.09375
89 0.146875 0.6765625 0.0734375 0.0984375
89 0.3078125 0.50625 0.0734375 0.115625
89 0.228125 0.5015625 0.0703125 0.115625
89 0.1859375 0.590625 0.0671875 0.1
89 0.0625 0.66875 0.0953125 0.1125
89 0.109375 0.5921875 0.0515625 0.0734375
89 0.140625 0.5 0.0921875 0.121875
89 0.05625 0.45 0.0796875 0.10625
89 0.209375 0.390625 0.05625 0.0859375
89 0.284375 0.3859375 0.071875 0.1078125
