89 0.9625 0.68125 0.0359375 0.0828125
89 0.934375 0.696875 0.0359375 0.084375
89 0.953125 0.60625 0.0328125 0.0890625
89 0.978125 0.51875 0.0328125 0.0796875
89 0.9640625 0.578125 0.028125 0.071875
89 0.9546875 0.4921875 0.046875 0.1046875
89 0.884375 0.703125 0.034375 0.078125
89 0.8765625 0.615625 0.028125 0.0671875
89 0.86875 0.540625 0.0328125 0.0671875
89 0.83125 0.6921875 0.0515625 0.125
89 0.85625 0.603125 0.0359375 0.09375
89 0.840625 0.51875 0.0375 0.096875
89 0.896875 0.4359375 0.05625 0.140625
89 0.746875 0.6859375 0.034375 0.08125
89 0.7265625 0.7015625 0.025 0.0703125
89 0.7 0.7265625 0.028125 0.0609375
89 0.684375 0.753125 0.0296875 0.0671875
89 0.7125 0.65625 0.0390625 0.0828125
89 0.7640625 0.603125 0.05 0.1203125
89 0.78125 0.5375 0.03125 0.0625
89 0.8015625 0.45625 0.0359375 0.0953125
89 0.815625 0.359375 0.0421875 0.1046875
89 0.740625 0.496875 0.03125 0.0734375
89 0.709375 0.525 0.0390625 0.0890625
89 0.7375 0.403125 0.0421875 0.090625
89 0.746875 0.328125 0.03125 0.071875
89 0.753125 0.259375 0.0375 0.0796875
89 0.715625 0.334375 0.046875 0.1
89 0.69375 0.434375 0.04375 0.0859375
89 0.6125 0.753125 0.046875 0.1
89 0.640625 0.66875 0.04375 0.096875
89 0.65625 0.56875 0.03125 0.06875
89 0.65625 0.4828125 0.0484375 0.1125
89 0.6734375 0.3984375 0.0296875 0.065625
89 0.671875 0.290625 0.0515625 0.103125
89 0.609375 0.659375 0.0359375 0.08125
89 0.55625 0.771875 0.0359375 0.078125
89 0.55625 0.675 0.04375 0.084375
89 0.553125 0.5453125 0.0546875 0.115625
89 0.63125 0.5609375 0.0390625 0.0828125
89 0.590625 0.490625 0.0390625 0.0796875
89 0.60625 0.446875 0.0328125 0.0703125
89 0.625 0.371875 0.046875 0.0953125
89 0.5875 0.403125 0.034375 0.0765625
89 0.590625 0.309375 0.05 0.1015625
89 0.625 0.23125 0.0375 0.0859375
89 0.39375 0.1875 0.0578125 0.1140625
89 0.4875 0.7625 0.0421875 0.0984375
89 0.5125 0.6375 0.04375 0.0890625
89 0.4640625 0.678125 0.040625 0.084375
89 0.45 0.56875 0.03125 0.065625
89 0.4921875 0.509375 0.0515625 0.121875
89 0.56875 0.225 0.0359375 0.078125
89 0.55625 0.3640625 0.0359375 0.078125
89 0.540625 0.28125 0.04375 0.103125
89 0.5265625 0.1875 0.04375 0.09375
89 0.521875 0.40625 0.034375 0.0734375
89 0.490625 0.4125 0.0328125 0.0703125
89 0.496875 0.3265625 0.0484375 0.1015625
89 0.478125 0.25625 0.0421875 0.0875
89 0.453125 0.509375 0.028125 0.0546875
89 0.45 0.35 0.040625 0.0921875
89 0.428125 0.2765625 0.04375 0.09375
89 0.403125 0.753125 0.0421875 0.0890625
89 0.425 0.675 0.04375 0.10625
89 0.40625 0.59375 0.0359375 0.071875
89 0.4171875 0.5 0.05 0.10625
89 0.3625 0.803125 0.04375 0.084375
89 0.365625 0.684375 0.071875 0.146875
89 0.371875 0.55625 0.0484375 0.09375
89 0.3703125 0.453125 0.0484375 0.1046875
89 0.3828125 0.3625 0.040625 0.084375
89 0.375 0.284375 0.0453125 0.0984375
89 0.3140625 0.81875 0.04375 0.0890625
89 0.275 0.859375 0.046875 0.0890625
89 0.23125 0.88125 0.0359375 0.075
89 0.1796875 0.9 0.04375 0.0703125
89 0.11875 0.9125 0.059375 0.096875
89 0.3078125 0.70625 0.05 0.0953125
89 0.3140625 0.61875 0.0390625 0.0765625
89 0.328125 0.5296875 0.053125 0.10625
89 0.3234375 0.4375 0.04375 0.075
89 0.34375 0.36875 0.0390625 0.08125
89 0.2625 0.6828125 0.05 0.09375
89 0.234375 0.746875 0.0453125 0.0828125
89 0.28125 0.5015625 0.03125 0.0609375
89 0.29375 0.3515625 0.0640625 0.1171875
89 0.19375 0.7875 0.040625 0.0796875
89 0.140625 0.815625 0.053125 0.0984375
89 0.090625 0.7671875 0.05625 0.1125
89 0.175 0.69375 0.040625 0.0734375
89 0.2140625 0.678125 0.03125 0.0625
89 0.146875 0.634375 0.0328125 0.0703125
89 0.2828125 0.596875 0.0515625 0.096875
89 0.240625 0.55 0.046875 0.0890625
89 0.1921875 0.615625 0.071875 0.128125
89 0.24375 0.446875 0.0640625 0.140625
89 0.1 0.6578125 0.0578125 0.10625
89 0.1328125 0.5625 0.0671875 0.1171875
89 0.05625 0.6828125 0.04375 0.078125
89 0.190625 0.503125 0.053125 0.10625
89 0.271875 0.2375 0.0609375 0.1234375
89 0.234375 0.334375 0.04375 0.0796875
89 0.184375 0.39375 0.04375 0.0828125
89 0.08125 0.528125 0.046875 0.0859375
89 0.028125 0.5703125 0.0546875 0.096875
