89 0.053125 0.503125 0.0203125 0.0515625
89 0.05625 0.459375 0.0203125 0.0484375
89 0.034375 0.4359375 0.0171875 0.0421875
89 0.0796875 0.4546875 0.025 0.0671875
89 0.0609375 0.409375 0.0203125 0.0546875
89 0.0546875 0.378125 0.015625 0.0515625
89 0.1078125 0.5125 0.0171875 0.0375
89 0.1203125 0.4546875 0.034375 0.0796875
89 0.103125 0.3953125 0.0203125 0.05
89 0.075 0.353125 0.01875 0.0546875
89 0.1328125 0.525 0.0234375 0.0515625
89 0.146875 0.478125 0.025 0.0515625
89 0.175 0.534375 0.025 0.04375
89 0.184375 0.4796875 0.0234375 0.0515625
89 0.153125 0.428125 0.0234375 0.0546875
89 0.125 0.3890625 0.021875 0.05
89 0.121875 0.334375 0.0234375 0.0609375
89 0.0875 0.3125 0.01875 0.05
89 0.109375 0.2796875 0.0265625 0.059375
89 0.090625 0.278125 0.0203125 0.0578125
89 0.1453125 0.2140625 0.0234375 0.059375
89 0.1453125 0.375 0.0203125 0.053125
89 0.153125 0.33125 0.021875 0.053125
89 0.165625 0.278125 0.021875 0.0546875
89 0.20625 0.534375 0.0328125 0.06875
89 0.221875 0.50625 0.025 0.0515625
89 0.196875 0.46875 0.03125 0.0640625
89 0.18125 0.43125 0.025 0.059375
89 0.16875 0.38125 0.0234375 0.0625
89 0.2359375 0.5546875 0.025 0.04375
89 0.2578125 0.496875 0.0328125 0.0609375
89 0.228125 0.45 0.025 0.0546875
89 0.25625 0.5625 0.0375 0.0640625
89 0.28125 0.521875 0.0328125 0.059375
89 0.2109375 0.409375 0.0234375 0.053125
89 0.1921875 0.375 0.0234375 0.053125
89 0.175 0.325 0.0296875 0.059375
89 0.3109375 0.575 0.03125 0.0515625
89 0.334375 0.5234375 0.034375 0.0640625
89 0.30625 0.475 0.034375 0.0609375
89 0.278125 0.440625 0.0328125 0.0640625
89 0.2484375 0.40625 0.0296875 0.0625
89 0.23125 0.35 0.028125 0.0625
89 0.2171875 0.346875 0.025 0.053125
89 0.2078125 0.296875 0.0171875 0.0515625
89 0.190625 0.2609375 0.0265625 0.0609375
89 0.2375 0.24375 0.0296875 0.0609375
89 0.2171875 0.296875 0.0234375 0.05
89 0.209375 0.2375 0.0296875 0.059375
89 0.19375 0.1984375 0.03125 0.0609375
89 0.365625 0.5546875 0.0328125 0.0609375
89 0.3515625 0.49375 0.034375 0.0640625
89 0.33125 0.4375 0.0328125 0.059375
89 0.3015625 0.415625 0.03125 0.059375
89 0.2796875 0.36875 0.03125 0.059375
89 0.265625 0.3109375 0.034375 0.0671875
89 0.2875 0.278125 0.0375 0.084375
89 0.334375 0.290625 0.046875 0.084375
89 0.4046875 0.6 0.034375 0.059375
89 0.403125 0.528125 0.0421875 0.0796875
89 0.434375 0.4484375 0.0625 0.0859375
89 0.365625 0.43125 0.0390625 0.0703125
89 0.34375 0.365625 0.0390625 0.06875
89 0.409375 0.353125 0.0640625 0.1046875
89 0.453125 0.575 0.0421875 0.0609375
89 0.4703125 0.5078125 0.05 0.0875
89 0.475 0.36875 0.090625 0.1625
89 0.5125 0.659375 0.0515625 0.0703125
89 0.5015625 0.58125 0.05625 0.078125
89 0.5171875 0.484375 0.0546875 0.071875
89 0.584375 0.615625 0.0703125 0.09375
89 0.5375 0.553125 0.05 0.071875
89 0.590625 0.4625 0.0546875 0.0765625
89 0.6953125 0.696875 0.0671875 0.0828125
89 0.65625 0.621875 0.0578125 0.078125
89 0.61875 0.546875 0.0640625 0.0875
89 0.625 0.40625 0.0703125 0.09375
89 0.7625 0.671875 0.0828125 0.0921875
89 0.796875 0.771875 0.05625 0.0703125
89 0.690625 0.5875 0.075 0.09375
89 0.671875 0.484375 0.0625 0.078125
89 0.778125 0.5859375 0.0671875 0.0953125
89 0.8375 0.6578125 0.0734375 0.0953125
89 0.95625 0.696875 0.0828125 0.10625
