89 0.26875 0.65 0.078125 0.1390625
89 0.34375 0.5203125 0.103125 0.246875
89 0.4625 0.5125 0.0828125 0.171875
89 0.309375 0.7078125 0.0625 0.121875
89 0.38125 0.634375 0.065625 0.134375
89 0.4859375 0.61875 0.075 0.175
89 0.5546875 0.821875 0.0703125 0.16875
89 0.515625 0.475 0.0453125 0.1171875
89 0.728125 0.4203125 0.0375 0.1765625
89 0.53125 0.553125 0.0578125 0.1296875
89 0.58125 0.721875 0.0359375 0.0921875
89 0.6296875 0.678125 0.04375 0.134375
89 0.559375 0.4984375 0.040625 0.0859375
89 0.584375 0.28125 0.0703125 0.15
89 0.640625 0.5140625 0.0734375 0.1734375
89 0.70625 0.66875 0.034375 0.10625
89 0.7390625 0.5515625 0.03125 0.090625
89 0.74375 0.415625 0.0234375 0.084375
89 0.7765625 0.375 0.0265625 0.0859375
89 0.7484375 0.596875 0.034375 0.0984375
89 0.7828125 0.50625 0.0359375 0.078125
89 0.8203125 0.5875 0.0203125 0.0671875
89 0.790625 0.5875 0.0265625 0.0828125
89 0.8734375 0.4640625 0.025 0.09375
89 0.909375 0.4625 0.015625 0.065625
89 0.9296875 0.45625 0.015625 0.0828125
89 0.9 0.375 0.025 0.0828125
89 0.859375 0.39375 0.0453125 0.0875
89 0.846875 0.328125 0.03125 0.0765625
89 0.1484375 0.33125 0.05 0.078125
