89 0.1359375 0.934375 0.053125 0.0453125
89 0.240625 0.903125 0.06875 0.059375
89 0.3375 0.93125 0.05625 0.059375
89 0.2984375 0.878125 0.05 0.04375
89 0.35625 0.9 0.0484375 0.0359375
89 0.40625 0.878125 0.0578125 0.0484375
89 0.4 0.8125 0.05625 0.053125
89 0.43125 0.8875 0.0515625 0.04375
89 0.475 0.846875 0.0421875 0.0359375
89 0.4453125 0.834375 0.0375 0.021875
89 0.5 0.88125 0.0375 0.0359375
89 0.5109375 0.840625 0.053125 0.05
89 0.540625 0.7984375 0.046875 0.0484375
89 0.50625 0.78125 0.0703125 0.059375
89 0.5546875 0.85625 0.0578125 0.05625
89 0.6375 0.85625 0.0515625 0.059375
89 0.615625 0.825 0.0484375 0.04375
89 0.66875 0.8125 0.03125 0.0359375
89 0.690625 0.859375 0.04375 0.0390625
89 0.646875 0.803125 0.0390625 0.0390625
89 0.746875 0.859375 0.046875 0.046875
89 0.78125 0.81875 0.0375 0.0484375
89 0.753125 0.7890625 0.0265625 0.0296875
89 0.803125 0.84375 0.04375 0.059375
89 0.8046875 0.803125 0.0390625 0.0421875
89 0.9125 0.846875 0.01875 0.0234375
89 0.85 0.8046875 0.0359375 0.0515625
89 0.8328125 0.78125 0.040625 0.0421875
89 0.89375 0.834375 0.025 0.03125
89 0.94375 0.825 0.0265625 0.0296875
89 0.921875 0.821875 0.034375 0.046875
89 0.978125 0.7921875 0.0296875 0.034375
89 0.9109375 0.759375 0.065625 0.0546875
89 0.98125 0.675 0.01875 0.0390625
89 0.8546875 0.740625 0.028125 0.0359375
89 0.9140625 0.709375 0.028125 0.034375
89 0.875 0.7015625 0.0390625 0.0484375
89 0.809375 0.71875 0.040625 0.0515625
89 0.8796875 0.71875 0.03125 0.028125
89 0.89375 0.675 0.025 0.0296875
89 0.871875 0.73125 0.0328125 0.040625
89 0.7671875 0.76875 0.04375 0.04375
89 0.765625 0.74375 0.0484375 0.0578125
89 0.675 0.759375 0.065625 0.071875
89 0.4875 0.7171875 0.0484375 0.0484375
89 0.31875 0.765625 0.078125 0.0625
89 0.253125 0.796875 0.0625 0.05
89 0.1671875 0.825 0.1140625 0.0953125
89 0.26875 0.7359375 0.0703125 0.059375
89 0.2640625 0.678125 0.071875 0.059375
89 0.3484375 0.69375 0.0578125 0.04375
89 0.346875 0.6453125 0.078125 0.075
89 0.503125 0.65625 0.05 0.04375
89 0.4625 0.63125 0.05 0.046875
89 0.56875 0.690625 0.04375 0.04375
89 0.5625 0.646875 0.078125 0.075
89 0.753125 0.7109375 0.0609375 0.0640625
89 0.671875 0.6515625 0.0390625 0.040625
89 0.5875 0.6625 0.0328125 0.028125
89 0.6375 0.61875 0.05 0.040625
89 0.640625 0.6125 0.0390625 0.0359375
89 0.709375 0.659375 0.034375 0.03125
89 0.703125 0.6203125 0.0375 0.0390625
89 0.821875 0.671875 0.0328125 0.034375
89 0.4046875 0.68125 0.0671875 0.0546875
89 0.5734375 0.5828125 0.046875 0.0421875
89 0.8171875 0.659375 0.0515625 0.0671875
89 0.89375 0.6375 0.0390625 0.046875
89 0.85 0.6125 0.0375 0.05
89 0.828125 0.625 0.0359375 0.04375
89 0.78125 0.6046875 0.040625 0.0453125
89 0.703125 0.5875 0.0421875 0.0359375
89 0.8765625 0.5875 0.05 0.0546875
89 0.909375 0.534375 0.0578125 0.05625
89 0.90625 0.509375 0.034375 0.0390625
89 0.8375 0.578125 0.034375 0.0328125
89 0.8390625 0.559375 0.0375 0.0296875
89 0.8625 0.546875 0.040625 0.0421875
89 0.7625 0.546875 0.046875 0.04375
89 0.6671875 0.553125 0.046875 0.0484375
89 0.60625 0.55625 0.0375 0.0359375
89 0.7015625 0.5078125 0.0453125 0.0390625
89 0.628125 0.4921875 0.0515625 0.046875
89 0.9234375 0.709375 0.0265625 0.0421875
