89 0.9703125 0.721875 0.0390625 0.059375
89 0.9390625 0.7125 0.040625 0.078125
89 0.9015625 0.815625 0.1515625 0.203125
89 0.95625 0.63125 0.0453125 0.071875
89 0.91875 0.61875 0.0234375 0.040625
89 0.8875 0.6578125 0.0765625 0.13125
89 0.7875 0.859375 0.0171875 0.0421875
89 0.765625 0.8421875 0.0125 0.0328125
89 0.78125 0.80625 0.0265625 0.053125
89 0.809375 0.771875 0.04375 0.08125
89 0.78125 0.73125 0.0234375 0.0421875
89 0.796875 0.678125 0.05 0.090625
89 0.7484375 0.7859375 0.0625 0.1
89 0.684375 0.8 0.0359375 0.0734375
89 0.7 0.74375 0.028125 0.053125
89 0.7375 0.66875 0.06875 0.1296875
89 0.81875 0.58125 0.059375 0.1015625
89 0.78125 0.615625 0.0203125 0.0359375
89 0.759375 0.615625 0.0203125 0.0390625
89 0.7734375 0.571875 0.025 0.04375
89 0.746875 0.565625 0.0296875 0.053125
89 0.8078125 0.490625 0.05 0.0765625
89 0.6375 0.825 0.0265625 0.0453125
89 0.6328125 0.778125 0.028125 0.05
89 0.653125 0.734375 0.04375 0.0875
89 0.6875 0.66875 0.0296875 0.0546875
89 0.7078125 0.60625 0.0203125 0.028125
89 0.65625 0.59375 0.0390625 0.078125
89 0.728125 0.50625 0.0234375 0.0390625
89 0.7390625 0.4875 0.0265625 0.0453125
89 0.71875 0.453125 0.0265625 0.0546875
89 0.7078125 0.415625 0.0375 0.059375
89 0.696875 0.36875 0.028125 0.040625
89 0.6125 0.7328125 0.0328125 0.0734375
89 0.621875 0.65 0.04375 0.090625
89 0.6125 0.559375 0.0390625 0.0859375
89 0.690625 0.5234375 0.046875 0.13125
89 0.621875 0.49375 0.025 0.046875
89 0.584375 0.553125 0.0234375 0.0578125
89 0.59375 0.5 0.028125 0.059375
89 0.596875 0.45 0.021875 0.040625
89 0.603125 0.409375 0.01875 0.0375
89 0.609375 0.384375 0.0125 0.028125
89 0.6625 0.3734375 0.015625 0.03125
89 0.6390625 0.35 0.025 0.0421875
89 0.6125 0.35 0.021875 0.0375
89 0.5625 0.784375 0.0390625 0.0703125
89 0.571875 0.746875 0.0265625 0.0546875
89 0.5359375 0.7453125 0.0203125 0.046875
89 0.55625 0.7125 0.0234375 0.0515625
89 0.575 0.69375 0.0234375 0.0421875
89 0.571875 0.64375 0.040625 0.0640625
89 0.5578125 0.578125 0.0453125 0.065625
89 0.559375 0.4515625 0.0375 0.0875
89 0.584375 0.3796875 0.025 0.0546875
89 0.565625 0.384375 0.0125 0.034375
89 0.5875 0.325 0.0265625 0.05625
89 0.565625 0.30625 0.0203125 0.046875
89 0.540625 0.396875 0.0390625 0.059375
89 0.534375 0.3625 0.025 0.0484375
89 0.5375 0.3125 0.025 0.04375
89 0.503125 0.3765625 0.01875 0.0390625
89 0.5234375 0.809375 0.015625 0.0234375
89 0.4953125 0.81875 0.0140625 0.0265625
89 0.515625 0.7609375 0.0203125 0.0359375
89 0.515625 0.7203125 0.0203125 0.0421875
89 0.528125 0.696875 0.0234375 0.046875
89 0.528125 0.646875 0.0171875 0.0375
89 0.4875 0.73125 0.0296875 0.0578125
89 0.509375 0.678125 0.021875 0.0359375
89 0.5078125 0.646875 0.01875 0.028125
89 0.484375 0.68125 0.01875 0.0375
89 0.534375 0.603125 0.0125 0.03125
89 0.503125 0.60625 0.025 0.059375
89 0.515625 0.5453125 0.0625 0.0578125
89 0.515625 0.48125 0.0171875 0.040625
89 0.4984375 0.4359375 0.034375 0.071875
89 0.4875 0.521875 0.015625 0.04375
89 0.4671875 0.80625 0.0390625 0.0625
89 0.453125 0.7625 0.021875 0.0515625
89 0.459375 0.7125 0.0296875 0.08125
89 0.4625 0.65625 0.021875 0.0359375
89 0.453125 0.621875 0.0171875 0.0328125
89 0.471875 0.596875 0.0359375 0.1046875
89 0.465625 0.521875 0.0140625 0.03125
89 0.4765625 0.471875 0.01875 0.0453125
89 0.4640625 0.48125 0.015625 0.028125
89 0.4625 0.446875 0.0203125 0.0375
89 0.446875 0.428125 0.0125 0.0234375
89 0.4703125 0.4296875 0.0203125 0.04375
89 0.490625 0.328125 0.01875 0.0375
89 0.4609375 0.3515625 0.0265625 0.078125
89 0.425 0.728125 0.0171875 0.0421875
89 0.43125 0.759375 0.0546875 0.078125
89 0.4296875 0.6953125 0.0296875 0.0453125
89 0.40625 0.6765625 0.0234375 0.0640625
89 0.440625 0.653125 0.025 0.05625
89 0.425 0.64375 0.021875 0.0515625
89 0.3921875 0.621875 0.0171875 0.04375
89 0.415625 0.584375 0.0171875 0.0578125
89 0.440625 0.578125 0.028125 0.0671875
89 0.44375 0.528125 0.021875 0.0515625
89 0.415625 0.51875 0.0125 0.0234375
89 0.4015625 0.5375 0.0140625 0.0390625
89 0.428125 0.4703125 0.05 0.0734375
89 0.3765625 0.5265625 0.0203125 0.0515625
89 0.36875 0.48125 0.0140625 0.028125
89 0.378125 0.778125 0.059375 0.0875
89 0.3796875 0.703125 0.0421875 0.0703125
89 0.340625 0.725 0.0234375 0.05625
89 0.31875 0.7125 0.028125 0.0828125
89 0.328125 0.65625 0.0234375 0.05
89 0.3515625 0.6125 0.028125 0.05
89 0.3671875 0.571875 0.025 0.05625
89 0.43125 0.396875 0.0171875 0.0390625
89 0.4296875 0.353125 0.0234375 0.034375
89 0.4546875 0.2859375 0.0203125 0.0453125
89 0.4375 0.2859375 0.0203125 0.0671875
89 0.41875 0.33125 0.0125 0.0265625
89 0.409375 0.3890625 0.028125 0.075
89 0.3828125 0.425 0.034375 0.08125
89 0.390625 0.3234375 0.03125 0.0984375
89 0.384375 0.25 0.015625 0.0390625
89 0.375 0.2078125 0.0140625 0.0375
89 0.284375 0.7484375 0.0203125 0.0484375
89 0.2671875 0.7234375 0.015625 0.034375
89 0.2734375 0.709375 0.0109375 0.028125
89 0.290625 0.6765625 0.015625 0.0359375
89 0.3125 0.65625 0.0171875 0.0390625
89 0.31875 0.615625 0.015625 0.028125
89 0.30625 0.60625 0.009375 0.0453125
89 0.3125 0.5875 0.0109375 0.028125
89 0.33125 0.540625 0.025 0.06875
89 0.31875 0.4953125 0.0125 0.0234375
89 0.359375 0.4875 0.0375 0.1109375
89 0.3625 0.4171875 0.01875 0.0421875
89 0.365625 0.359375 0.0234375 0.071875
89 0.3359375 0.3984375 0.021875 0.0453125
89 0.3625 0.29375 0.0171875 0.0609375
89 0.340625 0.2921875 0.0171875 0.0515625
89 0.33125 0.2484375 0.0171875 0.0640625
89 0.33125 0.4390625 0.0140625 0.03125
89 0.3125 0.459375 0.0125 0.0296875
89 0.315625 0.4375 0.0109375 0.021875
89 0.325 0.425 0.0140625 0.025
89 0.278125 0.428125 0.0203125 0.08125
89 0.3296875 0.35 0.040625 0.1109375
89 0.3078125 0.3734375 0.0203125 0.046875
89 0.290625 0.34375 0.0140625 0.046875
89 0.228125 0.746875 0.0140625 0.05
89 0.2625 0.68125 0.015625 0.05625
89 0.2828125 0.621875 0.0125 0.0234375
89 0.29375 0.590625 0.0140625 0.0328125
89 0.271875 0.603125 0.0296875 0.0734375
89 0.303125 0.546875 0.0140625 0.06875
89 0.2859375 0.534375 0.0234375 0.065625
89 0.303125 0.4859375 0.0203125 0.0484375
89 0.2296875 0.675 0.0296875 0.0828125
89 0.25 0.5984375 0.0125 0.034375
89 0.2390625 0.5703125 0.0140625 0.0390625
89 0.259375 0.5578125 0.015625 0.0484375
89 0.2640625 0.5109375 0.0203125 0.0515625
89 0.23125 0.5375 0.0171875 0.0515625
89 0.253125 0.528125 0.0140625 0.028125
89 0.23125 0.478125 0.0265625 0.0609375
89 0.253125 0.45 0.0171875 0.0734375
89 0.259375 0.3796875 0.0203125 0.0734375
89 0.234375 0.3953125 0.0171875 0.0734375
89 0.20625 0.7453125 0.021875 0.0578125
89 0.2125 0.6875 0.01875 0.0421875
89 0.21875 0.634375 0.0125 0.04375
89 0.2296875 0.6046875 0.015625 0.0390625
89 0.221875 0.5484375 0.009375 0.01875
89 0.171875 0.721875 0.0125 0.0578125
89 0.190625 0.6984375 0.0125 0.03125
89 0.1796875 0.6875 0.0109375 0.028125
89 0.1875 0.646875 0.009375 0.03125
89 0.1765625 0.65625 0.0171875 0.0359375
89 0.16875 0.6625 0.0125 0.0234375
89 0.153125 0.715625 0.0140625 0.0546875
89 0.19375 0.5921875 0.028125 0.05
89 0.16875 0.6328125 0.0109375 0.0265625
89 0.20625 0.565625 0.0109375 0.0171875
89 0.209375 0.546875 0.0125 0.0203125
89 0.196875 0.546875 0.0109375 0.03125
89 0.203125 0.5203125 0.0078125 0.0203125
89 0.203125 0.4890625 0.0078125 0.0234375
89 0.171875 0.5828125 0.009375 0.0265625
89 0.184375 0.546875 0.0125 0.0359375
89 0.190625 0.515625 0.009375 0.0296875
89 0.178125 0.553125 0.0078125 0.0203125
89 0.1796875 0.5203125 0.009375 0.0203125
89 0.18125 0.5 0.009375 0.0234375
89 0.2015625 0.459375 0.009375 0.03125
89 0.178125 0.478125 0.0125 0.034375
89 0.19375 0.4390625 0.015625 0.0890625
89 0.165625 0.4796875 0.0140625 0.03125
89 0.15625 0.6375 0.0125 0.0390625
89 0.159375 0.5546875 0.0125 0.0421875
89 0.159375 0.5125 0.0109375 0.0375
89 0.146875 0.621875 0.0171875 0.0828125
89 0.13125 0.74375 0.009375 0.0390625
89 0.1 0.725 0.0125 0.0515625
89 0.0671875 0.73125 0.0109375 0.0546875
89 0.065625 0.68125 0.0140625 0.05
89 0.053125 0.6328125 0.0171875 0.0640625
89 0.046875 0.725 0.01875 0.04375
89 0.028125 0.6859375 0.025 0.075
89 0.1390625 0.6828125 0.0078125 0.03125
89 0.125 0.68125 0.0109375 0.0421875
89 0.1125 0.675 0.0125 0.046875
89 0.103125 0.678125 0.0125 0.04375
89 0.09375 0.70625 0.0140625 0.075
89 0.0890625 0.675 0.01875 0.0671875
89 0.0984375 0.63125 0.009375 0.04375
89 0.08125 0.60625 0.0171875 0.053125
89 0.13125 0.65625 0.00625 0.01875
89 0.125 0.64375 0.0078125 0.025
89 0.11875 0.6453125 0.00625 0.0203125
89 0.121875 0.625 0.0078125 0.028125
89 0.1265625 0.60625 0.0046875 0.034375
89 0.115625 0.6 0.009375 0.0328125
89 0.128125 0.571875 0.01875 0.0390625
89 0.09375 0.5734375 0.0203125 0.065625
89 0.14375 0.5296875 0.021875 0.06875
89 0.3 0.4296875 0.0234375 0.0640625
