89 0.20625 0.8875 0.1109375 0.175
89 0.125 0.790625 0.090625 0.15
89 0.3125 0.846875 0.1015625 0.153125
89 0.396875 0.846875 0.0546875 0.1140625
89 0.303125 0.71875 0.0703125 0.1171875
89 0.390625 0.721875 0.0609375 0.1046875
89 0.36875 0.634375 0.0609375 0.1171875
89 0.475 0.8234375 0.0609375 0.1171875
89 0.4625 0.7203125 0.0546875 0.109375
89 0.540625 0.8359375 0.0609375 0.1140625
89 0.496875 0.6171875 0.0546875 0.103125
89 0.453125 0.56875 0.046875 0.090625
89 0.590625 0.809375 0.0515625 0.0953125
89 0.659375 0.74375 0.05625 0.109375
89 0.615625 0.6875 0.05 0.096875
89 0.55625 0.671875 0.0625 0.121875
89 0.7171875 0.7546875 0.0421875 0.1015625
89 0.775 0.725 0.04375 0.090625
89 0.7578125 0.6515625 0.040625 0.078125
89 0.7125 0.66875 0.0421875 0.0859375
89 0.659375 0.609375 0.0515625 0.0984375
89 0.621875 0.58125 0.0453125 0.0953125
89 0.55625 0.5359375 0.0671875 0.121875
89 0.49375 0.503125 0.046875 0.1015625
89 0.815625 0.721875 0.0390625 0.0828125
89 0.80625 0.634375 0.0390625 0.0953125
89 0.8875 0.684375 0.0515625 0.1125
89 0.953125 0.640625 0.0328125 0.0859375
89 0.93125 0.659375 0.0328125 0.090625
