89 0.1609375 0.80625 0.0796875 0.1
89 0.2453125 0.728125 0.0734375 0.1015625
89 0.35 0.75 0.05625 0.075
89 0.359375 0.653125 0.0640625 0.090625
89 0.375 0.546875 0.0515625 0.0828125
89 0.40625 0.7109375 0.0421875 0.0796875
89 0.421875 0.6265625 0.046875 0.078125
89 0.4421875 0.54375 0.04375 0.0890625
89 0.453125 0.6921875 0.04375 0.075
89 0.46875 0.584375 0.04375 0.09375
89 0.5046875 0.528125 0.0421875 0.075
89 0.4875 0.6640625 0.0359375 0.0703125
89 0.503125 0.603125 0.0296875 0.05
89 0.540625 0.66875 0.0234375 0.0484375
89 0.503125 0.6375 0.03125 0.0453125
89 0.546875 0.571875 0.03125 0.0515625
89 0.54375 0.49375 0.0375 0.071875
89 0.5328125 0.43125 0.04375 0.0734375
89 0.5484375 0.60625 0.0359375 0.0515625
89 0.571875 0.5359375 0.0421875 0.0734375
89 0.571875 0.65 0.03125 0.0484375
89 0.590625 0.5875 0.0390625 0.0671875
89 0.5921875 0.46875 0.0390625 0.0671875
89 0.5796875 0.4 0.0390625 0.0828125
89 0.615625 0.5078125 0.0515625 0.0890625
89 0.6078125 0.6359375 0.0328125 0.053125
89 0.628125 0.571875 0.034375 0.0578125
89 0.6296875 0.421875 0.0390625 0.071875
89 0.6328125 0.621875 0.021875 0.046875
89 0.659375 0.571875 0.03125 0.0546875
89 0.653125 0.509375 0.0390625 0.06875
89 0.6390625 0.4390625 0.0296875 0.0609375
89 0.684375 0.45 0.0296875 0.0515625
89 0.671875 0.6203125 0.034375 0.059375
89 0.696875 0.55625 0.034375 0.059375
89 0.7078125 0.484375 0.025 0.05
89 0.7 0.5890625 0.0296875 0.0546875
89 0.725 0.50625 0.0265625 0.0703125
89 0.70625 0.3859375 0.0375 0.0734375
89 0.753125 0.55625 0.025 0.0546875
89 0.725 0.421875 0.0359375 0.0671875
89 0.753125 0.603125 0.028125 0.046875
89 0.75 0.446875 0.034375 0.0609375
89 0.7875 0.590625 0.025 0.0484375
89 0.7609375 0.4984375 0.0265625 0.0640625
89 0.784375 0.425 0.0296875 0.059375
89 0.775 0.553125 0.0265625 0.0578125
89 0.79375 0.5046875 0.021875 0.053125
89 0.809375 0.440625 0.0328125 0.071875
89 0.8046875 0.540625 0.028125 0.0546875
89 0.80625 0.38125 0.0265625 0.05625
89 0.803125 0.578125 0.01875 0.040625
89 0.83125 0.525 0.025 0.0515625
89 0.828125 0.475 0.0265625 0.0640625
89 0.8390625 0.4 0.0234375 0.0546875
89 0.8234375 0.571875 0.0171875 0.028125
89 0.85 0.515625 0.0265625 0.0625
89 0.84375 0.425 0.025 0.053125
89 0.8453125 0.5625 0.0234375 0.0359375
89 0.8640625 0.50625 0.0140625 0.0359375
89 0.865625 0.4515625 0.0234375 0.0640625
89 0.8875 0.3875 0.015625 0.0515625
89 0.8578125 0.540625 0.0203125 0.0515625
89 0.875 0.465625 0.0234375 0.05
89 0.8875 0.421875 0.0203125 0.040625
89 0.8828125 0.5375 0.0234375 0.0359375
89 0.909375 0.5 0.021875 0.0453125
89 0.9125 0.521875 0.0234375 0.04375
