89 0.025 0.296875 0.05 0.0765625
89 0.096875 0.25625 0.0546875 0.0765625
89 0.0328125 0.3546875 0.040625 0.0671875
89 0.071875 0.3125 0.0515625 0.0546875
89 0.140625 0.290625 0.053125 0.075
89 0.1875 0.2328125 0.0625 0.0765625
89 0.05625 0.4078125 0.0515625 0.071875
89 0.034375 0.4359375 0.0546875 0.0859375
89 0.0875 0.35625 0.0359375 0.0609375
89 0.1875 0.303125 0.05625 0.075
89 0.10625 0.340625 0.046875 0.065625
89 0.1625 0.365625 0.040625 0.05625
89 0.11875 0.403125 0.0515625 0.0703125
89 0.0203125 0.55 0.040625 0.06875
89 0.0765625 0.45625 0.034375 0.040625
89 0.1375 0.44375 0.040625 0.053125
89 0.065625 0.4875 0.04375 0.0578125
89 0.16875 0.4203125 0.0484375 0.06875
89 0.09375 0.4671875 0.034375 0.04375
89 0.2109375 0.46875 0.0390625 0.0546875
89 0.103125 0.496875 0.046875 0.05625
89 0.1828125 0.48125 0.040625 0.053125
89 0.1375 0.4953125 0.04375 0.065625
89 0.1125 0.5453125 0.05625 0.0734375
89 0.20625 0.53125 0.0484375 0.071875
89 0.1609375 0.54375 0.046875 0.059375
89 0.403125 0.2328125 0.04375 0.0484375
89 0.5265625 0.175 0.084375 0.1046875
89 0.45625 0.253125 0.0796875 0.1046875
89 0.3984375 0.296875 0.0578125 0.0796875
89 0.571875 0.2484375 0.0984375 0.1171875
89 0.503125 0.3375 0.103125 0.109375
89 0.434375 0.371875 0.0703125 0.09375
89 0.43125 0.53125 0.0828125 0.0984375
89 0.41875 0.45 0.05625 0.071875
89 0.584375 0.38125 0.090625 0.1046875
89 0.671875 0.171875 0.1328125 0.146875
89 0.628125 0.3125 0.0609375 0.0796875
89 0.478125 0.459375 0.071875 0.1046875
89 0.696875 0.278125 0.0796875 0.078125
89 0.56875 0.475 0.11875 0.1640625
89 0.7140625 0.359375 0.0796875 0.0875
89 0.496875 0.54375 0.06875 0.078125
89 0.646875 0.546875 0.0703125 0.065625
89 0.73125 0.54375 0.075 0.078125
89 0.68125 0.453125 0.134375 0.1390625
