89 0.95625 0.49375 0.0859375 0.1
89 0.875 0.33125 0.1140625 0.1125
89 0.809375 0.4375 0.1140625 0.0984375
89 0.8328125 0.5921875 0.1265625 0.125
89 0.7625 0.528125 0.1109375 0.0984375
89 0.63125 0.584375 0.1328125 0.1171875
89 0.803125 0.684375 0.103125 0.1015625
89 0.6046875 0.7171875 0.15 0.1375
89 0.7359375 0.6828125 0.121875 0.1140625
89 0.034375 0.471875 0.0515625 0.0265625
89 0.0625 0.425 0.0390625 0.028125
89 0.0671875 0.39375 0.04375 0.0328125
89 0.11875 0.35 0.0390625 0.03125
89 0.103125 0.41875 0.0359375 0.034375
89 0.096875 0.375 0.034375 0.028125
89 0.1578125 0.359375 0.0359375 0.0265625
89 0.1171875 0.3984375 0.0359375 0.0296875
89 0.140625 0.3375 0.028125 0.0203125
89 0.128125 0.4125 0.040625 0.028125
89 0.1859375 0.340625 0.0328125 0.021875
89 0.2453125 0.33125 0.0390625 0.03125
