89 0.125 0.390625 0.0171875 0.025
89 0.10625 0.421875 0.0234375 0.03125
89 0.115625 0.4015625 0.0140625 0.01875
89 0.078125 0.428125 0.0125 0.01875
89 0.125 0.409375 0.01875 0.0234375
89 0.0921875 0.4453125 0.021875 0.025
89 0.125 0.4328125 0.0203125 0.021875
89 0.06875 0.440625 0.0203125 0.0234375
89 0.1140625 0.446875 0.0203125 0.021875
89 0.08125 0.4609375 0.0234375 0.0265625
89 0.0609375 0.45625 0.0171875 0.0203125
89 0.040625 0.496875 0.0375 0.04375
89 0.046875 0.46875 0.0109375 0.0140625
89 0.06875 0.484375 0.0265625 0.03125
89 0.2984375 0.3703125 0.0203125 0.0265625
89 0.271875 0.371875 0.0171875 0.025
89 0.2515625 0.3671875 0.021875 0.028125
89 0.2875 0.3875 0.01875 0.021875
89 0.2359375 0.371875 0.015625 0.021875
89 0.2125 0.375 0.0203125 0.03125
89 0.2484375 0.390625 0.0203125 0.028125
89 0.225 0.396875 0.021875 0.03125
89 0.203125 0.3953125 0.0171875 0.0265625
89 0.240625 0.415625 0.0203125 0.0265625
89 0.2125 0.415625 0.0171875 0.025
89 0.225 0.428125 0.028125 0.028125
89 0.1890625 0.4109375 0.025 0.0296875
89 0.165625 0.446875 0.0171875 0.0203125
89 0.2 0.4328125 0.021875 0.0265625
89 0.171875 0.428125 0.021875 0.025
89 0.153125 0.4671875 0.021875 0.028125
89 0.184375 0.446875 0.0234375 0.0265625
89 0.1328125 0.475 0.025 0.03125
89 0.178125 0.471875 0.025 0.03125
89 0.115625 0.49375 0.0203125 0.03125
89 0.159375 0.496875 0.0234375 0.0328125
89 0.1359375 0.5 0.0203125 0.028125
89 0.103125 0.5171875 0.0203125 0.025
89 0.1265625 0.521875 0.025 0.0203125
89 0.215625 0.54375 0.05 0.0625
89 0.25625 0.51875 0.0390625 0.053125
89 0.4 0.375 0.025 0.0296875
89 0.24375 0.553125 0.0328125 0.0421875
89 0.41875 0.3953125 0.028125 0.040625
89 0.26875 0.5484375 0.0328125 0.0359375
89 0.3875 0.409375 0.028125 0.040625
89 0.284375 0.46875 0.05 0.065625
89 0.35625 0.41875 0.0390625 0.053125
89 0.325 0.4515625 0.0296875 0.040625
89 0.334375 0.4859375 0.0265625 0.03125
89 0.315625 0.5125 0.0359375 0.0421875
89 0.9 0.284375 0.0421875 0.0578125
89 0.8484375 0.278125 0.0453125 0.0703125
89 0.79375 0.3015625 0.0265625 0.0390625
89 0.8703125 0.3296875 0.0421875 0.0453125
89 0.834375 0.35 0.0265625 0.0328125
89 0.759375 0.328125 0.0359375 0.05625
89 0.8125 0.315625 0.0328125 0.046875
89 0.7125 0.3125 0.0421875 0.0640625
89 0.8 0.346875 0.025 0.0375
89 0.7125 0.36875 0.040625 0.046875
89 0.66875 0.346875 0.0390625 0.0625
89 0.634375 0.39375 0.0421875 0.0625
89 0.5953125 0.43125 0.0578125 0.0734375
89 0.55625 0.45625 0.040625 0.0515625
89 0.6171875 0.4765625 0.0375 0.053125
89 0.390625 0.55625 0.009375 0.059375
89 0.546875 0.590625 0.0234375 0.0359375
89 0.659375 0.765625 0.128125 0.1859375
89 0.925 0.515625 0.1203125 0.1890625
89 0.76875 0.70625 0.090625 0.140625
89 0.85625 0.65 0.09375 0.1171875
