89 0.98125 0.5 0.0296875 0.040625
89 0.94375 0.5125 0.0375 0.0484375
89 0.9078125 0.5109375 0.03125 0.0359375
89 0.965625 0.471875 0.0328125 0.0421875
89 0.921875 0.475 0.03125 0.040625
89 0.98359375 0.440625 0.0328125 0.046875
89 0.94375 0.43125 0.0328125 0.04375
89 0.903125 0.446875 0.028125 0.0390625
89 0.8828125 0.409375 0.0421875 0.053125
89 0.8375 0.39375 0.0421875 0.05
89 0.90546875 0.93046875 0.1171875 0.1390625
89 0.8125 0.840625 0.10625 0.14375
89 0.728125 0.878125 0.0984375 0.1390625
89 0.65625 0.86875 0.0703125 0.103125
89 0.5609375 0.859375 0.0515625 0.084375
89 0.6828125 0.75625 0.0890625 0.1203125
89 0.5875 0.775 0.0953125 0.1375
89 0.509375 0.775 0.05625 0.0828125
89 0.840625 0.6609375 0.178125 0.23125
89 0.45 0.7109375 0.065625 0.0765625
89 0.3578125 0.690625 0.040625 0.0546875
89 0.3203125 0.70625 0.0421875 0.0359375
89 0.265625 0.703125 0.059375 0.0546875
89 0.196875 0.6703125 0.0515625 0.0890625
89 0.5359375 0.678125 0.071875 0.115625
89 0.478125 0.628125 0.053125 0.08125
89 0.409375 0.628125 0.059375 0.0921875
89 0.359375 0.615625 0.0546875 0.0890625
89 0.2953125 0.6375 0.053125 0.09375
89 0.2625 0.621875 0.0546875 0.0984375
89 0.63125 0.63125 0.1296875 0.165625
89 0.7296875 0.53125 0.1203125 0.1578125
89 0.6265625 0.4890625 0.0796875 0.1203125
89 0.5375 0.5484375 0.0828125 0.14375
89 0.1796875 0.571875 0.0625 0.075
89 0.121875 0.56875 0.040625 0.075
89 0.29375 0.553125 0.04375 0.078125
89 0.0875 0.528125 0.0453125 0.0484375
89 0.040625 0.46875 0.0578125 0.059375
89 0.0171875 0.434375 0.034375 0.090625
89 0.4453125 0.5421875 0.0625 0.0984375
89 0.3828125 0.540625 0.0578125 0.0921875
89 0.3265625 0.515625 0.059375 0.0984375
89 0.221875 0.525 0.0453125 0.090625
89 0.2625 0.475 0.05 0.08125
89 0.190625 0.4296875 0.0734375 0.121875
89 0.1359375 0.3953125 0.05625 0.0984375
89 0.0609375 0.3953125 0.059375 0.09375
89 0.5265625 0.425 0.075 0.1109375
89 0.44375 0.421875 0.09375 0.153125
89 0.3640625 0.45 0.0453125 0.0765625
89 0.3078125 0.41875 0.059375 0.1046875
89 0.259375 0.3734375 0.05625 0.1
89 0.20625 0.325 0.046875 0.084375
89 0.175 0.30625 0.04375 0.078125
89 0.60625 0.35625 0.103125 0.140625
89 0.5234375 0.315625 0.078125 0.10625
89 0.09375 0.3046875 0.071875 0.1203125
89 0.028125 0.3125 0.05625 0.0890625
89 0.059375 0.234375 0.0578125 0.0953125
89 0.13125 0.2296875 0.040625 0.075
89 0.10625 0.1671875 0.0578125 0.10625
89 0.36875 0.3546875 0.071875 0.1171875
89 0.309375 0.3125 0.05625 0.1015625
89 0.44375 0.275 0.0703125 0.1140625
89 0.2578125 0.2625 0.06875 0.1078125
89 0.365625 0.2390625 0.0625 0.10625
89 0.3125 0.18125 0.0515625 0.0890625
89 0.2046875 0.196875 0.0859375 0.1671875
89 0.15625 0.109375 0.0515625 0.0890625
89 0.159375 0.496875 0.0515625 0.096875
89 0.109375 0.465625 0.0515625 0.0921875
