124 0.2328125 0.8859375 0.009375 0.0078125
124 0.275 0.8546875 0.015625 0.0109375
124 0.2734375 0.865625 0.009375 0.0125
124 0.2890625 0.85 0.0125 0.0078125
124 0.3015625 0.8203125 0.0125 0.0078125
124 0.484375 0.5671875 0.2609375 0.159375
124 0.5609375 0.675 0.0078125 0.0046875
124 0.56875 0.6796875 0.0078125 0.0078125
124 0.665625 0.7796875 0.0109375 0.00625
124 0.671875 0.784375 0.009375 0.0078125
124 0.7046875 0.5609375 0.0125 0.009375
124 0.7171875 0.55625 0.0109375 0.009375
124 0.734375 0.75 0.009375 0.009375
