89 0.721875 0.496875 0.0203125 0.0265625
89 0.7203125 0.46875 0.0203125 0.025
89 0.7203125 0.4375 0.0234375 0.034375
89 0.721875 0.403125 0.025 0.0328125
89 0.725 0.371875 0.025 0.0296875
89 0.71875 0.3390625 0.0296875 0.04375
89 0.7296875 0.303125 0.0203125 0.03125
89 0.70625 0.3 0.0203125 0.028125
89 0.48125 0.51875 0.0609375 0.1
89 0.421875 0.5421875 0.04375 0.0671875
89 0.38125 0.540625 0.0390625 0.0671875
89 0.34375 0.54375 0.0390625 0.0671875
89 0.3 0.54375 0.0390625 0.0828125
89 0.25625 0.5453125 0.040625 0.0765625
89 0.4265625 0.465625 0.0609375 0.084375
89 0.365625 0.48125 0.040625 0.0640625
89 0.346875 0.48125 0.0296875 0.053125
89 0.2703125 0.4828125 0.0296875 0.0515625
89 0.246875 0.48125 0.0296875 0.05
89 0.4828125 0.428125 0.0515625 0.075
89 0.4375 0.39375 0.0375 0.0546875
89 0.39375 0.409375 0.046875 0.0765625
89 0.346875 0.428125 0.0390625 0.065625
89 0.3 0.43125 0.040625 0.0703125
89 0.2515625 0.421875 0.0390625 0.0671875
89 0.48125 0.35 0.0515625 0.078125
89 0.45 0.3 0.0375 0.0609375
89 0.4953125 0.284375 0.034375 0.053125
89 0.403125 0.340625 0.040625 0.0625
89 0.35 0.34375 0.034375 0.0609375
89 0.2875 0.3546875 0.040625 0.0828125
89 0.278125 0.3328125 0.0328125 0.0703125
89 0.234375 0.3484375 0.0390625 0.0703125
89 0.35 0.2875 0.0421875 0.075
89 0.4 0.2390625 0.046875 0.0796875
89 0.45 0.1921875 0.05 0.0921875
89 0.4109375 0.16875 0.0390625 0.0640625
89 0.3609375 0.203125 0.0546875 0.09375
89 0.2890625 0.259375 0.04375 0.084375
89 0.275 0.26875 0.03125 0.065625
89 0.225 0.284375 0.0390625 0.0625
89 0.234375 0.221875 0.0359375 0.0640625
89 0.290625 0.2 0.04375 0.0640625
89 0.4546875 0.103125 0.0609375 0.0984375
89 0.33125 0.184375 0.0328125 0.065625
89 0.409375 0.1328125 0.04375 0.075
89 0.3796875 0.1328125 0.0421875 0.078125
89 0.334375 0.1421875 0.040625 0.0828125
89 0.271875 0.165625 0.0359375 0.0671875
89 0.23125 0.1609375 0.03125 0.0609375
89 0.70625 0.384375 0.0125 0.0234375
89 0.703125 0.415625 0.015625 0.0265625
