89 0.928125 0.8 0.071875 0.0796875
89 0.875 0.778125 0.046875 0.0640625
89 0.9734375 0.765625 0.03125 0.0421875
89 0.934375 0.728125 0.0515625 0.0640625
89 0.88125 0.7046875 0.0578125 0.0734375
89 0.8328125 0.790625 0.0421875 0.0515625
89 0.78125 0.803125 0.0484375 0.0578125
89 0.759375 0.753125 0.0515625 0.0625
89 0.725 0.7953125 0.0390625 0.05
89 0.70625 0.746875 0.040625 0.0546875
89 0.8125 0.7203125 0.0515625 0.071875
89 0.9109375 0.6484375 0.059375 0.0796875
89 0.959375 0.609375 0.0421875 0.053125
89 0.83125 0.65625 0.053125 0.0625
89 0.8515625 0.6 0.0578125 0.0734375
89 0.9078125 0.575 0.05 0.0625
89 0.96875 0.5390625 0.0625 0.08125
89 0.9125 0.5125 0.040625 0.053125
89 0.9421875 0.471875 0.0453125 0.059375
89 0.98359375 0.45234375 0.0328125 0.0453125
89 0.953125 0.409375 0.0515625 0.0640625
89 0.9125 0.3640625 0.05625 0.071875
89 0.9375 0.290625 0.0609375 0.075
89 0.975 0.26875 0.028125 0.040625
89 0.940625 0.2078125 0.0609375 0.075
89 0.890625 0.1953125 0.034375 0.04375
89 0.80625 0.6 0.034375 0.0484375
89 0.86875 0.546875 0.0359375 0.0453125
89 0.81875 0.540625 0.0515625 0.071875
89 0.8625 0.4921875 0.05 0.0625
89 0.8875 0.4390625 0.0578125 0.06875
89 0.84375 0.4390625 0.0390625 0.046875
89 0.8125 0.484375 0.0296875 0.0421875
89 0.8484375 0.390625 0.0453125 0.053125
89 0.8625 0.3171875 0.059375 0.0703125
89 0.86875 0.25 0.059375 0.0671875
89 0.821875 0.284375 0.040625 0.046875
89 0.746875 0.678125 0.0515625 0.0625
89 0.78125 0.6375 0.0421875 0.053125
89 0.765625 0.58125 0.0484375 0.065625
89 0.696875 0.69375 0.04375 0.053125
89 0.7046875 0.646875 0.0390625 0.04375
89 0.7375 0.6234375 0.0359375 0.0484375
89 0.7765625 0.5125 0.053125 0.06875
89 0.7328125 0.54375 0.025 0.0328125
89 0.7875 0.43125 0.059375 0.084375
89 0.8078125 0.3515625 0.0609375 0.0796875
89 0.6671875 0.775 0.04375 0.0609375
89 0.625 0.79375 0.0390625 0.053125
89 0.64375 0.70625 0.053125 0.06875
89 0.6578125 0.634375 0.05 0.0609375
89 0.6953125 0.578125 0.0640625 0.0875
89 0.709375 0.4984375 0.0609375 0.075
89 0.7265625 0.4375 0.0375 0.0515625
89 0.746875 0.36875 0.0578125 0.0671875
89 0.7546875 0.30625 0.0484375 0.0640625
89 0.95625 0.121875 0.0640625 0.08125
89 0.9375 0.06875 0.040625 0.053125
89 0.9078125 0.1203125 0.0375 0.05
89 0.853125 0.15625 0.059375 0.06875
89 0.90625 0.0796875 0.0390625 0.0484375
89 0.896875 0.028125 0.0375 0.0453125
89 0.859375 0.090625 0.0359375 0.04375
89 0.8203125 0.23125 0.0296875 0.040625
89 0.784375 0.25 0.0453125 0.0546875
89 0.796875 0.19375 0.040625 0.0546875
89 0.803125 0.125 0.0578125 0.071875
89 0.7359375 0.2375 0.04375 0.0546875
89 0.621875 0.596875 0.021875 0.034375
89 0.6453125 0.58125 0.0328125 0.0421875
89 0.646875 0.5125 0.0640625 0.0859375
89 0.671875 0.43125 0.0625 0.0859375
89 0.7015625 0.378125 0.028125 0.040625
89 0.7125 0.3375 0.0234375 0.0296875
89 0.7 0.271875 0.0578125 0.0734375
89 0.5921875 0.8125 0.0359375 0.03125
89 0.56875 0.8 0.0265625 0.0375
89 0.59375 0.7578125 0.034375 0.0515625
89 0.546875 0.765625 0.0234375 0.028125
89 0.55625 0.7125 0.05625 0.075
89 0.5984375 0.646875 0.0609375 0.0828125
89 0.553125 0.65625 0.028125 0.034375
89 0.578125 0.5921875 0.0296875 0.0453125
89 0.55 0.615625 0.0359375 0.0421875
89 0.5859375 0.5390625 0.0421875 0.05625
89 0.578125 0.4875 0.0421875 0.059375
89 0.61875 0.446875 0.0484375 0.0625
89 0.634375 0.38125 0.0359375 0.053125
89 0.6703125 0.353125 0.0453125 0.065625
89 0.646875 0.275 0.0359375 0.053125
89 0.6875 0.196875 0.0625 0.0828125
89 0.746875 0.1546875 0.053125 0.075
89 0.75625 0.084375 0.05625 0.075
89 0.7125 0.10625 0.0515625 0.071875
89 0.765625 0.0296875 0.046875 0.0578125
89 0.721875 0.0328125 0.0515625 0.065625
89 0.678125 0.075 0.0390625 0.0515625
89 0.665625 0.13125 0.040625 0.05625
89 0.66875 0.025 0.0296875 0.0359375
89 0.50625 0.765625 0.0484375 0.065625
89 0.5125 0.671875 0.05 0.075
89 0.50625 0.603125 0.04375 0.059375
89 0.53125 0.565625 0.0375 0.05
89 0.55 0.515625 0.03125 0.0453125
89 0.5671875 0.434375 0.0390625 0.05
89 0.59375 0.39375 0.040625 0.0578125
89 0.6109375 0.346875 0.034375 0.0515625
89 0.6015625 0.2875 0.0453125 0.059375
89 0.609375 0.215625 0.0640625 0.078125
89 0.61875 0.1375 0.0421875 0.05625
89 0.4578125 0.7765625 0.028125 0.0421875
89 0.4734375 0.7140625 0.04375 0.0546875
89 0.46875 0.6515625 0.0546875 0.0703125
89 0.465625 0.5875 0.040625 0.0484375
89 0.4640625 0.534375 0.040625 0.059375
89 0.528125 0.46875 0.046875 0.0640625
89 0.490625 0.559375 0.028125 0.034375
89 0.503125 0.5203125 0.040625 0.053125
89 0.475 0.46875 0.053125 0.0765625
89 0.503125 0.4125 0.0453125 0.0625
89 0.5453125 0.375 0.05625 0.075
89 0.571875 0.325 0.0359375 0.05
89 0.528125 0.31875 0.0328125 0.04375
89 0.565625 0.271875 0.0328125 0.04375
89 0.56875 0.221875 0.025 0.0359375
89 0.571875 0.171875 0.05 0.0671875
89 0.615625 0.065625 0.0359375 0.05
89 0.6125 0.0265625 0.0375 0.04375
89 0.578125 0.096875 0.040625 0.0578125
89 0.5296875 0.26875 0.034375 0.046875
89 0.5359375 0.2265625 0.034375 0.046875
89 0.525 0.1625 0.03125 0.040625
89 0.534375 0.125 0.028125 0.0375
89 0.5484375 0.0484375 0.0359375 0.0515625
89 0.553125 0.01875 0.028125 0.034375
89 0.4328125 0.784375 0.0359375 0.0359375
89 0.425 0.73125 0.0546875 0.075
89 0.421875 0.671875 0.0328125 0.0359375
89 0.421875 0.625 0.0328125 0.0453125
89 0.4140625 0.571875 0.0515625 0.065625
89 0.3828125 0.709375 0.034375 0.0484375
89 0.390625 0.765625 0.0390625 0.046875
89 0.390625 0.6625 0.0296875 0.0421875
89 0.3375 0.7390625 0.05625 0.075
89 0.359375 0.6640625 0.0359375 0.046875
89 0.36875 0.621875 0.04375 0.0625
89 0.36875 0.559375 0.0359375 0.046875
89 0.36875 0.515625 0.0296875 0.0421875
89 0.41875 0.5 0.0546875 0.0734375
89 0.4359375 0.4375 0.040625 0.0578125
89 0.39375 0.45625 0.0265625 0.0359375
89 0.465625 0.4171875 0.021875 0.034375
89 0.4765625 0.3765625 0.0265625 0.0359375
89 0.5 0.3515625 0.034375 0.0453125
89 0.4015625 0.409375 0.028125 0.0421875
89 0.434375 0.36875 0.0578125 0.0859375
89 0.4625 0.3296875 0.0421875 0.05625
89 0.496875 0.303125 0.0328125 0.04375
89 0.4578125 0.271875 0.040625 0.0546875
89 0.496875 0.2546875 0.0328125 0.046875
89 0.471875 0.2296875 0.0234375 0.0296875
89 0.490625 0.203125 0.03125 0.046875
89 0.4640625 0.2 0.0265625 0.0375
89 0.4859375 0.146875 0.053125 0.075
89 0.509375 0.06875 0.0421875 0.059375
89 0.515625 0.025 0.028125 0.040625
89 0.484375 0.040625 0.025 0.034375
89 0.4203125 0.303125 0.046875 0.05625
89 0.4125 0.2625 0.0296875 0.0359375
89 0.4375 0.23125 0.0375 0.053125
89 0.43125 0.146875 0.0453125 0.059375
89 0.45 0.084375 0.05625 0.078125
89 0.271875 0.7625 0.040625 0.046875
89 0.30625 0.69375 0.0375 0.0515625
89 0.321875 0.6484375 0.03125 0.0453125
89 0.3125 0.6046875 0.03125 0.04375
89 0.34375 0.5890625 0.034375 0.046875
89 0.33125 0.553125 0.025 0.034375
89 0.3375 0.509375 0.0203125 0.0265625
89 0.325 0.521875 0.0390625 0.04375
89 0.3546875 0.465625 0.0484375 0.075
89 0.3734375 0.4125 0.03125 0.046875
89 0.315625 0.484375 0.028125 0.040625
89 0.3375 0.40625 0.028125 0.0390625
89 0.38125 0.353125 0.059375 0.08125
89 0.346875 0.346875 0.0390625 0.0625
89 0.365625 0.2875 0.0515625 0.075
89 0.36875 0.21875 0.0421875 0.05625
89 0.3046875 0.4234375 0.046875 0.0640625
89 0.3125 0.3703125 0.0390625 0.05
89 0.3953125 0.20625 0.0265625 0.040625
89 0.39375 0.1625 0.034375 0.0484375
89 0.359375 0.165625 0.0359375 0.0484375
89 0.3984375 0.1046875 0.034375 0.05
89 0.365625 0.1125 0.034375 0.046875
89 0.4 0.059375 0.03125 0.04375
89 0.365625 0.059375 0.0453125 0.071875
89 0.315625 0.3015625 0.0390625 0.046875
89 0.3328125 0.2546875 0.0359375 0.0515625
89 0.325 0.2140625 0.0234375 0.034375
89 0.303125 0.23125 0.0234375 0.0359375
89 0.30625 0.175 0.0390625 0.059375
89 0.3265625 0.121875 0.0359375 0.053125
89 0.3296875 0.0875 0.0390625 0.0515625
89 0.2265625 0.7375 0.046875 0.0703125
89 0.2625 0.6984375 0.040625 0.065625
89 0.275 0.65 0.0375 0.0515625
89 0.2546875 0.628125 0.0296875 0.0390625
89 0.271875 0.6 0.0359375 0.0484375
89 0.3 0.5703125 0.021875 0.03125
89 0.278125 0.5515625 0.0359375 0.05
89 0.26875 0.503125 0.028125 0.0453125
89 0.21875 0.6640625 0.046875 0.0703125
89 0.184375 0.7546875 0.03125 0.03125
89 0.1765625 0.709375 0.0484375 0.0640625
89 0.2125 0.6015625 0.0328125 0.0546875
89 0.2046875 0.553125 0.034375 0.04375
89 0.2203125 0.51875 0.065625 0.0828125
89 0.2265625 0.446875 0.0453125 0.0640625
89 0.2625 0.396875 0.0484375 0.0671875
89 0.275 0.334375 0.05 0.0609375
89 0.2765625 0.271875 0.04375 0.0625
89 0.278125 0.2265625 0.0265625 0.034375
89 0.24375 0.29375 0.0375 0.046875
89 0.25 0.24375 0.0359375 0.0515625
89 0.2625 0.1765625 0.0453125 0.059375
89 0.278125 0.115625 0.0515625 0.0703125
89 0.296875 0.0703125 0.0453125 0.0640625
89 0.1546875 0.725 0.0171875 0.0265625
89 0.1125 0.75 0.021875 0.03125
89 0.125 0.7125 0.0296875 0.040625
89 0.1609375 0.6703125 0.0203125 0.0328125
89 0.15 0.6953125 0.0171875 0.0265625
89 0.134375 0.671875 0.0203125 0.0265625
89 0.0953125 0.728125 0.021875 0.0359375
89 0.059375 0.7625 0.05625 0.0453125
89 0.034375 0.7375 0.0328125 0.046875
89 0.08125 0.703125 0.028125 0.0453125
89 0.0625 0.7 0.021875 0.0328125
89 0.0390625 0.678125 0.034375 0.05
89 0.04375 0.659375 0.028125 0.04375
89 0.103125 0.6625 0.0484375 0.0703125
89 0.1640625 0.61875 0.0578125 0.075
89 0.10625 0.6046875 0.034375 0.0515625
89 0.071875 0.6046875 0.0328125 0.046875
89 0.0484375 0.6375 0.028125 0.0375
89 0.0203125 0.6328125 0.0296875 0.0453125
89 0.034375 0.6078125 0.028125 0.0453125
89 0.05 0.565625 0.034375 0.0546875
89 0.134375 0.553125 0.0421875 0.0671875
89 0.175 0.503125 0.0390625 0.0578125
89 0.1484375 0.465625 0.021875 0.0296875
89 0.1171875 0.49375 0.0421875 0.053125
89 0.075 0.54375 0.0515625 0.0859375
89 0.18125 0.453125 0.046875 0.065625
89 0.153125 0.428125 0.0328125 0.05
89 0.1203125 0.440625 0.0375 0.05
89 0.1 0.45 0.028125 0.04375
89 0.0703125 0.4875 0.028125 0.0328125
89 0.0125 0.56796875 0.025 0.0640625
89 0.028125 0.525 0.0328125 0.053125
89 0.05 0.475 0.0390625 0.059375
89 0.05 0.4375 0.0359375 0.046875
89 0.184375 0.378125 0.065625 0.09375
89 0.1390625 0.384375 0.0375 0.0546875
89 0.103125 0.4 0.034375 0.0515625
89 0.0640625 0.415625 0.0421875 0.0546875
89 0.225 0.3375 0.0546875 0.0859375
89 0.2 0.3078125 0.034375 0.04375
89 0.16875 0.3328125 0.0421875 0.046875
89 0.121875 0.3625 0.028125 0.0328125
89 0.0375 0.38125 0.03125 0.0484375
89 0.0640625 0.3515625 0.0578125 0.08125
89 0.1546875 0.29375 0.0296875 0.04375
89 0.175 0.275 0.0375 0.0546875
89 0.2015625 0.2453125 0.040625 0.059375
89 0.103125 0.309375 0.0421875 0.05625
89 0.0171875 0.34375 0.034375 0.05625
89 0.0375 0.3 0.0390625 0.05625
89 0.071875 0.2875 0.034375 0.046875
89 0.1 0.25625 0.04375 0.05
89 0.175 0.2234375 0.0203125 0.0328125
89 0.134375 0.24375 0.0265625 0.034375
89 0.2203125 0.20625 0.0234375 0.0328125
89 0.234375 0.178125 0.021875 0.0328125
89 0.1734375 0.1953125 0.021875 0.028125
89 0.146875 0.21875 0.03125 0.0390625
89 0.215625 0.165625 0.021875 0.0328125
89 0.2375 0.1328125 0.0390625 0.0578125
89 0.021875 0.2546875 0.0296875 0.05
89 0.05625 0.2421875 0.0359375 0.0515625
89 0.128125 0.2015625 0.04375 0.05625
89 0.0796875 0.2125 0.0296875 0.0453125
89 0.040625 0.215625 0.0265625 0.0359375
89 0.146875 0.1484375 0.0578125 0.075
89 0.2125 0.0875 0.0375 0.0578125
89 0.19375 0.134375 0.0328125 0.0515625
89 0.175 0.096875 0.0359375 0.059375
89 0.075 0.159375 0.028125 0.0375
89 0.040625 0.165625 0.025 0.0390625
89 0.09375 0.128125 0.034375 0.0484375
89 0.10625 0.065625 0.053125 0.078125
89 0.046875 0.103125 0.0515625 0.071875
89 0.05625 0.04375 0.034375 0.046875
89 0.028125 0.015625 0.0234375 0.03125
89 0.834375 0.05 0.0453125 0.0625
