89 0.925 0.934375 0.1109375 0.1296875
89 0.80625 0.909375 0.1109375 0.134375
89 0.86875 0.78125 0.1109375 0.1296875
89 0.734375 0.7828125 0.1078125 0.146875
89 0.53125 0.675 0.0953125 0.1453125
89 0.45 0.6375 0.0734375 0.11875
89 0.3515625 0.675 0.021875 0.0421875
89 0.33125 0.628125 0.040625 0.065625
89 0.3515625 0.534375 0.0703125 0.140625
89 0.296875 0.653125 0.046875 0.0828125
89 0.290625 0.571875 0.040625 0.0703125
89 0.25625 0.628125 0.040625 0.0734375
89 0.284375 0.4984375 0.0640625 0.125
89 0.2578125 0.5140625 0.028125 0.053125
89 0.24375 0.471875 0.025 0.04375
89 0.2515625 0.44375 0.0390625 0.0734375
89 0.209375 0.6203125 0.025 0.046875
89 0.2171875 0.5484375 0.0703125 0.11875
89 0.2 0.465625 0.0296875 0.0609375
89 0.1859375 0.603125 0.0546875 0.0953125
89 0.1078125 0.6484375 0.0140625 0.0296875
89 0.1421875 0.54375 0.021875 0.040625
89 0.125 0.5703125 0.0359375 0.0703125
89 0.1515625 0.478125 0.05625 0.10625
89 0.1890625 0.40625 0.034375 0.0640625
89 0.146875 0.390625 0.028125 0.053125
89 0.090625 0.6 0.0359375 0.065625
89 0.1 0.55625 0.01875 0.0359375
89 0.0640625 0.6015625 0.0203125 0.0421875
89 0.08125 0.53125 0.0265625 0.065625
89 0.1171875 0.5109375 0.025 0.05
89 0.109375 0.490625 0.03125 0.0546875
89 0.109375 0.428125 0.046875 0.0765625
89 0.11875 0.36875 0.0328125 0.0609375
89 0.06875 0.5421875 0.028125 0.0671875
89 0.015625 0.596875 0.028125 0.059375
89 0.046875 0.48125 0.0265625 0.065625
89 0.0359375 0.4953125 0.0265625 0.0609375
89 0.0109375 0.4375 0.0203125 0.0484375
89 0.0125 0.54375 0.025 0.0515625
