89 0.21875 0.5078125 0.0203125 0.059375
89 0.196875 0.478125 0.01875 0.0703125
89 0.278125 0.5265625 0.0234375 0.075
89 0.31875 0.5515625 0.021875 0.0703125
89 0.296875 0.5 0.01875 0.0625
89 0.38125 0.5796875 0.0203125 0.0671875
89 0.409375 0.584375 0.0171875 0.0640625
89 0.440625 0.56875 0.0234375 0.0796875
89 0.3484375 0.55 0.04375 0.125
89 0.478125 0.55625 0.034375 0.1140625
89 0.53125 0.571875 0.0515625 0.1484375
89 0.496875 0.446875 0.040625 0.121875
89 0.453125 0.4 0.0390625 0.109375
89 0.425 0.471875 0.03125 0.0984375
89 0.396875 0.5 0.028125 0.1
89 0.3625 0.4609375 0.0296875 0.0921875
89 0.31875 0.471875 0.028125 0.0765625
