89 0.921875 0.809375 0.1234375 0.1
89 0.759375 0.853125 0.184375 0.1203125
89 0.60625 0.821875 0.1328125 0.1046875
89 0.4703125 0.8203125 0.128125 0.1015625
89 0.3390625 0.8625 0.1453125 0.1046875
89 0.1875 0.8 0.1671875 0.13125
89 0.390625 0.74375 0.1359375 0.0953125
89 0.55 0.71875 0.146875 0.1078125
89 0.7140625 0.746875 0.1375 0.0953125
89 0.815625 0.703125 0.0859375 0.0671875
89 0.74375 0.6328125 0.153125 0.125
89 0.6 0.6125 0.1453125 0.1203125
89 0.44375 0.640625 0.1453125 0.1140625
89 0.2734375 0.675 0.1640625 0.1265625
89 0.1328125 0.6515625 0.128125 0.0921875
89 0.90625 0.590625 0.1625 0.1328125
89 0.6953125 0.521875 0.13125 0.1015625
89 0.840625 0.478125 0.1453125 0.109375
89 0.50625 0.54375 0.090625 0.0640625
89 0.371875 0.5296875 0.165625 0.134375
89 0.203125 0.55625 0.1671875 0.1171875
89 0.60625 0.45625 0.1203125 0.0828125
89 0.4734375 0.4328125 0.128125 0.1015625
89 0.728125 0.403125 0.1546875 0.1171875
89 0.303125 0.384375 0.153125 0.1140625
89 0.1953125 0.4515625 0.128125 0.0828125
89 0.0859375 0.38125 0.153125 0.1046875
89 0.8890625 0.3609375 0.1515625 0.1140625
89 0.79375 0.2546875 0.175 0.14375
89 0.5765625 0.3078125 0.2703125 0.20625
89 0.3578125 0.221875 0.1953125 0.1453125
89 0.19375 0.26875 0.1765625 0.1515625
89 0.928125 0.1546875 0.1421875 0.125
89 0.815625 0.059375 0.1375 0.1125
89 0.678125 0.1390625 0.196875 0.1546875
89 0.465625 0.096875 0.2 0.1578125
89 0.215625 0.0890625 0.25 0.178125
