89 0.9640625 0.7640625 0.0703125 0.06875
89 0.859375 0.79375 0.0515625 0.05
89 0.896875 0.721875 0.06875 0.0734375
89 0.915625 0.65625 0.0578125 0.059375
89 0.853125 0.7 0.0546875 0.0609375
89 0.80625 0.728125 0.0578125 0.059375
89 0.759375 0.7515625 0.05 0.046875
89 0.75 0.8046875 0.0515625 0.046875
89 0.784375 0.69375 0.053125 0.0625
89 0.7375 0.71875 0.04375 0.0453125
89 0.71875 0.671875 0.0421875 0.05
89 0.746875 0.6234375 0.046875 0.059375
89 0.8578125 0.628125 0.0484375 0.053125
89 0.896875 0.56875 0.0734375 0.08125
89 0.80625 0.5953125 0.065625 0.0765625
89 0.8734375 0.4671875 0.0609375 0.0703125
89 0.8125 0.49375 0.0546875 0.0734375
89 0.8453125 0.403125 0.05625 0.071875
89 0.7921875 0.4203125 0.0515625 0.071875
89 0.7421875 0.5453125 0.05625 0.075
89 0.746875 0.478125 0.046875 0.05625
89 0.703125 0.778125 0.0453125 0.05
89 0.653125 0.78125 0.053125 0.059375
89 0.59375 0.8015625 0.046875 0.04375
89 0.5890625 0.753125 0.0515625 0.0609375
89 0.65625 0.6875 0.0734375 0.084375
89 0.5875 0.6921875 0.0578125 0.059375
89 0.6171875 0.634375 0.071875 0.0875
89 0.7 0.509375 0.0515625 0.0640625
89 0.7046875 0.43125 0.0546875 0.075
89 0.65 0.46875 0.046875 0.065625
89 0.59375 0.553125 0.0484375 0.0578125
89 0.590625 0.484375 0.0671875 0.0921875
89 0.6125 0.403125 0.059375 0.08125
89 0.521875 0.7328125 0.0484375 0.0546875
89 0.521875 0.678125 0.0484375 0.0578125
89 0.546875 0.60625 0.0625 0.075
89 0.471875 0.7625 0.0390625 0.04375
89 0.453125 0.703125 0.0453125 0.0515625
89 0.48125 0.6203125 0.0640625 0.0734375
89 0.515625 0.534375 0.0671875 0.084375
89 0.534375 0.4265625 0.059375 0.0765625
89 0.421875 0.7671875 0.0578125 0.0734375
89 0.4109375 0.70625 0.0390625 0.0515625
89 0.4375 0.63125 0.0390625 0.0578125
89 0.453125 0.5546875 0.0640625 0.0796875
89 0.475 0.459375 0.05625 0.0796875
89 0.48125 0.371875 0.0640625 0.0828125
89 0.371875 0.7375 0.034375 0.0484375
89 0.375 0.671875 0.05 0.059375
89 0.396875 0.6046875 0.0546875 0.065625
89 0.415625 0.471875 0.0578125 0.0828125
89 0.43125 0.4125 0.046875 0.0546875
89 0.434375 0.3203125 0.05625 0.0703125
89 0.3859375 0.415625 0.04375 0.0609375
89 0.3765625 0.3515625 0.0515625 0.071875
89 0.315625 0.753125 0.04375 0.059375
89 0.3359375 0.7 0.0390625 0.0515625
89 0.34375 0.609375 0.05625 0.0703125
89 0.3578125 0.5390625 0.0625 0.084375
89 0.3546875 0.465625 0.0546875 0.06875
89 0.384375 0.253125 0.053125 0.0796875
89 0.328125 0.359375 0.04375 0.0609375
89 0.3203125 0.278125 0.0578125 0.075
89 0.2953125 0.346875 0.04375 0.0578125
89 0.2984375 0.41875 0.046875 0.0609375
89 0.296875 0.55625 0.0578125 0.0828125
89 0.275 0.76875 0.0390625 0.046875
89 0.2890625 0.703125 0.040625 0.0515625
89 0.3 0.65 0.046875 0.06875
89 0.25625 0.721875 0.034375 0.0515625
89 0.215625 0.7625 0.0328125 0.04375
89 0.1796875 0.784375 0.0328125 0.040625
89 0.196875 0.7234375 0.0296875 0.0390625
89 0.2125 0.6828125 0.040625 0.046875
89 0.253125 0.6578125 0.04375 0.075
89 0.2625 0.596875 0.040625 0.059375
89 0.2140625 0.6375 0.040625 0.0546875
89 0.146875 0.75 0.0390625 0.05
89 0.121875 0.70625 0.0453125 0.05
89 0.09375 0.740625 0.0328125 0.0390625
89 0.15625 0.6875 0.0359375 0.0484375
89 0.175 0.653125 0.040625 0.0515625
89 0.128125 0.65 0.03125 0.04375
89 0.16875 0.6 0.0453125 0.05625
89 0.146875 0.603125 0.04375 0.059375
89 0.209375 0.553125 0.0671875 0.0828125
89 0.2546875 0.4953125 0.046875 0.0765625
89 0.2125 0.459375 0.0546875 0.0703125
89 0.2375 0.4234375 0.0484375 0.0703125
89 0.05 0.709375 0.0515625 0.0671875
89 0.0796875 0.65625 0.05 0.065625
89 0.025 0.65625 0.0359375 0.05
89 0.03125 0.63125 0.04375 0.0578125
89 0.0734375 0.58125 0.034375 0.0515625
89 0.03125 0.56875 0.0375 0.0515625
89 0.096875 0.58125 0.0375 0.0546875
89 0.1359375 0.5484375 0.0484375 0.06875
89 0.0796875 0.515625 0.0421875 0.059375
89 0.1125 0.4859375 0.046875 0.0625
89 0.134375 0.4328125 0.04375 0.059375
89 0.03125 0.4625 0.0609375 0.0828125
89 0.18125 0.3921875 0.0453125 0.065625
89 0.215625 0.35625 0.0484375 0.065625
89 0.234375 0.284375 0.0515625 0.075
89 0.2515625 0.259375 0.0484375 0.071875
89 0.175 0.31875 0.046875 0.059375
89 0.13125 0.334375 0.05 0.075
89 0.103125 0.3875 0.04375 0.0671875
89 0.05 0.39375 0.0515625 0.08125
89 0.06875 0.3390625 0.0484375 0.0625
89 0.0953125 0.2796875 0.0515625 0.078125
89 0.153125 0.2484375 0.0546875 0.0859375
89 0.2125 0.196875 0.05625 0.0828125
