89 0.9640625 0.39375 0.071875 0.0875
89 0.903125 0.640625 0.065625 0.078125
89 0.9 0.5546875 0.040625 0.046875
89 0.86875 0.6765625 0.0875 0.1125
89 0.753125 0.703125 0.1171875 0.13125
89 0.6609375 0.7546875 0.1 0.1171875
89 0.440625 0.740625 0.13125 0.1328125
89 0.6125 0.6453125 0.1375 0.109375
89 0.8484375 0.5515625 0.096875 0.125
89 0.6921875 0.5546875 0.0875 0.0953125
89 0.725 0.446875 0.1109375 0.10625
89 0.8625 0.4140625 0.059375 0.0859375
89 0.790625 0.3875 0.0953125 0.1
89 0.83125 0.30625 0.084375 0.1015625
