246 0.5421875 0.25 0.0625 0.0515625
246 0.703125 0.25 0.071875 0.0515625
246 0.765625 0.25 0.0625 0.0515625
246 0.703125 0.328125 0.0625 0.0625
246 0.7703125 0.3328125 0.071875 0.0515625
246 0.53125 0.3328125 0.071875 0.0625
246 0.4421875 0.3390625 0.071875 0.0515625
246 0.6046875 0.3390625 0.0625 0.0515625
246 0.3703125 0.3390625 0.071875 0.0625
246 0.4421875 0.421875 0.071875 0.0625
246 0.7078125 0.421875 0.0625 0.0515625
246 0.765625 0.421875 0.0625 0.0625
246 0.3640625 0.4265625 0.0828125 0.0625
246 0.6140625 0.4265625 0.071875 0.0515625
246 0.5421875 0.4328125 0.09375 0.0515625
246 0.4421875 0.5109375 0.071875 0.0625
246 0.6203125 0.5109375 0.0625 0.0625
246 0.7609375 0.5109375 0.09375 0.0625
246 0.6984375 0.5109375 0.0515625 0.0625
246 0.3640625 0.515625 0.0828125 0.0625
246 0.5421875 0.515625 0.09375 0.0625
246 0.7703125 0.59375 0.09375 0.0625
246 0.546875 0.59375 0.09375 0.0625
246 0.4421875 0.5984375 0.071875 0.0625
246 0.703125 0.5984375 0.0625 0.0625
246 0.3796875 0.5984375 0.071875 0.0625
246 0.6140625 0.5984375 0.0625 0.0515625
246 0.4421875 0.6828125 0.0625 0.0625
246 0.7765625 0.6828125 0.0625 0.0625
246 0.7078125 0.6828125 0.071875 0.0625
246 0.3703125 0.6875 0.0828125 0.071875
246 0.7140625 0.0671875 0.0625 0.0515625
246 0.5421875 0.6875 0.071875 0.071875
246 0.609375 0.6875 0.0625 0.0625
246 0.7765625 0.0734375 0.0625 0.040625
246 0.6046875 0.0734375 0.0625 0.03125
246 0.3796875 0.078125 0.0625 0.03125
246 0.5359375 0.078125 0.0515625 0.03125
246 0.7765625 0.7703125 0.071875 0.071875
246 0.4484375 0.078125 0.071875 0.03125
246 0.3640625 0.7765625 0.071875 0.071875
246 0.7140625 0.7765625 0.071875 0.071875
246 0.4421875 0.7765625 0.0828125 0.071875
246 0.5421875 0.7765625 0.0828125 0.0625
246 0.609375 0.78125 0.071875 0.071875
246 0.78125 0.8640625 0.071875 0.071875
246 0.71875 0.8640625 0.0828125 0.071875
246 0.6140625 0.8703125 0.0625 0.071875
246 0.4375 0.8703125 0.071875 0.071875
246 0.375 0.8703125 0.0625 0.071875
246 0.5421875 0.8703125 0.09375 0.071875
246 0.703125 0.15625 0.0625 0.0515625
246 0.765625 0.1609375 0.0515625 0.0515625
246 0.375 0.1609375 0.0828125 0.0515625
246 0.6046875 0.1609375 0.0625 0.0515625
246 0.4421875 0.1609375 0.071875 0.0515625
246 0.5359375 0.1609375 0.0625 0.040625
246 0.6046875 0.2453125 0.071875 0.0625
246 0.4421875 0.2453125 0.0828125 0.0625
246 0.3640625 0.25 0.071875 0.0625