89 0.9 0.65 0.075 0.1125
89 0.68125 0.7171875 0.065625 0.0984375
89 0.590625 0.75 0.0390625 0.0453125
89 0.509375 0.7171875 0.03125 0.046875
89 0.665625 0.590625 0.015625 0.01875
89 0.5046875 0.625 0.0359375 0.0234375
89 0.43125 0.6921875 0.0375 0.0921875
89 0.434375 0.625 0.0375 0.0640625
89 0.51875 0.503125 0.040625 0.0875
89 0.396875 0.5953125 0.025 0.0515625
89 0.36875 0.553125 0.0390625 0.0796875
89 0.325 0.5578125 0.0390625 0.1015625
89 0.315625 0.465625 0.0703125 0.103125
89 0.275 0.425 0.025 0.0625
89 0.2625 0.3765625 0.0265625 0.05
89 0.265625 0.51875 0.065625 0.13125
89 0.221875 0.43125 0.025 0.1109375
89 0.19375 0.35 0.01875 0.0375
89 0.153125 0.51875 0.0359375 0.096875
89 0.084375 0.478125 0.03125 0.121875
89 0.3921875 0.45625 0.0203125 0.0328125
