89 0.596875 0.834375 0.109375 0.146875
89 0.76875 0.653125 0.4296875 0.4140625
89 0.559375 0.76875 0.059375 0.0765625
89 0.490625 0.728125 0.0578125 0.0953125
89 0.403125 0.69375 0.0453125 0.078125
89 0.38125 0.6484375 0.0359375 0.059375
89 0.4265625 0.5625 0.1203125 0.1484375
89 0.615625 0.4375 0.1609375 0.1875
89 0.378125 0.4796875 0.0640625 0.1234375
89 0.2828125 0.596875 0.0421875 0.09375
89 0.25625 0.59375 0.0359375 0.0765625
89 0.30625 0.496875 0.046875 0.1359375
89 0.265625 0.509375 0.028125 0.084375
89 0.39375 0.2421875 0.109375 0.240625
89 0.2359375 0.50625 0.0265625 0.0578125
89 0.24375 0.45625 0.0375 0.071875
89 0.496875 0.1671875 0.1796875 0.334375
89 0.275 0.428125 0.05 0.08125
89 0.2671875 0.371875 0.0625 0.1109375
89 0.3078125 0.3453125 0.1046875 0.196875
