89 0.815625 0.796875 0.1546875 0.2640625
89 0.640625 0.7640625 0.1953125 0.278125
89 0.4875 0.834375 0.128125 0.1953125
89 0.365625 0.7375 0.10625 0.14375
89 0.2265625 0.84375 0.2046875 0.28125
89 0.4484375 0.653125 0.11875 0.146875
89 0.309375 0.628125 0.1015625 0.1359375
89 0.6 0.540625 0.1078125 0.1609375
89 0.1875 0.58125 0.0984375 0.128125
89 0.353125 0.490625 0.1796875 0.2046875
89 0.85625 0.6140625 0.0765625 0.1296875
89 0.71875 0.6 0.1015625 0.18125
89 0.6390625 0.45625 0.0671875 0.1078125
89 0.7609375 0.4671875 0.1234375 0.2265625
89 0.5109375 0.39375 0.171875 0.2515625
89 0.6921875 0.315625 0.0859375 0.1578125
89 0.303125 0.284375 0.2453125 0.221875
89 0.7765625 0.271875 0.0984375 0.2125
89 0.6671875 0.13125 0.1296875 0.2109375
89 0.5015625 0.146875 0.196875 0.2453125
89 0.753125 0.10625 0.0625 0.0984375
89 0.29609375 0.075 0.1390625 0.15
89 0.196875 0.434375 0.1140625 0.153125
