89 0.859375 0.6 0.059375 0.1
89 0.925 0.675 0.08125 0.0953125
89 0.896875 0.38125 0.115625 0.203125
89 0.821875 0.496875 0.128125 0.190625
89 0.6875 0.525 0.1328125 0.215625
89 0.740625 0.35 0.1 0.1765625
89 0.6046875 0.396875 0.11875 0.18125
89 0.54375 0.50625 0.0578125 0.1171875
89 0.675 0.290625 0.059375 0.121875
89 0.778125 0.21875 0.065625 0.10625
89 0.5578125 0.265625 0.090625 0.190625
89 0.4953125 0.38125 0.0703125 0.159375
89 0.475 0.528125 0.05625 0.1265625
89 0.4375 0.534375 0.034375 0.0828125
89 0.3765625 0.53125 0.0625 0.1328125
89 0.4296875 0.4515625 0.04375 0.1
89 0.425 0.325 0.0484375 0.103125
89 0.3453125 0.51875 0.0234375 0.075
89 0.3375 0.4484375 0.0328125 0.0796875
89 0.3 0.5 0.04375 0.10625
89 0.2609375 0.434375 0.03125 0.0796875
89 0.225 0.4984375 0.040625 0.103125
89 0.36875 0.375 0.046875 0.1234375
89 0.359375 0.25625 0.0359375 0.1015625
89 0.496875 0.140625 0.071875 0.1625
89 0.409375 0.1953125 0.06875 0.1203125
89 0.3703125 0.15 0.0359375 0.0765625
89 0.284375 0.35625 0.0453125 0.096875
89 0.31875 0.290625 0.0359375 0.040625
89 0.2734375 0.3921875 0.0484375 0.1328125
89 0.26875 0.2765625 0.0390625 0.078125
89 0.271875 0.2140625 0.0421875 0.13125
89 0.2375 0.315625 0.034375 0.1578125
89 0.221875 0.340625 0.0234375 0.0984375
89 0.21875 0.3765625 0.028125 0.0671875
89 0.240625 0.165625 0.0515625 0.134375
89 0.203125 0.46875 0.028125 0.05
89 0.178125 0.509375 0.0265625 0.0609375
89 0.1703125 0.440625 0.025 0.0734375
89 0.115625 0.4765625 0.0109375 0.05
89 0.096875 0.4875 0.015625 0.0453125
89 0.08125 0.4359375 0.0171875 0.0484375
89 0.0875 0.4765625 0.0171875 0.0421875
89 0.0703125 0.465625 0.0109375 0.04375
89 0.009375 0.4125 0.0109375 0.071875
