89 0.85625 0.46875 0.03125 0.0890625
89 0.834375 0.5 0.0109375 0.065625
89 0.8328125 0.415625 0.0296875 0.1
89 0.853125 0.225 0.0359375 0.153125
89 0.809375 0.175 0.0546875 0.209375
89 0.740625 0.51875 0.040625 0.1296875
89 0.746875 0.40625 0.0234375 0.0828125
89 0.7171875 0.4859375 0.028125 0.1046875
89 0.725 0.365625 0.0484375 0.1578125
89 0.675 0.5703125 0.0890625 0.18125
89 0.6734375 0.3 0.0359375 0.103125
89 0.66875 0.409375 0.0390625 0.103125
89 0.646875 0.4484375 0.0359375 0.1015625
89 0.61875 0.3375 0.046875 0.1265625
89 0.6625 0.1625 0.0546875 0.1625
89 0.5890625 0.659375 0.0421875 0.109375
89 0.571875 0.4859375 0.059375 0.1578125
89 0.5765625 0.3140625 0.046875 0.115625
89 0.5125 0.55 0.0484375 0.115625
89 0.5203125 0.390625 0.0671875 0.15625
89 0.5 0.671875 0.0390625 0.1265625
89 0.5015625 0.1953125 0.06875 0.1640625
89 0.4484375 0.690625 0.084375 0.196875
89 0.45625 0.4859375 0.090625 0.1859375
89 0.4671875 0.2984375 0.0828125 0.196875
89 0.375 0.421875 0.0859375 0.1703125
89 0.2875 0.834375 0.1171875 0.234375
89 0.3203125 0.609375 0.1015625 0.2203125
89 0.253125 0.5875 0.075 0.165625
89 0.2640625 0.375 0.1125 0.2234375
89 0.084375 0.3578125 0.025 0.0390625
89 0.075 0.853125 0.06875 0.1359375
89 0.13125 0.66875 0.125 0.2234375
89 0.203125 0.5046875 0.1 0.1828125
