89 0.95625 0.790625 0.0625 0.0890625
89 0.85 0.80625 0.059375 0.0859375
89 0.934375 0.6984375 0.0578125 0.1140625
89 0.9296875 0.5890625 0.0734375 0.1421875
89 0.88125 0.7125 0.0765625 0.1484375
89 0.803125 0.8375 0.0796875 0.1296875
89 0.909375 0.4734375 0.059375 0.1046875
89 0.846875 0.4875 0.0765625 0.1296875
89 0.8484375 0.35625 0.0734375 0.1359375
89 0.809375 0.6125 0.075 0.146875
89 0.7796875 0.7546875 0.08125 0.1421875
89 0.71875 0.8828125 0.078125 0.13125
89 0.6125 0.896875 0.1109375 0.15
89 0.490625 0.925 0.1140625 0.1390625
89 0.66875 0.75 0.09375 0.1484375
89 0.7375 0.6296875 0.08125 0.140625
89 0.759375 0.475 0.0953125 0.175
89 0.45 0.746875 0.140625 0.2109375
89 0.5625 0.653125 0.1171875 0.1796875
89 0.6296875 0.540625 0.0828125 0.1359375
89 0.625 0.4078125 0.08125 0.1234375
89 0.1625 0.834375 0.1296875 0.153125
89 0.246875 0.6921875 0.1265625 0.16875
89 0.35 0.6 0.1234375 0.15625
89 0.4578125 0.525 0.1125 0.1578125
89 0.5109375 0.409375 0.096875 0.13125
