89 0.8578125 0.609375 0.059375 0.1296875
89 0.7734375 0.7140625 0.0921875 0.15625
89 0.66875 0.784375 0.0890625 0.146875
89 0.609375 0.88125 0.0734375 0.11875
89 0.4984375 0.840625 0.109375 0.184375
89 0.8703125 0.503125 0.053125 0.0953125
89 0.840625 0.4859375 0.0484375 0.103125
89 0.9265625 0.3953125 0.0515625 0.109375
89 0.8421875 0.390625 0.040625 0.08125
89 0.778125 0.44375 0.0515625 0.10625
89 0.7375 0.55625 0.0734375 0.11875
89 0.665625 0.625 0.0640625 0.10625
89 0.6375 0.690625 0.0609375 0.1109375
89 0.6328125 0.565625 0.0609375 0.09375
89 0.684375 0.484375 0.065625 0.115625
89 0.79375 0.33125 0.0671875 0.109375
89 0.703125 0.38125 0.0515625 0.0890625
89 0.671875 0.315625 0.065625 0.1015625
89 0.6015625 0.4125 0.08125 0.11875
89 0.5375 0.75 0.0703125 0.0984375
89 0.5375 0.671875 0.096875 0.1359375
89 0.4140625 0.715625 0.1046875 0.14375
89 0.3375 0.803125 0.0859375 0.1125
89 0.303125 0.7234375 0.0953125 0.1203125
89 0.175 0.8125 0.1859375 0.2109375
89 0.45 0.5953125 0.06875 0.09375
89 0.54375 0.4984375 0.0546875 0.0953125
89 0.4921875 0.503125 0.0875 0.121875
89 0.5390625 0.346875 0.121875 0.1734375
89 0.5765625 0.2484375 0.065625 0.0953125
89 0.3375 0.571875 0.078125 0.10625
89 0.20625 0.646875 0.096875 0.1203125
89 0.25625 0.3828125 0.0296875 0.0421875
89 0.2171875 0.353125 0.0390625 0.053125
89 0.1625 0.39375 0.0515625 0.0546875
89 0.175 0.340625 0.05625 0.0546875
89 0.125 0.48125 0.0484375 0.05625
89 0.090625 0.446875 0.046875 0.0484375
89 0.0515625 0.484375 0.053125 0.0609375
89 0.021875 0.5328125 0.040625 0.0484375
89 0.0578125 0.415625 0.046875 0.05625
89 0.078125 0.3625 0.05 0.059375
89 0.078125 0.309375 0.040625 0.0578125
