89 0.728125 0.65 0.025 0.0546875
89 0.7140625 0.6546875 0.0359375 0.0671875
89 0.68125 0.653125 0.0484375 0.078125
89 0.640625 0.634375 0.04375 0.0734375
89 0.746875 0.609375 0.0265625 0.0515625
89 0.7375 0.5390625 0.0203125 0.0421875
89 0.775 0.553125 0.0328125 0.0578125
89 0.671875 0.490625 0.0390625 0.05625
89 0.59375 0.578125 0.04375 0.0828125
89 0.5765625 0.540625 0.0265625 0.05
89 0.584375 0.5015625 0.0390625 0.0640625
89 0.6390625 0.5046875 0.0234375 0.0359375
89 0.6203125 0.4625 0.04375 0.0484375
89 0.78125 0.46875 0.04375 0.0796875
89 0.76875 0.3984375 0.04375 0.0640625
89 0.70625 0.421875 0.0171875 0.0453125
89 0.63125 0.4234375 0.0328125 0.0453125
89 0.61875 0.375 0.04375 0.0765625
89 0.5578125 0.409375 0.0515625 0.084375
89 0.553125 0.359375 0.0234375 0.03125
