99 0.4 0.546875 0.18203125 0.23984375
99 0.6203125 0.421875 0.2046875 0.21796875
99 0.61328125 0.13984375 0.16015625 0.10703125
99 0.353125 0.3421875 0.23984375 0.15078125
99 0.3578125 0.20234375 0.09765625 0.10234375
99 0.89296875 0.478125 0.1640625 0.1953125
99 0.88203125 0.0796875 0.1734375 0.10703125
99 0.52890625 0.7359375 0.20859375 0.29296875
99 0.76640625 0.74921875 0.1421875 0.16875
99 0.13125 0.2359375 0.0796875 0.053125
99 0.11796875 0.34921875 0.09765625 0.115625
99 0.1796875 0.4640625 0.084375 0.09765625
