223 0.796875 0.4546875 0.04375 0.2625
223 0.7078125 0.315625 0.028125 0.078125
223 0.6375 0.546875 0.10625 0.0609375
223 0.3265625 0.3109375 0.0640625 0.1484375
223 0.409375 0.5046875 0.1875 0.0234375
223 0.409375 0.55 0.184375 0.0453125
223 0.409375 0.6015625 0.190625 0.046875
223 0.896875 0.703125 0.2046875 0.0859375
223 0.5734375 0.30625 0.065625 0.1296875
223 0.68125 0.240625 0.0640625 0.040625
223 0.740625 0.2328125 0.075 0.05
223 0.7375 0.5625 0.071875 0.04375
223 0.7453125 0.6078125 0.075 0.0484375
223 0.7375 0.653125 0.071875 0.05625
223 0.7375 0.70625 0.0640625 0.0609375
223 0.5328125 0.546875 0.0515625 0.1234375
223 0.4015625 0.2875 0.0859375 0.11875
223 0.49375 0.2890625 0.090625 0.1078125
