124 0.4921875 0.6390625 0.0328125 0.028125
124 0.50625 0.7671875 0.053125 0.0421875
124 0.521875 0.6484375 0.0390625 0.0421875
124 0.534375 0.6625 0.0375 0.0265625
124 0.5640625 0.78125 0.034375 0.025
124 0.621875 0.6234375 0.0390625 0.0546875
124 0.6375 0.7484375 0.0390625 0.0421875
124 0.6359375 0.8171875 0.03125 0.0265625
124 0.653125 0.621875 0.028125 0.0265625
124 0.65625 0.68125 0.03125 0.028125
124 0.66875 0.7515625 0.0375 0.0203125
124 0.671875 0.6296875 0.0265625 0.0421875
124 0.684375 0.6734375 0.03125 0.0375
