223 0.85625 0.5875 0.0328125 0.490625
223 0.8421875 0.571875 0.034375 0.4390625
223 0.91875 0.2390625 0.025 0.0875
223 0.9 0.2484375 0.0171875 0.0890625
223 0.809375 0.3609375 0.009375 0.059375
223 0.8 0.359375 0.0171875 0.0515625
223 0.7140625 0.3703125 0.0125 0.05625
223 0.66875 0.375 0.01875 0.0484375
223 0.6015625 0.3703125 0.0109375 0.04375
223 0.5890625 0.3734375 0.0125 0.05
223 0.521875 0.3734375 0.0203125 0.046875
223 0.78125 0.6734375 0.015625 0.05625
223 0.7515625 0.6453125 0.0125 0.05
223 0.74375 0.640625 0.0125 0.0453125
223 0.4140625 0.6890625 0.0171875 0.0546875
223 0.41875 0.684375 0.015625 0.05625
223 0.4375 0.6328125 0.0125 0.046875
223 0.4421875 0.61875 0.015625 0.0390625
223 0.4921875 0.328125 0.0796875 0.1609375
223 0.5609375 0.3296875 0.059375 0.159375
223 0.625 0.325 0.0640625 0.1546875
223 0.675 0.325 0.040625 0.15625
223 0.73125 0.3203125 0.0796875 0.15
223 0.7875 0.3140625 0.040625 0.15625
223 0.828125 0.2734375 0.0484375 0.13125
223 0.8875 0.2421875 0.0828125 0.1421875
223 0.9578125 0.2359375 0.0828125 0.1109375
223 0.3671875 0.69375 0.040625 0.075
223 0.5984375 0.5875 0.121875 0.028125
223 0.6765625 0.5796875 0.00625 0.05
223 0.7546875 0.590625 0.028125 0.028125
223 0.8 0.6265625 0.028125 0.0171875
223 0.521875 0.60625 0.009375 0.04375
223 0.4875 0.565625 0.040625 0.0171875
223 0.4390625 0.578125 0.0171875 0.0203125
223 0.4890625 0.6359375 0.0734375 0.1140625
223 0.4828125 0.5625 0.071875 0.0171875
223 0.684375 0.6171875 0.0296875 0.1296875
223 0.7296875 0.6453125 0.0328125 0.109375
223 0.7546875 0.6765625 0.028125 0.1265625
223 0.7828125 0.7 0.040625 0.1125
