223 0.296875 0.3625 0.1640625 0.1046875
223 0.465625 0.353125 0.1515625 0.1015625
223 0.6234375 0.346875 0.1484375 0.0984375
223 0.7640625 0.340625 0.1328125 0.096875
223 0.7296875 0.528125 0.1765625 0.259375
223 0.5359375 0.54375 0.190625 0.26875
223 0.328125 0.5625 0.2046875 0.278125
223 0.328125 0.5703125 0.0453125 0.0171875
223 0.625 0.3484375 0.0296875 0.01875
223 0.734375 0.5375 0.0609375 0.021875
223 0.296875 0.35 0.071875 0.0359375
223 0.54375 0.54375 0.0640625 0.0328125
223 0.76875 0.334375 0.0609375 0.025
223 0.46875 0.346875 0.0671875 0.0328125