99 0.6265625 0.384375 0.0875 0.065625
99 0.6859375 0.49609375 0.071875 0.08515625
99 0.3609375 0.51171875 0.134375 0.06171875
99 0.278125 0.6140625 0.07734375 0.05
99 0.54140625 0.5640625 0.103125 0.07734375
99 0.54609375 0.68515625 0.09296875 0.08515625
99 0.428125 0.74296875 0.10859375 0.0734375
99 0.34765625 0.90546875 0.134375 0.096875
99 0.321875 0.778125 0.09765625 0.07734375
99 0.2703125 0.77421875 0.134375 0.065625
99 0.54609375 0.925 0.11328125 0.1078125
99 0.809375 0.77421875 0.11875 0.09296875
99 0.7265625 0.99453125 0.01015625 0.00390625
99 0.45390625 0.65234375 0.07734375 0.06953125
99 0.63671875 0.61796875 0.103125 0.1
99 0.80703125 0.97109375 0.11328125 0.0578125
99 0.68046875 0.93828125 0.0875 0.09296875
