223 0.4640625 0.63125 0.046875 0.0234375
223 0.465625 0.6890625 0.0515625 0.01875
223 0.46875 0.75625 0.0484375 0.0234375
223 0.6078125 0.7 0.0171875 0.015625
223 0.63125 0.703125 0.0203125 0.0171875
223 0.7765625 0.7515625 0.04375 0.0203125
223 0.940625 0.634375 0.0515625 0.03125
223 0.778125 0.684375 0.0328125 0.0171875
223 0.7703125 0.8234375 0.04375 0.01875
223 0.228125 0.5875 0.0375 0.0171875
223 0.23125 0.6359375 0.0296875 0.015625
223 0.2359375 0.6984375 0.025 0.0171875
223 0.2265625 0.58125 0.0609375 0.040625
223 0.2359375 0.6390625 0.065625 0.0625
223 0.2390625 0.7 0.0625 0.05625
223 0.321875 0.640625 0.0171875 0.025
223 0.3390625 0.6484375 0.015625 0.01875
223 0.3046875 0.6796875 0.0625 0.1171875
223 0.3671875 0.6984375 0.071875 0.1359375
223 0.465625 0.6265625 0.1140625 0.05625
223 0.4703125 0.684375 0.1140625 0.0640625
223 0.46875 0.75625 0.115625 0.059375
223 0.575 0.746875 0.0828125 0.146875
223 0.665625 0.759375 0.0859375 0.14375
223 0.78125 0.6859375 0.0953125 0.053125
223 0.7734375 0.7453125 0.1015625 0.065625
223 0.7734375 0.809375 0.090625 0.046875