182 0.4390625 0.1015625 0.0234375 0.03125
182 0.5328125 0.1046875 0.03671875 0.065625
182 0.3328125 0.1375 0.02734375 0.05078125
182 0.4703125 0.1328125 0.02734375 0.06953125
182 0.58125 0.15 0.04375 0.071875
182 0.2921875 0.18125 0.0390625 0.07421875
182 0.509375 0.184375 0.04609375 0.084375
182 0.40625 0.2 0.0484375 0.096875
182 0.5984375 0.1890625 0.05 0.075
182 0.45625 0.2109375 0.04140625 0.090625
182 0.5 0.25 0.04765625 0.10078125
182 0.253125 0.2734375 0.0484375 0.0984375
182 0.55 0.33125 0.07578125 0.14765625
182 0.215625 0.36875 0.0828125 0.13671875
182 0.6640625 0.3453125 0.08125 0.1734375
182 0.4 0.3859375 0.078125 0.15234375
182 0.4875 0.425 0.078125 0.18046875
182 0.61875 0.4640625 0.1015625 0.19765625
182 0.25625 0.5609375 0.125 0.2453125
182 0.7890625 0.515625 0.13203125 0.2546875
182 0.3765625 0.575 0.13671875 0.25859375
182 0.415625 0.0640625 0.028125 0.04296875
182 0.51875 0.65 0.12734375 0.29375
182 0.721875 0.659375 0.134375 0.28515625
