182 0.4109375 0.10625 0.0265625 0.03359375
182 0.5046875 0.103125 0.0453125 0.07109375
182 0.3078125 0.1484375 0.034375 0.0515625
182 0.4453125 0.1359375 0.03515625 0.0703125
182 0.55625 0.1453125 0.0453125 0.07421875
182 0.2703125 0.196875 0.03984375 0.07578125
182 0.4875 0.184375 0.04765625 0.084375
182 0.3859375 0.20625 0.05546875 0.10234375
182 0.575 0.1828125 0.05078125 0.078125
182 0.434375 0.2140625 0.05703125 0.09453125
182 0.48125 0.2515625 0.05390625 0.1046875
182 0.2375 0.290625 0.059375 0.103125
182 0.5375 0.3265625 0.0890625 0.153125
182 0.20625 0.3890625 0.084375 0.13515625
182 0.653125 0.3328125 0.103125 0.18125
182 0.39375 0.39375 0.0953125 0.1625
182 0.48125 0.4265625 0.1109375 0.1890625
182 0.615625 0.45625 0.134375 0.2109375
182 0.2609375 0.578125 0.14140625 0.2484375
182 0.7890625 0.4953125 0.16640625 0.26640625
182 0.3828125 0.5828125 0.16171875 0.26875
182 0.3859375 0.0703125 0.028125 0.04609375
182 0.528125 0.6484375 0.14375 0.29609375
182 0.7328125 0.64375 0.159375 0.29453125