182 0.4390625 0.1015625 0.0234375 0.03125
182 0.5328125 0.1046875 0.0359375 0.0640625
182 0.3328125 0.1375 0.025 0.05
182 0.4703125 0.1328125 0.025 0.06875
182 0.58125 0.15 0.0359375 0.06875
182 0.2921875 0.18125 0.0328125 0.071875
182 0.509375 0.184375 0.0375 0.08125
182 0.40625 0.2 0.040625 0.0953125
182 0.5984375 0.1890625 0.0453125 0.0734375
182 0.45625 0.2109375 0.040625 0.090625
182 0.5 0.25 0.0453125 0.1
182 0.253125 0.2734375 0.046875 0.0984375
182 0.55 0.33125 0.0671875 0.1453125
182 0.215625 0.36875 0.0671875 0.1296875
182 0.6640625 0.3453125 0.0765625 0.171875
182 0.4 0.3859375 0.071875 0.15
182 0.4875 0.425 0.078125 0.1796875
182 0.61875 0.4640625 0.1 0.196875
182 0.25625 0.5609375 0.1 0.2375
182 0.7890625 0.515625 0.121875 0.25
182 0.3765625 0.575 0.1171875 0.2515625
182 0.415625 0.0640625 0.0234375 0.0421875
182 0.51875 0.65 0.0984375 0.2859375
182 0.721875 0.659375 0.125 0.28125
