223 0.55 0.371875 0.284375 0.065625
223 0.5515625 0.4421875 0.2765625 0.0625
223 0.553125 0.5140625 0.26875 0.0609375
223 0.55625 0.5796875 0.2625 0.0578125
223 0.25625 0.334375 0.20625 0.05625
223 0.265625 0.3984375 0.2015625 0.0546875
223 0.275 0.459375 0.1984375 0.0546875
223 0.284375 0.5203125 0.19375 0.05625
223 0.4703125 0.4375 0.0234375 0.025
223 0.4609375 0.3625 0.03125 0.0296875
223 0.596875 0.378125 0.03125 0.0375
223 0.4703125 0.503125 0.0265625 0.028125
223 0.596875 0.453125 0.0296875 0.034375
223 0.29375 0.34375 0.025 0.0265625
223 0.471875 0.565625 0.0265625 0.028125
223 0.1921875 0.328125 0.021875 0.021875
223 0.596875 0.528125 0.028125 0.0328125
223 0.315625 0.534375 0.025 0.025
223 0.2125 0.4546875 0.025 0.0234375
223 0.3125 0.475 0.025 0.0265625
223 0.303125 0.409375 0.0203125 0.0234375
223 0.221875 0.5125 0.025 0.025
223 0.5984375 0.596875 0.0265625 0.0296875
223 0.203125 0.3953125 0.0234375 0.021875