223 0.8953125 0.69375 0.209375 0.0578125
223 0.4859375 0.440625 0.01875 0.0421875
223 0.675 0.328125 0.015625 0.0421875
223 0.875 0.3046875 0.01875 0.04375
223 0.3328125 0.2796875 0.0125 0.0515625
223 0.3453125 0.2796875 0.0125 0.053125
223 0.1703125 0.30625 0.0203125 0.053125
223 0.1890625 0.3046875 0.0203125 0.05625
223 0.1515625 0.259375 0.0640625 0.1640625
223 0.215625 0.2703125 0.078125 0.1578125
223 0.659375 0.296875 0.0515625 0.125
223 0.890625 0.26875 0.0484375 0.1453125
223 0.8390625 0.6734375 0.3203125 0.2046875
223 0.8421875 0.7890625 0.3140625 0.090625
223 0.315625 0.2515625 0.04375 0.1171875
223 0.3578125 0.2625 0.0546875 0.109375
223 0.70625 0.4859375 0.0546875 0.009375
