124 0.2390625 0.7171875 0.2140625 0.1140625
124 0.0703125 0.75 0.140625 0.0609375
124 0.3859375 0.5421875 0.771875 0.23125
124 0.353125 0.4484375 0.0609375 0.0828125
124 0.440625 0.7484375 0.221875 0.065625
124 0.6203125 0.4875 0.4703125 0.1046875
124 0.775 0.6 0.403125 0.240625
124 0.6875 0.75625 0.046875 0.0421875
124 0.684375 0.7703125 0.0359375 0.01875
124 0.734375 0.7515625 0.05625 0.0578125
124 0.74375 0.7375 0.065625 0.0359375
124 0.7984375 0.7578125 0.0671875 0.0453125
124 0.88125 0.7453125 0.05 0.05