223 0.225 0.21875 0.14375 0.390625
223 0.4 0.2296875 0.1765625 0.3578125
223 0.546875 0.2296875 0.128125 0.3359375
223 0.884375 0.2109375 0.1171875 0.421875
223 0.6734375 0.2375 0.0984375 0.3328125
223 0.765625 0.209375 0.090625 0.403125
223 0.275 0.390625 0.046875 0.0390625
223 0.55625 0.7484375 0.0640625 0.253125
223 0.425 0.665625 0.1609375 0.053125
223 0.84375 0.396875 0.0390625 0.0421875
223 0.790625 0.85625 0.10625 0.2859375
223 0.4546875 0.3828125 0.0390625 0.0390625
223 0.428125 0.8625 0.1578125 0.0921875
223 0.5140625 0.38125 0.0390625 0.0375
223 0.96875 0.2234375 0.05 0.4421875
223 0.690625 0.796875 0.0734375 0.2734375
223 0.43125 0.778125 0.1546875 0.053125
223 0.784375 0.3921875 0.0375 0.040625
223 0.9234375 0.90625 0.14375 0.1828125
223 0.428125 0.715625 0.159375 0.0515625
223 0.628125 0.75625 0.04375 0.253125
223 0.7 0.384375 0.034375 0.0390625
223 0.434375 0.8375 0.0390625 0.03125
223 0.97734375 0.415625 0.0453125 0.05
223 0.434375 0.778125 0.0359375 0.03125
223 0.06875 0.42734375 0.1375 0.0453125
223 0.4296875 0.6640625 0.0390625 0.0296875
223 0.43125 0.721875 0.0375 0.0296875
223 0.1046875 0.325 0.059375 0.040625
223 0.13125 0.6125 0.0609375 0.0359375
223 0.3 0.6875 0.05 0.03125
223 0.54375 0.6421875 0.0453125 0.025
223 0.6328125 0.653125 0.0375 0.034375
223 0.709375 0.703125 0.0390625 0.0375
223 0.7609375 0.734375 0.046875 0.04375
223 0.9625 0.85625 0.071875 0.0578125
223 0.090625 0.78984375 0.18125 0.4171875
223 0.259375 0.821875 0.1625 0.3046875
223 0.0734375 0.175 0.146875 0.35
