275 0.0515625 0.525 0.103125 0.18125
275 0.1859375 0.2875 0.190625 0.125
275 0.24375 0.5171875 0.3046875 0.2703125
275 0.35 0.834375 0.45 0.328125
275 0.3671875 0.1921875 0.1953125 0.0859375
275 0.4609375 0.4515625 0.1953125 0.20625
275 0.51875 0.1890625 0.1609375 0.109375
275 0.75625 0.728125 0.4859375 0.5421875
275 0.66875 0.403125 0.25 0.1734375
275 0.646875 0.1765625 0.165625 0.1078125
275 0.7796875 0.171875 0.15625 0.0859375
275 0.8609375 0.36875 0.23125 0.18125
275 0.875 0.15625 0.178125 0.115625
