223 0.7640625 0.33125 0.0171875 0.1671875
223 0.784375 0.3265625 0.028125 0.18125
223 0.7828125 0.1859375 0.0296875 0.05625
223 0.7609375 0.1953125 0.0203125 0.053125
223 0.7328125 0.2109375 0.025 0.05
223 0.7125 0.225 0.025 0.04375
223 0.7359375 0.303125 0.0296875 0.090625
223 0.7140625 0.309375 0.025 0.0796875
223 0.68125 0.2375 0.0125 0.0484375
223 0.6921875 0.2359375 0.015625 0.05
223 0.678125 0.340625 0.0125 0.1375
223 0.690625 0.3421875 0.01875 0.1359375
223 0.671875 0.5 0.0234375 0.025
223 0.675 0.5265625 0.025 0.028125
223 0.675 0.5515625 0.028125 0.015625
223 0.6953125 0.521875 0.0171875 0.0484375
223 0.7171875 0.528125 0.0203125 0.0484375
223 0.621875 0.3015625 0.0328125 0.125
223 0.6515625 0.2984375 0.0328125 0.1296875
223 0.621875 0.4671875 0.028125 0.1875
223 0.653125 0.4625 0.0328125 0.1796875
223 0.1765625 0.6421875 0.075 0.0421875
223 0.1890625 0.646875 0.0203125 0.0203125
223 0.190625 0.7109375 0.0125 0.025
223 0.1984375 0.6953125 0.0171875 0.01875
223 0.1703125 0.78125 0.0484375 0.15625
223 0.2078125 0.740625 0.034375 0.13125
223 0.0578125 0.30625 0.05 0.2765625
223 0.021875 0.31875 0.040625 0.2828125
223 0.109375 0.2375 0.0453125 0.0953125
223 0.146875 0.24375 0.03125 0.0640625
223 0.178125 0.2515625 0.0203125 0.0421875
223 0.1953125 0.2015625 0.025 0.0609375
223 0.171875 0.1890625 0.01875 0.059375
223 0.1453125 0.165625 0.028125 0.0609375
223 0.1125 0.1578125 0.0359375 0.053125
