99 0.39921875 0.18984375 0.1203125 0.06484375
99 0.54609375 0.31328125 0.11484375 0.0796875
99 0.4921875 0.28046875 0.10390625 0.0578125
99 0.41796875 0.39140625 0.1859375 0.09453125
99 0.69921875 0.50390625 0.21328125 0.1015625
99 0.3171875 0.4890625 0.175 0.07578125
99 0.47265625 0.55078125 0.20234375 0.1015625
99 0.5546875 0.6484375 0.2078125 0.13046875
99 0.5765625 0.83359375 0.19140625 0.18515625
99 0.671875 0.82421875 0.196875 0.159375
99 0.328125 0.7046875 0.23515625 0.134375
99 0.3140625 0.8625 0.2296875 0.15546875
