99 0.81328125 0.6796875 0.1203125 0.1953125
99 0.63984375 0.7359375 0.1109375 0.1953125
99 0.8796875 0.50703125 0.21796875 0.12890625
99 0.821875 0.41796875 0.21796875 0.2
99 0.92890625 0.3625 0.1421875 0.16875
99 0.8109375 0.19140625 0.18203125 0.178125
99 0.3578125 0.21796875 0.115625 0.146875
99 0.39140625 0.40859375 0.146875 0.16015625
99 0.31796875 0.5109375 0.0796875 0.1203125
99 0.2890625 0.6890625 0.0578125 0.115625
99 0.45078125 0.65546875 0.10234375 0.0796875
99 0.41328125 0.76015625 0.0578125 0.115625
99 0.1640625 0.55078125 0.10703125 0.115625
99 0.146875 0.7046875 0.084375 0.12421875
99 0.0890625 0.46875 0.09296875 0.15078125
