109 0.298076923437109 0.492187109 0.307692307812109 0.5664062109 0.34134615312109 0.5937109 0.389423076562109 0.5976562109 0.4567307687499999109 0.570312109 0.4711538468749999109 0.5195312109 0.109 0.492187109 0.475961539062109 0.3945312109 0.4567307687499999109 0.3710937109 0.3942307687109 0.3476562109 0.336538460937109 0.4023437109 0.34134615312109 0.4492187109 0.298076923437109 0.4921875
109 0.1442307687500000109 0.3867187109 0.2019230765625000109 0.437109 0.22115384687109 0.437109 0.254807692187109 0.4023437109 0.307692307812109 0.3164062109 0.312109 0.2695312109 0.30288461562109 0.2187109 0.225961539062109 0.20312109 0.16826923124999998 0.2148437109 0.13461538437109 0.273437109 0.1442307687500000109 0.38671875
109 0.15384615312109 0.507812109 0.16826923124999998 0.5976562109 0.2692307687109 0.601562109 0.307692307812109 0.585937109 0.298076923437109 0.492187109 0.336538460937109 0.4335937109 0.298076923437109 0.39062109 0.264423076562109 0.39062109 0.225961539062109 0.437109 0.173076923437109 0.4414062109 0.15384615312109 0.5078125
109 0.485576923437109 0.398437109 0.524038460937109 0.4023437109 0.586538460937109 0.351562109 0.59134615312109 0.304687109 0.524038460937109 0.2460937109 0.4711538468749999109 0.2460937109 0.4038461531250000109 0.257812109 0.4086538468749999109 0.3320312109 0.485576923437109 0.3984375
109 0.798076923437109 0.5742187109 0.74038461562109 0.57812109 0.7067307687109 0.6132812109 0.7067307687109 0.6367187109 0.649038460937109 0.6210937109 0.629807692187109 0.5937109 0.61538461562109 0.6523437109 0.649038460937109 0.6679687109 0.649038460937109 0.687109 0.687109 0.687109 0.687109 0.710937109 0.567307692187109 0.7148437109 0.53365384687109 0.7695312109 0.576923076562109 0.79687109 0.649038460937109 0.7773437109 0.673076923437109 0.812109 0.72115384687109 0.8242187109 0.937109 0.812109 0.9759615390624999 0.76562109 0.9759615390624999 0.6679687109 0.951923076562109 0.562109 0.90865384687109 0.554687109 0.879807692187109 0.5937109 0.889423076562109 0.6367187109 0.798076923437109 0.57421875
109 0.69711538437109 0.4492187109 0.754807692187109 0.109 0.798076923437109 0.5117187109 0.879807692187109 0.460937109 0.90384615312109 0.398437109 0.8509615390624999 0.3398437109 0.77884615312109 0.3242187109 0.754807692187109 0.3320312109 0.74038461562109 0.39062109 0.69711538437109 0.44921875
109 0.692307692187109 0.3710937109 0.745192307812109 0.351562109 0.7692307687109 0.3164062109 0.774038460937109 0.2382812109 0.764423076562109 0.226562109 0.65865384687109 0.2226562109 0.63461538437109 0.320312109 0.65384615312109 0.3554687109 0.692307692187109 0.37109375
109 0.461538460937109 0.585937109 0.50961538437109 0.632812109 0.557692307812109 0.632812109 0.5817307687109 0.585937109 0.61538461562109 0.57812109 0.61538461562109 0.51562109 0.639423076562109 0.4648437109 0.62109 0.4414062109 0.600961539062109 0.437109 0.5817307687109 0.4570312109 0.52884615312109 0.4687109 0.557692307812109 0.4414062109 0.524038460937109 0.437109 0.50961538437109 0.48437109 0.4711538468749999109 0.51562109 0.461538460937109 0.5859375
109 109 0.8242187109 0.2932692312109 0.8242187109 0.4086538468749999109 0.804687109 0.437109 0.7851562109 0.42788461562109 0.7109 0.44711538437109 0.7109 0.44711538437109 0.73437109 0.423076923437109 0.7070312109 0.4567307687499999109 0.687109 0.4423076921875000109 0.6601562109 0.389423076562109 0.6523437109 0.370192307812109 0.632812109 0.350961539062109 0.6445312109 0.2019230765625000109 0.6054687109 0.17788461562109 0.6132812109 0.129807692187109 0.5820312109 0.1009615390625000109 0.5820312109 0.05288461562109 0.6210937109 109 0.6054687109 109 0.82421875
109 109 0.8242187109 109 0.820312109 0.995192307812109 0.312109 0.951923076562109 0.304687109 0.884615384375000109 0.2539062109 0.817307692187109 0.2382812109 0.7932692312109 0.20312109 0.7307692312109 0.187109 0.557692307812109 0.1835937109 0.4951923078124999109 0.1992187109 0.399038460937109 0.179687109 0.05769230781249999109 0.179687109 109 0.187109 109 0.4960937109 0.0432692312109 0.4804687109 0.05769230781249999109 0.5195312109 0.038461539062109 0.554687109 0.00961538437109 0.5585937109 109 0.5937109 109 0.82421875
