99 0.3875 0.51796875 0.03046875 0.046875
99 0.4140625 0.4609375 0.03828125 0.03125
99 0.40625 0.40625 0.02265625 0.02578125
99 0.646875 0.5 0.01875 0.078125
99 0.6890625 0.50234375 0.03046875 0.0625
99 0.6453125 0.40390625 0.0421875 0.05234375
99 0.671875 0.34375 0.0421875 0.05234375
99 0.93671875 0.3984375 0.034375 0.06796875
99 0.946875 0.5390625 0.01875 0.05703125
99 0.91796875 0.47109375 0.0421875 0.05234375
99 0.96171875 0.32265625 0.04609375 0.046875
99 0.92734375 0.35703125 0.04609375 0.046875
99 0.11484375 0.43984375 0.04609375 0.046875
99 0.16796875 0.43203125 0.05 0.0625
