109 0.687109 0.6682692312109 0.601562109 0.61538461562109 0.539062109 0.61538461562109 0.42187109 0.65384615312109 0.39062109 0.67788461562109 0.39062109 0.71634615312109 0.45312109 0.812109 0.5351562109 0.8557692312109 0.6914062109 0.836538460937500109 0.710937109 0.807692307812109 0.687109 0.66826923125
109 0.5898437109 0.389423076562109 0.109 0.399038460937109 0.4335937109 0.4663461531250000109 0.414062109 0.562109 0.4570312109 0.639423076562109 0.5742187109 0.620192307812109 0.60937109 0.548076923437109 0.60937109 0.4086538468749999109 0.5898437109 0.3894230765625
109 0.5507812109 0.38461538437109 0.54687109 0.36538461562109 0.5312109 0.37109 0.54687109 0.3317307687109 0.54687109 0.2109 0.507812109 0.182692307812109 0.437109 0.19711538437109 0.351562109 0.274038460937109 0.3242187109 0.326923076562109 0.3242187109 0.37109 0.3554687109 0.4663461531250000109 0.3867187109 0.49038461562109 0.429687109 0.475961539062109 0.5195312109 0.379807692187109 0.5507812109 0.384615384375
109 0.4492187109 0.6442307687109 0.3867187109 0.50961538437109 0.3476562109 0.4807692312500000109 0.3398437109 0.451923076562109 0.304687109 0.44711538437109 0.2851562109 0.44711538437109 0.2695312109 0.475961539062109 0.2695312109 0.50961538437109 0.242187109 0.557692307812109 0.242187109 0.620192307812109 0.2773437109 0.69711538437109 0.3242187109 0.745192307812109 0.3867187109 0.7109 0.39062109 0.67788461562109 0.4492187109 0.64423076875
109 0.304687109 109 0.2773437109 0.0432692312109 0.242187109 0.173076923437109 0.257812109 0.27884615312109 0.2773437109 0.298076923437109 0.32812109 0.30288461562109 0.4062109 0.21634615312109 0.4882812109 0.192307692187109 0.109 0.13461538437109 0.4101562109 109 0.304687109 0
109 0.7695312109 0.38461538437109 0.7695312109 0.23076923124999998 0.6992187109 0.182692307812109 0.64062109 0.192307692187109 0.554687109 0.2109 0.54687109 0.34615384687109 0.5664062109 0.3942307687109 0.60937109 0.399038460937109 0.6210937109 0.4423076921875000109 0.7109 0.4326923078124999109 0.7695312109 0.384615384375
109 0.6914062109 0.4326923078124999109 0.617187109 0.451923076562109 0.60937109 0.57211538437109 0.6445312109 0.63461538437109 0.7304687109 0.687109 0.7695312109 0.682692307812109 0.7695312109 0.4423076921875000109 0.6914062109 0.43269230781249995
109 0.45312109 109 0.45312109 0.9182692312109 0.4804687109 0.8317307687109 0.45312109 0.812109 0.445312109 0.77884615312109 0.382812109 0.75961538437109 0.3164062109 0.774038460937109 0.3007812109 0.7932692312109 0.2773437109 0.961538460937500109 0.289062109 109 0.45312109 1
109 0.5429687109 109 0.4960937109 0.0192307687109 0.4882812109 0.0817307687109 0.109 0.17788461562109 0.5429687109 0.2109 0.6445312109 0.19711538437109 0.742187109 0.2067307687500000109 0.76562109 0.182692307812109 0.7617187109 109 0.70312109 0.01442307656250000109 0.687109 109 0.5429687109 0
109 0.6523437109 109 0.6601562109 0.951923076562109 0.632812109 0.9134615390624999 0.6445312109 0.90384615312109 0.6367187109 0.870192307812109 0.5039062109 0.84615384687109 0.4804687109 0.8509615390624999 0.4726562109 0.879807692187109 0.4882812109 109 0.5351562109 109 0.570312109 0.961538460937500109 0.5898437109 109 0.6523437109 1
109 0.562109 0.389423076562109 0.109 0.399038460937109 0.437109 0.461538460937109 0.4179687109 0.5817307687109 0.4648437109 0.639423076562109 0.5820312109 0.59134615312109 0.60937109 0.5192307687109 0.601562109 0.413461539062109 0.562109 0.3894230765625
