109 0.163461539062109 0.6914062109 0.192307692187109 0.710937109 0.3317307687109 0.687109 0.38461538437109 0.601562109 0.38461538437109 0.539062109 0.34615384687109 0.42187109 0.32211538437109 0.39062109 0.28365384687109 0.39062109 0.187109 0.45312109 0.1442307687500000109 0.5351562109 0.163461539062109 0.69140625
109 0.451923076562109 0.60937109 0.59134615312109 0.60937109 0.610576923437109 0.5898437109 0.600961539062109 0.109 0.53365384687109 0.4335937109 0.437109 0.414062109 0.360576923437109 0.4570312109 0.379807692187109 0.5742187109 0.451923076562109 0.609375
109 0.524038460937109 0.429687109 0.620192307812109 0.5195312109 0.61538461562109 0.5507812109 0.63461538437109 0.54687109 0.62109 0.5312109 0.6682692312109 0.54687109 0.7109 0.54687109 0.817307692187109 0.507812109 0.8028846156249999 0.437109 0.725961539062109 0.351562109 0.673076923437109 0.3242187109 0.62109 0.3242187109 0.53365384687109 0.3554687109 0.50961538437109 0.3867187109 0.524038460937109 0.4296875
109 0.2109 0.3867187109 0.32211538437109 0.39062109 0.3557692312109 0.4492187109 0.49038461562109 0.3867187109 0.5192307687109 0.3476562109 0.548076923437109 0.3398437109 0.55288461562109 0.304687109 0.55288461562109 0.2851562109 0.524038460937109 0.2695312109 0.49038461562109 0.2695312109 0.4423076921875000109 0.242187109 0.379807692187109 0.242187109 0.30288461562109 0.2773437109 0.254807692187109 0.3242187109 0.2109 0.38671875
109 109 0.304687109 0.9567307687109 0.2773437109 0.826923076562109 0.242187109 0.72115384687109 0.257812109 0.701923076562109 0.2773437109 0.69711538437109 0.32812109 0.78365384687109 0.4062109 0.807692307812109 0.4882812109 0.8653846156249999 0.109 109 0.4101562109 109 0.3046875
109 0.557692307812109 0.6210937109 0.567307692187109 0.7109 0.61538461562109 0.7695312109 0.7692307687109 0.7695312109 0.817307692187109 0.6992187109 0.807692307812109 0.64062109 0.7109 0.554687109 0.65384615312109 0.54687109 0.6057692312109 0.5664062109 0.600961539062109 0.60937109 0.557692307812109 0.62109375
109 0.317307692187109 0.7695312109 0.557692307812109 0.7695312109 0.567307692187109 0.6914062109 0.548076923437109 0.617187109 0.42788461562109 0.60937109 0.36538461562109 0.6445312109 0.312109 0.7304687109 0.317307692187109 0.76953125
109 109 0.45312109 0.0817307687109 0.45312109 0.16826923124999998 0.4804687109 0.187109 0.45312109 0.22115384687109 0.445312109 0.2403846156250000109 0.382812109 0.225961539062109 0.3164062109 0.2067307687500000109 0.3007812109 0.038461539062109 0.2773437109 109 0.289062109 109 0.453125
109 109 0.5429687109 0.9807692312109 0.4960937109 0.9182692312109 0.4882812109 0.822115384375000109 0.109 0.7109 0.5429687109 0.8028846156249999 0.6445312109 0.7932692312109 0.742187109 0.817307692187109 0.76562109 109 0.7617187109 0.985576923437109 0.70312109 109 0.687109 109 0.54296875
109 109 0.6523437109 0.048076923437109 0.6601562109 0.08653846093749999 0.632812109 0.09615384687109 0.6445312109 0.129807692187109 0.6367187109 0.15384615312109 0.5039062109 0.149038460937109 0.4804687109 0.1201923078125000109 0.4726562109 109 0.4882812109 109 0.5351562109 0.038461539062109 0.570312109 109 0.5898437109 109 0.65234375
109 0.4807692312500000109 0.60937109 0.586538460937109 0.601562109 0.610576923437109 0.562109 0.600961539062109 0.109 0.538461539062109 0.437109 0.4182692312500000109 0.4179687109 0.360576923437109 0.4648437109 0.4086538468749999109 0.5820312109 0.4807692312500000109 0.609375
