99 0.41171875 0.7015625 0.28828125 0.384375
99 0.43828125 0.37890625 0.15546875 0.23828125
99 0.30859375 0.340625 0.18984375 0.26953125
99 0.115625 0.17109375 0.146875 0.115625
99 0.10546875 0.36328125 0.1296875 0.2
99 0.14375 0.71953125 0.22734375 0.3765625
99 0.87734375 0.625 0.2453125 0.41953125
99 0.8875 0.315625 0.17265625 0.26953125
99 0.6703125 0.3 0.14140625 0.234375
99 0.80546875 0.09453125 0.146875 0.13046875
99 0.6078125 0.12109375 0.1703125 0.1078125
99 0.440625 0.1078125 0.13828125 0.1265625
