124 0.4234375 0.690625 0.1578125 0.20625
124 0.2203125 0.6890625 0.10625 0.090625
124 0.2890625 0.9125 0.24375 0.153125
124 0.215625 0.490625 0.08125 0.046875
124 0.228125 0.5421875 0.103125 0.0609375
124 0.490625 0.553125 0.0734375 0.0484375
124 0.5 0.465625 0.05625 0.059375
124 0.56875 0.5703125 0.065625 0.0578125
124 0.6015625 0.6625 0.128125 0.1109375
124 0.6171875 0.5375 0.078125 0.0640625
124 0.6609375 0.6390625 0.1140625 0.10625
124 0.68125 0.490625 0.0734375 0.0890625
124 0.746875 0.7390625 0.16875 0.121875
124 0.75 0.5859375 0.103125 0.0734375
124 0.8 0.4421875 0.04375 0.04375
