223 0.2859375 0.4671875 0.0515625 0.353125
223 0.315625 0.471875 0.0359375 0.3671875
223 0.2859375 0.746875 0.18125 0.0703125
223 0.534375 0.790625 0.10625 0.059375
223 0.6296875 0.7328125 0.025 0.0234375
223 0.6296875 0.6453125 0.025 0.025
223 0.63125 0.5765625 0.028125 0.0234375
223 0.5578125 0.3390625 0.0125 0.021875
223 0.56875 0.3390625 0.0140625 0.025
223 0.7390625 0.3578125 0.009375 0.0234375
223 0.7453125 0.3578125 0.0125 0.0234375
223 0.721875 0.5640625 0.0125 0.0234375
223 0.7296875 0.5640625 0.015625 0.0234375
223 0.4875 0.278125 0.015625 0.096875
223 0.6296875 0.5734375 0.0859375 0.04375
223 0.628125 0.64375 0.0875 0.0859375
223 0.634375 0.725 0.078125 0.0703125
223 0.7 0.6375 0.04375 0.1859375
223 0.7453125 0.621875 0.0421875 0.165625
223 0.815625 0.5421875 0.0171875 0.0171875
223 0.825 0.5953125 0.021875 0.15625
223 0.759375 0.3015625 0.0359375 0.16875
223 0.71875 0.2953125 0.0375 0.175
223 0.584375 0.2734375 0.0515625 0.2046875
223 0.5296875 0.271875 0.059375 0.1890625
223 0.4703125 0.1859375 0.0625 0.0328125
