223 0.3359375 0.296875 0.090625 0.1640625
223 0.340625 0.575 0.0875 0.365625
223 0.4484375 0.31875 0.0234375 0.0984375
223 0.503125 0.3203125 0.08125 0.096875
223 0.7984375 0.3296875 0.0921875 0.1171875
223 0.796875 0.4796875 0.0875 0.1734375
223 0.79375 0.6359375 0.090625 0.1265625
223 0.6 0.6125 0.0515625 0.13125
223 0.6421875 0.3390625 0.03125 0.0546875
223 0.6765625 0.340625 0.0375 0.0515625
223 0.7171875 0.340625 0.040625 0.053125
223 0.546875 0.603125 0.0578125 0.1265625
223 0.4921875 0.6 0.059375 0.1109375
223 0.4 0.646875 0.015625 0.1609375
223 0.4140625 0.6359375 0.021875 0.1484375
223 0.434375 0.625 0.0171875 0.1359375
223 0.4515625 0.615625 0.025 0.121875