124 0.38125 0.8578125 0.2921875 0.2328125
124 0.3296875 0.55 0.2765625 0.109375
124 0.2859375 0.53125 0.10625 0.0703125
124 0.2859375 0.1890625 0.0953125 0.0828125
124 0.39375 0.178125 0.115625 0.10625
124 0.471875 0.1875 0.0921875 0.0875
124 0.496875 0.55625 0.090625 0.0921875
124 0.5515625 0.5125 0.1234375 0.128125
124 0.5453125 0.9125 0.0828125 0.08125
124 0.55625 0.178125 0.0984375 0.0984375
124 0.5921875 0.8671875 0.121875 0.090625
124 0.5796875 0.8234375 0.0796875 0.0515625
124 0.653125 0.2 0.1 0.065625
124 0.671875 0.509375 0.1140625 0.125
124 0.684375 0.903125 0.128125 0.121875
124 0.7046875 0.18125 0.075 0.1046875
