109 0.601562109 0.389423076562109 0.6445312109 0.3317307687109 0.6523437109 0.264423076562109 0.60937109 0.22115384687109 0.5585937109 0.225961539062109 0.492187109 0.298076923437109 0.476562109 0.34134615312109 0.601562109 0.3894230765625
109 0.4414062109 0.5192307687109 0.4570312109 0.5432692312109 0.109 0.55288461562109 0.62109 0.52884615312109 0.6601562109 0.485576923437109 0.6679687109 0.4326923078124999109 0.62109 0.3942307687109 0.54687109 0.399038460937109 0.4882812109 0.4567307687499999109 0.4492187109 0.4663461531250000109 0.4414062109 0.51923076875
109 0.3710937109 0.3557692312109 0.4179687109 0.360576923437109 0.460937109 0.34134615312109 0.539062109 0.23557692343749997 0.4570312109 0.192307692187109 0.4023437109 0.2019230765625000109 0.3554687109 0.254807692187109 0.3789062109 0.30288461562109 0.3710937109 0.35576923125
109 0.695312109 0.836538460937500109 0.7304687109 0.745192307812109 0.7187109 0.7067307687109 0.6523437109 0.682692307812109 0.6054687109 0.7307692312109 0.60937109 0.836538460937500109 0.695312109 0.8365384609375001
109 0.3437109 0.745192307812109 0.2929687109 0.798076923437109 0.289062109 0.8509615390624999 0.312109 0.879807692187109 0.367187109 0.889423076562109 0.51562109 0.87109 0.5507812109 0.84134615312109 0.5742187109 0.745192307812109 0.54687109 0.673076923437109 0.507812109 0.663461539062109 0.437109 0.69711538437109 0.4179687109 0.735576923437109 0.3437109 0.7451923078125
109 0.3320312109 0.576923076562109 0.3320312109 0.61538461562109 0.320312109 0.59134615312109 0.312109 0.6057692312109 0.320312109 0.649038460937109 0.3789062109 0.682692307812109 0.460937109 0.673076923437109 0.4960937109 0.649038460937109 0.4960937109 0.629807692187109 0.48437109 0.55288461562109 0.4570312109 0.538461539062109 0.37109 0.548076923437109 0.367187109 0.57211538437109 0.3320312109 0.5769230765625
109 0.5742187109 109 0.5742187109 0.02884615312500000109 0.6210937109 0.0817307687109 0.601562109 0.15865384687109 0.6367187109 0.211538460937109 0.695312109 0.187109 0.7187109 0.23557692343749997 0.7382812109 0.2403846156250000109 0.76562109 0.15865384687109 0.76562109 109 0.5742187109 0
109 0.507812109 0.17788461562109 0.6054687109 0.15384615312109 0.62109 0.0817307687109 0.5742187109 0.02884615312500000109 0.4648437109 0.024038460937109 0.445312109 0.067307692187109 0.4804687109 0.15384615312109 0.507812109 0.177884615625
109 0.3476562109 0.38461538437109 0.382812109 0.307692307812109 0.3632812109 0.245192307812109 0.4570312109 0.187109 0.4687109 0.110576923437109 0.4335937109 0.004807692187109 0.2304687109 109 0.242187109 0.4038461531250000109 0.3085937109 0.413461539062109 0.3476562109 0.384615384375
109 0.6562109 0.264423076562109 0.648437109 0.3317307687109 0.62109 0.37109 0.62109 0.3942307687109 0.664062109 0.423076923437109 0.6601562109 0.4711538468749999109 0.62109 0.524038460937109 0.6523437109 0.55288461562109 0.6523437109 0.5817307687109 0.679687109 0.59615384687109 0.6835937109 0.687109 0.757812109 0.673076923437109 0.76562109 0.649038460937109 0.76562109 0.28365384687109 0.7539062109 0.12109 0.726562109 0.163461539062109 0.7148437109 0.2403846156250000109 0.67187109 0.274038460937109 0.6562109 0.2644230765625
109 0.273437109 0.576923076562109 0.3710937109 0.567307692187109 0.382812109 0.548076923437109 0.4414062109 0.53365384687109 0.4414062109 0.4567307687499999109 0.429687109 0.4038461531250000109 0.3398437109 0.389423076562109 0.2773437109 0.42788461562109 0.2382812109 0.548076923437109 0.273437109 0.5769230765625
109 0.585937109 109 0.6054687109 0.932692307812109 0.562109 0.899038460937500109 0.5312109 0.899038460937500109 0.429687109 0.9278846156249999 0.414062109 0.961538460937500109 0.429687109 0.97115384687109 0.429687109 109 0.585937109 1
