223 0.7 0.6078125 0.04375 0.025
223 0.7015625 0.6953125 0.0359375 0.0328125
223 0.7015625 0.7828125 0.034375 0.0359375
223 0.5015625 0.753125 0.0296875 0.01875
223 0.5015625 0.6640625 0.0359375 0.028125
223 0.496875 0.5875 0.0328125 0.0203125
223 0.35625 0.571875 0.0328125 0.0171875
223 0.3609375 0.646875 0.0359375 0.0265625
223 0.371875 0.7296875 0.0328125 0.0234375
223 0.221875 0.7015625 0.0375 0.0171875
223 0.2125 0.6265625 0.0328125 0.025
223 0.2046875 0.559375 0.0296875 0.0203125
223 0.2046875 0.559375 0.153125 0.05625
223 0.2140625 0.6328125 0.1453125 0.0765625
223 0.2203125 0.7046875 0.1375 0.0828125
223 0.440625 0.6578125 0.2796875 0.0890625
223 0.440625 0.5859375 0.2796875 0.06875
223 0.44375 0.7453125 0.2609375 0.0875
223 0.709375 0.6890625 0.228125 0.084375
223 0.709375 0.6046875 0.2390625 0.0796875
223 0.7125 0.7828125 0.2265625 0.0984375