124 0.4734375 0.6046875 0.540625 0.36875
124 0.0078125 0.3234375 0.015625 0.0203125
124 0.05 0.3203125 0.03125 0.03125
124 0.053125 0.290625 0.0203125 0.0140625
124 0.0671875 0.284375 0.021875 0.015625
124 0.1265625 0.5984375 0.13125 0.125
124 0.0734375 0.2484375 0.01875 0.01875
124 0.084375 0.30625 0.03125 0.03125
124 0.1046875 0.24375 0.0203125 0.015625
124 0.184375 0.528125 0.0921875 0.10625
124 0.53125 0.2453125 0.0484375 0.0203125
124 0.6671875 0.3828125 0.109375 0.0640625
124 0.6953125 0.425 0.0734375 0.0484375
124 0.69375 0.2203125 0.015625 0.0203125
124 0.7109375 0.24375 0.03125 0.0265625
124 0.8984375 0.234375 0.2015625 0.1015625
