223 0.5484375 0.53125 0.171875 0.04375
223 0.753125 0.6796875 0.0234375 0.0359375
223 0.7171875 0.6296875 0.025 0.0328125
223 0.809375 0.3484375 0.0203125 0.03125
223 0.021875 0.4625 0.0140625 0.0140625
223 0.025 0.509375 0.0125 0.01875
223 0.028125 0.54375 0.0171875 0.01875
223 0.0296875 0.5828125 0.015625 0.0171875
223 0.7671875 0.253125 0.103125 0.2203125
223 0.715625 0.625 0.0921875 0.0625
223 0.71875 0.7625 0.0890625 0.2078125
223 0.8734375 0.684375 0.1671875 0.0515625
223 0.8546875 0.85625 0.075 0.0375
223 0.025 0.5765625 0.0484375 0.0390625
223 0.025 0.5453125 0.040625 0.0390625
223 0.0234375 0.509375 0.0421875 0.04375
223 0.0203125 0.4578125 0.0390625 0.046875
223 0.0171875 0.4265625 0.034375 0.015625