223 0.071875 0.5328125 0.025 0.0359375
223 0.6421875 0.5546875 0.025 0.2203125
223 0.615625 0.54375 0.0203125 0.19375
223 0.4984375 0.6203125 0.01875 0.0359375
223 0.4734375 0.6140625 0.0234375 0.03125
223 0.371875 0.4828125 0.0171875 0.03125
223 0.359375 0.48125 0.015625 0.03125
223 0.3546875 0.321875 0.015625 0.028125
223 0.365625 0.3234375 0.015625 0.0328125
223 0.521875 0.3171875 0.025 0.025
223 0.34375 0.3 0.04375 0.10625
223 0.3828125 0.2953125 0.04375 0.11875
223 0.353125 0.53125 0.05 0.3421875
223 0.39375 0.5375 0.059375 0.346875
223 0.45625 0.65625 0.0625 0.1546875
223 0.5109375 0.68125 0.05 0.165625
223 0.503125 0.325 0.0640625 0.16875
