281 0.16193399846508058 0.039 0.16653875671527243 0.04 0.17421335379892555 0.053 0.19646968534151957 0.065 0.21719109746738297 0.106 0.23100537221795855 0.152 0.23254029163468917 0.168 0.227168073676132 0.188 0.22256331542594013 0.239 0.21412125863392173 0.268 0.19570222563315426 0.285 0.15963161933998465 0.299 0.1335379892555641 0.304 0.11204911742133537 0.304 0.08595548733691481 0.294 0.04911742133537989 0.273 0.03453568687643899 0.255 0.03300076745970836 0.247 0.047582501918649274 0.169 0.06600153491941672 0.143 0.10514198004604758 0.07 0.1350729086722947 0.049
281 0.1627014581734459 0.367 0.17421335379892555 0.369 0.1834228702993093 0.38 0.1987720644666155 0.387 0.2064466615502686 0.395 0.22409823484267075 0.43 0.2340752110514198 0.462 0.23791250959324636 0.495 0.23330775134305448 0.547 0.22333077513430544 0.592 0.20721412125863392 0.611 0.16653875671527243 0.627 0.13200306983883345 0.633 0.0997697620874904 0.624 0.056792018419033 0.6 0.04067536454336147 0.572 0.05525709900230238 0.495 0.06523407521105141 0.483 0.113584036838066 0.394 0.13891020721412126 0.377
281 0.1627014581734459 0.693 0.17191097467382963 0.695 0.20337682271680738 0.721 0.22179585571757482 0.758 0.23330775134305448 0.796 0.23637759017651575 0.821 0.22256331542594013 0.913 0.21181887950882577 0.93 0.1987720644666155 0.939 0.16500383729854182 0.952 0.1350729086722947 0.958 0.11895625479662318 0.958 0.0997697620874904 0.952 0.05525709900230238 0.927 0.03760552570990023 0.901 0.051419800460475826 0.822 0.09286262471220261 0.753 0.10821181887950883 0.72 0.13046815042210283 0.705
281 0.4029163468917882 0.039 0.4389869531849578 0.068 0.4566385264773599 0.102 0.4727551803530315 0.152 0.47352264006139677 0.17 0.4681504221028396 0.188 0.46431312356101306 0.239 0.45740598618572526 0.267 0.44896392939370683 0.279 0.43668457405986183 0.287 0.40521872601688413 0.3 0.3737528779739064 0.307 0.3468917881811205 0.305 0.29547198772064465 0.279 0.2854950115118956 0.269 0.27551803530314656 0.246 0.2778204144282425 0.224 0.29163468917881813 0.167 0.30775134305448965 0.143 0.34919416730621644 0.066 0.3768227168073676 0.049
281 0.40675364543361475 0.368 0.4167306216423638 0.368 0.4244052187260169 0.38 0.4466615502686109 0.392 0.46508058326937834 0.429 0.47889485801995396 0.476 0.4804297774366846 0.494 0.4742900997697621 0.516 0.47198772064466615 0.561 0.4635456638526477 0.596 0.4474290099769762 0.611 0.40752110514198003 0.627 0.3814274750575595 0.632 0.3645433614735226 0.632 0.3430544896392939 0.625 0.30007674597083656 0.601 0.2854950115118956 0.584 0.28242517267843437 0.573 0.29623944742901 0.495 0.306216423637759 0.484 0.3545663852647736 0.394 0.3821949347659248 0.377
281 0.4029163468917882 0.693 0.41596316193399846 0.695 0.4244052187260169 0.709 0.4458940905602456 0.723 0.44973138910207217 0.736 0.4620107444359171 0.756 0.4727551803530315 0.791 0.476592478894858 0.825 0.47045280122793554 0.877 0.4612432847275518 0.918 0.4512663085188028 0.932 0.4405218726016884 0.939 0.4059861857252494 0.952 0.3699155794320798 0.959 0.340752110514198 0.952 0.2977743668457406 0.928 0.283960092095165 0.912 0.27935533384497313 0.901 0.2924021488871834 0.822 0.3069838833461243 0.802 0.35149654643131234 0.719 0.3775901765157329 0.703
281 0.6431312356101304 0.04 0.6523407521105142 0.043 0.6600153491941673 0.053 0.6761320030698388 0.062 0.681504221028396 0.069 0.6999232540291634 0.107 0.7137375287797391 0.151 0.7152724481964697 0.167 0.7106676899462778 0.192 0.7099002302379125 0.219 0.7022256331542595 0.26 0.693783576362241 0.276 0.6830391404451266 0.285 0.6515732924021489 0.299 0.6170376055257099 0.307 0.5940138142747505 0.307 0.5395241749808135 0.28 0.5257099002302379 0.265 0.5165003837298542 0.245 0.5310821181887951 0.17 0.545663852647736 0.15 0.5917114351496546 0.064 0.6170376055257099 0.049
281 0.656369915579432 0.3677500000000002 0.6686492709132771 0.38075000000000014 0.6886032233307752 0.39175000000000015 0.7085571757482733 0.4307500000000002 0.7231389102072141 0.4777500000000002 0.7239063699155794 0.4937500000000002 0.717766692248657 0.5157500000000003 0.7162317728319263 0.5487500000000002 0.7047198772064467 0.5937500000000002 0.6847659247889486 0.6107500000000002 0.6533000767459708 0.6237500000000002 0.6233691481197237 0.6307500000000003 0.5957405986185725 0.6277500000000003 0.5435533384497314 0.6007500000000002 0.5282041442824251 0.5807500000000002 0.5259017651573292 0.5727500000000002 0.5282041442824251 0.5487500000000002 0.5412509593246354 0.4907500000000002 0.5604374520337683 0.46275000000000016 0.5972755180353031 0.39375000000000016 0.626438986953185 0.3767500000000002
281 0.6446661550268611 0.695 0.659247889485802 0.696 0.6669224865694551 0.709 0.6838066001534919 0.718 0.7075978511128166 0.768 0.7175748273215656 0.809 0.718342287029931 0.824 0.7122026093630084 0.846 0.7068303914044513 0.905 0.7006907137375288 0.921 0.6922486569455104 0.93 0.6477359938603223 0.951 0.6162701458173446 0.957 0.5855717574827322 0.952 0.5425940138142747 0.928 0.5264773599386032 0.909 0.5226400613967767 0.896 0.5326170376055257 0.834 0.5387567152724482 0.817 0.5717574827321565 0.762 0.59247889485802 0.72 0.6178050652340752 0.705
281 0.8818112049117421 0.03 0.8940905602455871 0.031 0.9048349961627015 0.044 0.9186492709132771 0.052 0.9447429009976976 0.101 0.9570222563315426 0.148 0.9508825786646201 0.182 0.9462778204144282 0.239 0.9386032233307752 0.26 0.9247889485801996 0.273 0.876438986953185 0.293 0.8534151957022257 0.297 0.8349961627014582 0.295 0.7766692248656946 0.264 0.760552570990023 0.242 0.7590176515732924 0.227 0.762854950115119 0.218 0.7720644666155027 0.16 0.7981580966999232 0.119 0.8288564850345357 0.057 0.8411358403683806 0.047
281 0.8948580199539524 0.354 0.9002302379125096 0.354 0.9109746738296239 0.37 0.9324635456638527 0.385 0.9478127398311589 0.417 0.9608595548733692 0.457 0.9639293937068304 0.482 0.9593246354566385 0.528 0.9547198772064467 0.56 0.9478127398311589 0.582 0.9401381427475057 0.593 0.9286262471220261 0.601 0.9009976976208749 0.613 0.8649270913277053 0.622 0.8403683806600154 0.62 0.7897160399079048 0.594 0.7697620874904068 0.57 0.7666922486569455 0.56 0.7820414428242517 0.482 0.8396009209516501 0.381 0.8687643898695319 0.363
281 0.8954336147352261 0.6835 0.8992709132770526 0.6845 0.9084804297774364 0.7005 0.9284343821949345 0.7135 0.9353415195702223 0.7335 0.9460859554873365 0.7515 0.9506907137375284 0.7735 0.9606676899462775 0.7985 0.9537605525709897 0.8705 0.94224865694551 0.9125 0.9238296239447426 0.9295 0.8931312356101301 0.9425 0.8585955487336911 0.9495 0.8294320798158094 0.9455 0.7803146584804295 0.9185 0.7665003837298539 0.9015 0.7634305448963926 0.8925 0.764198004604758 0.8745 0.7795471987720641 0.8095 0.8140828856485031 0.7515 0.8340368380660012 0.7105 0.8570606293169605 0.6965
