124 0.009375 0.609375 0.0171875 0.03125
124 0.015625 0.64375 0.025 0.025
124 0.0171875 0.565625 0.028125 0.021875
124 0.046875 0.575 0.0234375 0.01875
124 0.0640625 0.628125 0.0359375 0.0234375
124 0.059375 0.5359375 0.0203125 0.015625
124 0.0703125 0.525 0.0140625 0.0109375
124 0.1046875 0.590625 0.028125 0.0296875
124 0.1328125 0.61875 0.028125 0.0203125
124 0.1328125 0.5234375 0.01875 0.01875
124 0.1875 0.6171875 0.115625 0.084375
124 0.1421875 0.5515625 0.0203125 0.01875
124 0.1828125 0.534375 0.05625 0.04375
124 0.2140625 0.509375 0.0671875 0.034375
124 0.2046875 0.653125 0.040625 0.03125
124 0.2046875 0.5484375 0.025 0.0140625
124 0.209375 0.5625 0.021875 0.021875
124 0.2484375 0.540625 0.0296875 0.021875
124 0.271875 0.5234375 0.025 0.0125
124 0.278125 0.5734375 0.03125 0.034375
124 0.275 0.4984375 0.015625 0.0140625
124 0.284375 0.5078125 0.015625 0.0125
124 0.2984375 0.6015625 0.0328125 0.0375
124 0.2953125 0.5375 0.0203125 0.0265625
124 0.296875 0.4921875 0.01875 0.0125
124 0.3109375 0.503125 0.015625 0.0140625
124 0.3125 0.490625 0.015625 0.0078125
124 0.328125 0.49375 0.0171875 0.0171875
124 0.3421875 0.5921875 0.0296875 0.0296875
124 0.359375 0.4921875 0.0203125 0.015625
124 0.3609375 0.5484375 0.025 0.0234375
124 0.3671875 0.58125 0.0265625 0.0265625
124 0.3671875 0.51875 0.025 0.015625
124 0.39375 0.6125 0.046875 0.0609375
124 0.3859375 0.578125 0.021875 0.021875
124 0.3921875 0.49375 0.0234375 0.0203125
124 0.39375 0.5109375 0.0265625 0.0125
124 0.41875 0.665625 0.053125 0.0640625
124 0.421875 0.5625 0.0203125 0.0203125
124 0.4328125 0.4859375 0.015625 0.0171875
124 0.4421875 0.5015625 0.0203125 0.0203125
124 0.4453125 0.6078125 0.0171875 0.034375
124 0.4515625 0.553125 0.028125 0.025
124 0.453125 0.4859375 0.0125 0.0125
124 0.465625 0.596875 0.021875 0.0296875
124 0.484375 0.6359375 0.040625 0.046875
124 0.48125 0.5125 0.0203125 0.01875
124 0.4921875 0.59375 0.034375 0.03125
124 0.4875 0.4875 0.0203125 0.015625
124 0.4953125 0.5390625 0.0375 0.021875
124 0.51875 0.484375 0.028125 0.0140625
124 0.5296875 0.58125 0.0328125 0.0328125
124 0.528125 0.5265625 0.0203125 0.01875
124 0.590625 0.4828125 0.103125 0.04375
124 0.5890625 0.559375 0.01875 0.0234375
124 0.596875 0.59375 0.0359375 0.0328125
124 0.603125 0.50625 0.0265625 0.0203125
124 0.61875 0.6109375 0.0484375 0.0484375
124 0.6265625 0.5328125 0.0484375 0.0453125
124 0.6484375 0.4828125 0.0109375 0.0140625
124 0.6578125 0.603125 0.03125 0.03125
124 0.665625 0.478125 0.0203125 0.021875
124 0.684375 0.596875 0.0375 0.0328125
124 0.7421875 0.4890625 0.125 0.059375
124 0.6984375 0.578125 0.028125 0.028125
124 0.721875 0.575 0.03125 0.0265625
124 0.728125 0.559375 0.03125 0.01875
124 0.759375 0.61875 0.08125 0.040625
124 0.74375 0.55625 0.025 0.034375
124 0.7734375 0.5046875 0.0265625 0.021875
124 0.784375 0.5375 0.021875 0.028125
124 0.7890625 0.5234375 0.0171875 0.01875
124 0.8140625 0.48125 0.0234375 0.01875
124 0.8421875 0.5546875 0.0578125 0.0890625
124 0.8515625 0.4765625 0.0625 0.0453125
124 0.903125 0.6171875 0.05 0.040625
124 0.9296875 0.5875 0.0515625 0.034375
124 0.934375 0.696875 0.0546875 0.053125
124 0.959375 0.51875 0.040625 0.028125
124 0.9609375 0.4734375 0.025 0.01875
124 0.9875 0.484375 0.021875 0.0203125
