117 0.2609375 0.09375 0.1515625 0.05
117 0.284375 0.475 0.14375 0.18125
117 0.2546875 0.228125 0.0453125 0.0515625
117 0.3359375 0.3609375 0.146875 0.125
117 0.3046875 0.215625 0.040625 0.046875
117 0.33125 0.9703125 0.0921875 0.0578125
117 0.334375 0.1890625 0.040625 0.0453125
117 0.3484375 0.1390625 0.046875 0.0578125
117 0.4140625 0.9890625 0.0515625 0.01875
117 0.6234375 0.146875 0.0875 0.0921875
117 0.6546875 0.6265625 0.1453125 0.1609375
117 0.671875 0.4859375 0.1015625 0.134375
117 0.6828125 0.028125 0.046875 0.053125
117 0.778125 0.6375 0.1515625 0.178125
117 0.7234375 0.0296875 0.0390625 0.05
