223 0.6859375 0.7046875 0.109375 0.040625
223 0.690625 0.58125 0.1421875 0.028125
223 0.221875 0.7453125 0.165625 0.0421875
223 0.3671875 0.6796875 0.1015625 0.05
223 0.4578125 0.6390625 0.06875 0.0375
223 0.253125 0.8078125 0.103125 0.0484375
223 0.8265625 0.61875 0.0984375 0.0375
223 0.58125 0.596875 0.0515625 0.025
223 0.221875 0.6953125 0.175 0.046875
223 0.221875 0.7671875 0.1609375 0.0578125
223 0.2625 0.8125 0.0875 0.040625
223 0.36875 0.7609375 0.109375 0.1203125
223 0.3609375 0.65 0.1140625 0.0359375
223 0.4515625 0.6171875 0.071875 0.0390625
223 0.459375 0.7046875 0.0640625 0.1171875
223 0.58125 0.646875 0.059375 0.103125
223 0.5796875 0.584375 0.065625 0.021875
223 0.821875 0.60625 0.0984375 0.0328125
223 0.8265625 0.6859375 0.0921875 0.1265625
223 0.5171875 0.4359375 0.0703125 0.09375
223 0.5890625 0.4296875 0.0671875 0.090625
223 0.659375 0.4015625 0.071875 0.0515625
223 0.7296875 0.396875 0.075 0.0546875
223 0.8078125 0.4078125 0.08125 0.1171875
223 0.8640625 0.403125 0.0390625 0.1234375