223 0.734375 0.7890625 0.05625 0.153125
223 0.828125 0.8296875 0.0890625 0.090625
223 0.675 0.75625 0.05625 0.1453125
223 0.6203125 0.703125 0.040625 0.13125
223 0.68125 0.534375 0.0203125 0.0234375
223 0.39375 0.35625 0.0515625 0.134375
223 0.459375 0.3171875 0.078125 0.0625
223 0.5390625 0.3109375 0.075 0.0625
223 0.3265625 0.325 0.075 0.078125
223 0.25 0.325 0.075 0.0765625
223 0.159375 0.3609375 0.103125 0.134375
223 0.0796875 0.35625 0.0359375 0.165625
223 0.053125 0.35 0.034375 0.1609375
223 0.0296875 0.35625 0.04375 0.1875
223 0.415625 0.61875 0.046875 0.10625
223 0.20625 0.6234375 0.0421875 0.134375
223 0.3078125 0.5453125 0.1421875 0.015625
223 0.31875 0.65 0.1265625 0.01875
223 0.1515625 0.7578125 0.0328125 0.125
223 0.125 0.809375 0.04375 0.1109375
223 0.0953125 0.853125 0.0390625 0.04375