89 0.36875 0.534375 0.18125 0.26875
89 0.28125 0.4046875 0.1140625 0.1640625
89 0.21875 0.55 0.1453125 0.225
89 0.0953125 0.5953125 0.071875 0.0984375
89 0.1109375 0.71875 0.1484375 0.2375
89 0.09375 0.9203125 0.121875 0.159375
89 0.26875 0.815625 0.165625 0.2265625
89 0.4953125 0.61875 0.109375 0.14375
89 0.375 0.7609375 0.0984375 0.175
89 0.4859375 0.790625 0.125 0.2359375
89 0.346875 0.925 0.10625 0.15
89 0.553125 0.9234375 0.1046875 0.153125
89 0.578125 0.69375 0.0953125 0.1765625
89 0.6609375 0.671875 0.096875 0.1640625
89 0.8 0.709375 0.065625 0.121875
89 0.834375 0.846875 0.1 0.15
89 0.64375 0.8234375 0.0671875 0.140625
89 0.690625 0.928125 0.121875 0.1421875
89 0.834375 0.925 0.121875 0.15
