89 0.24375 0.875 0.0484375 0.0484375
89 0.278125 0.83125 0.053125 0.05
89 0.3296875 0.840625 0.0359375 0.034375
89 0.35625 0.809375 0.0375 0.0421875
89 0.4625 0.778125 0.03125 0.034375
89 0.5078125 0.709375 0.0421875 0.040625
89 0.5109375 0.746875 0.0296875 0.03125
89 0.3703125 0.8390625 0.046875 0.0421875
89 0.384375 0.803125 0.0375 0.034375
89 0.28125 0.875 0.0359375 0.034375
89 0.421875 0.8578125 0.04375 0.040625
89 0.49375 0.80625 0.01875 0.025
89 0.4625 0.85 0.05 0.0578125
89 0.5125 0.8171875 0.0375 0.040625
89 0.5140625 0.85 0.040625 0.040625
89 0.525 0.778125 0.0296875 0.034375
89 0.55 0.8125 0.0296875 0.0359375
89 0.56875 0.85 0.0390625 0.040625
89 0.571875 0.76875 0.0328125 0.0421875
89 0.6140625 0.846875 0.03125 0.034375
89 0.571875 0.809375 0.0421875 0.0421875
89 0.565625 0.740625 0.03125 0.0328125
89 0.609375 0.8125 0.0375 0.0421875
89 0.5984375 0.778125 0.021875 0.028125
89 0.6375 0.84375 0.0296875 0.0359375
89 0.6203125 0.75625 0.034375 0.040625
89 0.553125 0.671875 0.0390625 0.0421875
89 0.58125 0.6921875 0.0265625 0.028125
89 0.6 0.653125 0.0421875 0.05
89 0.6546875 0.61875 0.03125 0.0390625
89 0.6125 0.634375 0.03125 0.0421875
89 0.628125 0.709375 0.04375 0.04375
89 0.6265625 0.6703125 0.0328125 0.034375
89 0.671875 0.66875 0.034375 0.0390625
89 0.6796875 0.734375 0.0296875 0.0328125
89 0.6625 0.703125 0.0359375 0.046875
89 0.6984375 0.74375 0.0296875 0.0359375
89 0.690625 0.78125 0.0265625 0.0328125
89 0.65625 0.75625 0.0234375 0.028125
89 0.6578125 0.78125 0.0234375 0.0265625
89 0.665625 0.840625 0.034375 0.03125
89 0.659375 0.80625 0.028125 0.0296875
89 0.690625 0.834375 0.0234375 0.0296875
89 0.7 0.821875 0.0328125 0.04375
89 0.740625 0.784375 0.025 0.0359375
89 0.73125 0.821875 0.025 0.034375
89 0.71875 0.6203125 0.0203125 0.028125
89 0.7359375 0.596875 0.0265625 0.0328125
89 0.7625 0.640625 0.025 0.03125
89 0.8125 0.575 0.0328125 0.046875
89 0.834375 0.5546875 0.0328125 0.0453125
89 0.846875 0.596875 0.021875 0.0359375
89 0.8828125 0.5875 0.015625 0.0234375
89 0.80625 0.79375 0.0203125 0.0296875
89 0.746875 0.75625 0.034375 0.046875
89 0.7625 0.7 0.0296875 0.0421875
89 0.7921875 0.771875 0.021875 0.025
89 0.7875 0.753125 0.03125 0.0359375
89 0.825 0.7578125 0.0265625 0.03125
89 0.8265625 0.728125 0.01875 0.028125
89 0.7859375 0.690625 0.0203125 0.028125
89 0.715625 0.6453125 0.01875 0.021875
89 0.6796875 0.65 0.0203125 0.025
89 0.715625 0.675 0.0265625 0.0328125
89 0.740625 0.66875 0.0234375 0.0234375
89 0.775 0.6625 0.028125 0.034375
89 0.775 0.6375 0.0265625 0.034375
89 0.80625 0.6515625 0.021875 0.0296875
89 0.81875 0.6984375 0.025 0.03125
89 0.8484375 0.715625 0.0203125 0.0265625
89 0.853125 0.675 0.0203125 0.0359375
89 0.853125 0.6265625 0.0125 0.0203125
89 0.9 0.60625 0.0140625 0.0234375
89 0.878125 0.7140625 0.01875 0.0296875
89 0.85625 0.7375 0.0234375 0.034375
89 0.88125 0.665625 0.0234375 0.03125
89 0.86875 0.684375 0.0234375 0.0296875
89 0.9109375 0.6875 0.0265625 0.0359375
89 0.9 0.659375 0.01875 0.0234375
89 0.96875 0.634375 0.025 0.0359375
89 0.903125 0.6375 0.0234375 0.0203125
89 0.925 0.665625 0.0171875 0.028125
89 0.9375 0.653125 0.0203125 0.034375
89 0.853125 0.64375 0.0203125 0.0265625
89 0.8296875 0.64375 0.021875 0.028125
89 0.953125 0.6328125 0.015625 0.021875
