89 0.19375 0.76875 0.078125 0.1609375
89 0.246875 0.7 0.0625 0.115625
89 0.28125 0.7875 0.0546875 0.109375
89 0.10625 0.796875 0.0484375 0.1171875
89 0.1046875 0.896875 0.0734375 0.1265625
89 0.253125 0.571875 0.0734375 0.1296875
89 0.2703125 0.55 0.0640625 0.1203125
89 0.28125 0.4671875 0.065625 0.090625
89 0.3328125 0.684375 0.08125 0.159375
89 0.36875 0.6984375 0.0609375 0.1046875
89 0.3859375 0.790625 0.05 0.084375
89 0.4125 0.796875 0.0703125 0.1109375
89 0.4234375 0.6109375 0.0765625 0.11875
89 0.46875 0.5234375 0.040625 0.0640625
89 0.5125 0.5078125 0.06875 0.11875
89 0.4875 0.715625 0.0921875 0.15625
89 0.5578125 0.8 0.0390625 0.0609375
89 0.5859375 0.6375 0.096875 0.14375
89 0.64375 0.76875 0.134375 0.2078125
89 0.71875 0.428125 0.0984375 0.1640625
89 0.81875 0.434375 0.084375 0.128125
89 0.8234375 0.7640625 0.0984375 0.1546875
89 0.153125 0.878125 0.03125 0.09375
