89 0.115625 0.8171875 0.0609375 0.1390625
89 0.178125 0.85 0.046875 0.109375
89 0.23125 0.846875 0.0609375 0.1359375
89 0.3015625 0.896875 0.0484375 0.078125
89 0.3734375 0.8640625 0.0671875 0.1390625
89 0.459375 0.8828125 0.0671875 0.1078125
89 0.575 0.8875 0.096875 0.1421875
89 0.675 0.8953125 0.0984375 0.153125
89 0.771875 0.915625 0.0828125 0.115625
89 0.8625 0.90625 0.0921875 0.1296875
89 0.8875 0.9453125 0.0484375 0.059375
89 0.9625 0.93125 0.06875 0.08125
89 0.9421875 0.8125 0.115625 0.146875
89 0.8125 0.7921875 0.071875 0.121875
89 0.728125 0.815625 0.090625 0.140625
89 0.59375 0.7375 0.1140625 0.1765625
89 0.515625 0.8 0.0703125 0.1265625
89 0.4375 0.7453125 0.10625 0.1703125
89 0.346875 0.7515625 0.059375 0.1125
89 0.303125 0.790625 0.0484375 0.10625
89 0.2 0.7296875 0.0671875 0.125
89 0.2875 0.68125 0.084375 0.1515625
89 0.353125 0.6296875 0.090625 0.1421875
89 0.41875 0.6296875 0.0375 0.0625
89 0.425 0.534375 0.059375 0.10625
89 0.48125 0.58125 0.046875 0.0828125
89 0.5125 0.66875 0.0796875 0.13125
89 0.56875 0.5890625 0.1015625 0.1296875
89 0.6796875 0.6375 0.1015625 0.1421875
89 0.775 0.665625 0.0796875 0.11875
89 0.8734375 0.6875 0.1046875 0.1546875
89 0.89375 0.5234375 0.1203125 0.18125
