89 0.1125 0.21875 0.2 0.4359375
89 0.18125 0.5671875 0.0953125 0.29375
89 0.0953125 0.728125 0.1171875 0.2171875
89 0.203125 0.7359375 0.071875 0.1921875
89 0.84375 0.790625 0.0046875 0.05
89 0.84375 0.828125 0.00625 0.040625
89 0.83125 0.853125 0.009375 0.0515625
89 0.865625 0.8875 0.00625 0.0640625
89 0.8125 0.721875 0.00625 0.0625
89 0.840625 0.965625 0.0046875 0.0484375
89 0.83125 0.975 0.0046875 0.0375
89 0.825 0.95625 0.003125 0.0390625
89 0.83125 0.85 0.0046875 0.04375
89 0.8125 0.703125 0.009375 0.0546875
89 0.815625 0.803125 0.0078125 0.05
89 0.8203125 0.828125 0.00625 0.0515625
89 0.8125 0.61875 0.0046875 0.0484375
89 0.8140625 0.83125 0.00625 0.046875
89 0.8125 0.5875 0.00625 0.0515625
89 0.809375 0.8390625 0.0046875 0.053125
89 0.80625 0.64375 0.00625 0.046875
89 0.803125 0.878125 0.0078125 0.06875
89 0.803125 0.665625 0.0078125 0.05625
89 0.790625 0.896875 0.0109375 0.046875
89 0.8 0.740625 0.0078125 0.0625
89 0.796875 0.875 0.0078125 0.0671875
89 0.8 0.559375 0.0125 0.06875
89 0.7875 0.5953125 0.00625 0.0625
89 0.790625 0.65 0.009375 0.09375
89 0.79375 0.959375 0.0078125 0.0640625
89 0.76875 0.6796875 0.0078125 0.0609375
89 0.7828125 0.8125 0.0109375 0.075
89 0.7640625 0.60625 0.0125 0.0953125
89 0.778125 0.48125 0.009375 0.059375
89 0.76875 0.540625 0.0046875 0.0359375
89 0.753125 0.5671875 0.0078125 0.0515625
89 0.7609375 0.475 0.0125 0.0859375
89 0.78125 0.9609375 0.009375 0.0625
89 0.753125 0.7234375 0.0078125 0.1015625
89 0.75 0.6328125 0.0125 0.0875
89 0.740625 0.496875 0.00625 0.046875
89 0.7390625 0.5546875 0.0078125 0.05
89 0.73125 0.55 0.0109375 0.0671875
89 0.709375 0.49375 0.0125 0.0828125
89 0.74375 0.721875 0.0140625 0.0828125
89 0.73125 0.803125 0.0109375 0.078125
89 0.746875 0.8296875 0.0125 0.071875
89 0.75 0.86875 0.0078125 0.0453125
89 0.7671875 0.9375 0.0109375 0.0984375
89 0.753125 0.9625 0.0109375 0.0734375
89 0.725 0.909375 0.0125 0.0890625
89 0.690625 0.88125 0.0125 0.096875
89 0.7 0.75 0.015625 0.1109375
89 0.64375 0.7875 0.021875 0.0828125
89 0.65 0.93125 0.01875 0.1
89 0.6921875 0.6375 0.015625 0.09375
89 0.69375 0.521875 0.01875 0.1171875
89 0.684375 0.4375 0.0234375 0.1703125
89 0.6671875 0.5484375 0.0109375 0.075
89 0.65 0.609375 0.028125 0.171875
89 0.6203125 0.896875 0.0265625 0.140625
89 0.684375 0.328125 0.0171875 0.146875
89 0.640625 0.24375 0.015625 0.090625
89 0.6109375 0.221875 0.01875 0.0984375
89 0.628125 0.353125 0.021875 0.1921875
89 0.60625 0.328125 0.0234375 0.1546875
89 0.559375 0.184375 0.01875 0.1171875
89 0.425 0.1453125 0.0515625 0.1546875
89 0.5 0.2546875 0.0234375 0.1578125
89 0.446875 0.375 0.0234375 0.134375
89 0.525 0.390625 0.021875 0.128125
89 0.60625 0.45625 0.0109375 0.0890625
89 0.615625 0.4875 0.0125 0.0875
89 0.584375 0.93125 0.025 0.128125
89 0.5625 0.9359375 0.0234375 0.128125
89 0.6 0.7671875 0.0421875 0.18125
89 0.6078125 0.6578125 0.0171875 0.153125
89 0.5765625 0.5875 0.025 0.15625
89 0.559375 0.525 0.01875 0.1671875
89 0.515625 0.5078125 0.021875 0.1265625
89 0.478125 0.525 0.0375 0.146875
89 0.5671875 0.684375 0.0234375 0.134375
89 0.5453125 0.825 0.034375 0.140625
89 0.496875 0.721875 0.0421875 0.1734375
89 0.4734375 0.8640625 0.0296875 0.1109375
89 0.4265625 0.875 0.0703125 0.2046875
89 0.409375 0.765625 0.0484375 0.1328125
89 0.415625 0.61875 0.04375 0.2171875
89 0.415625 0.525 0.0390625 0.1671875
89 0.365625 0.228125 0.0546875 0.1640625
89 0.328125 0.284375 0.05625 0.1625
89 0.259375 0.24375 0.0859375 0.30625
89 0.38125 0.459375 0.05 0.190625
89 0.303125 0.48125 0.078125 0.2046875
89 0.2796875 0.525 0.0828125 0.215625
89 0.278125 0.696875 0.0734375 0.240625
89 0.30625 0.8234375 0.053125 0.2390625
