89 0.2484375 0.9125 0.0328125 0.071875
89 0.2703125 0.8484375 0.034375 0.075
89 0.271875 0.9125 0.0265625 0.0609375
89 0.3078125 0.909375 0.0265625 0.053125
89 0.3046875 0.8640625 0.025 0.0515625
89 0.325 0.8140625 0.0265625 0.059375
89 0.33125 0.8625 0.0328125 0.0546875
89 0.340625 0.8078125 0.025 0.0515625
89 0.3484375 0.83125 0.025 0.0546875
89 0.365625 0.8984375 0.0296875 0.071875
89 0.3921875 0.88125 0.0328125 0.084375
89 0.3953125 0.7703125 0.0203125 0.0484375
89 0.4125 0.815625 0.0140625 0.0359375
89 0.4265625 0.83125 0.0234375 0.0578125
89 0.428125 0.8796875 0.0265625 0.0578125
89 0.4625 0.88125 0.025 0.059375
89 0.4515625 0.828125 0.021875 0.0484375
89 0.434375 0.775 0.0203125 0.0484375
89 0.4265625 0.721875 0.021875 0.0484375
89 0.425 0.6703125 0.028125 0.0609375
89 0.45625 0.615625 0.0265625 0.059375
89 0.440625 0.6875 0.025 0.071875
89 0.4375 0.725 0.021875 0.046875
89 0.446875 0.775 0.0203125 0.0453125
89 0.465625 0.7625 0.0234375 0.065625
89 0.465625 0.8203125 0.0234375 0.0578125
89 0.49375 0.878125 0.021875 0.0484375
89 0.5078125 0.875 0.0171875 0.0515625
89 0.528125 0.86875 0.021875 0.0453125
89 0.54375 0.8640625 0.0171875 0.040625
89 0.484375 0.778125 0.0140625 0.0375
89 0.4625 0.7171875 0.021875 0.04375
89 0.475 0.646875 0.01875 0.0390625
89 0.490625 0.828125 0.0234375 0.0625
89 0.496875 0.815625 0.021875 0.05625
89 0.5 0.746875 0.025 0.0578125
89 0.50625 0.675 0.03125 0.0625
89 0.4875 0.5875 0.0296875 0.0703125
89 0.50625 0.615625 0.01875 0.0484375
89 0.496875 0.559375 0.021875 0.053125
89 0.525 0.540625 0.0203125 0.0578125
89 0.5234375 0.8203125 0.01875 0.0453125
89 0.5515625 0.84375 0.021875 0.0640625
89 0.571875 0.846875 0.0171875 0.0484375
89 0.578125 0.790625 0.015625 0.0484375
89 0.546875 0.784375 0.015625 0.046875
89 0.521875 0.78125 0.015625 0.0390625
89 0.5296875 0.778125 0.0203125 0.05
89 0.521875 0.7453125 0.015625 0.034375
89 0.621875 0.803125 0.0125 0.040625
89 0.5390625 0.7125 0.0171875 0.0453125
89 0.5515625 0.7265625 0.0203125 0.0515625
89 0.5546875 0.74375 0.0171875 0.046875
89 0.5296875 0.6671875 0.0203125 0.0640625
89 0.5359375 0.6140625 0.021875 0.053125
89 0.540625 0.590625 0.0171875 0.04375
89 0.5828125 0.746875 0.0203125 0.0671875
89 0.5546875 0.69375 0.025 0.0578125
89 0.54375 0.6375 0.0234375 0.0734375
89 0.6125 0.775 0.0140625 0.046875
89 0.565625 0.621875 0.0171875 0.046875
89 0.565625 0.5765625 0.0125 0.034375
89 0.56875 0.5390625 0.0125 0.0453125
89 0.578125 0.5046875 0.015625 0.046875
89 0.59375 0.6625 0.01875 0.0546875
89 0.58125 0.6125 0.015625 0.0421875
89 0.5828125 0.525 0.0234375 0.0609375
89 0.596875 0.571875 0.0171875 0.046875
89 0.596875 0.7125 0.0140625 0.0390625
89 0.609375 0.7453125 0.0203125 0.059375
89 0.6359375 0.753125 0.0171875 0.0421875
89 0.603125 0.69375 0.0140625 0.0515625
89 0.609375 0.6484375 0.0140625 0.0421875
89 0.6 0.615625 0.0109375 0.034375
89 0.609375 0.6296875 0.025 0.0734375
89 0.6359375 0.7078125 0.0125 0.040625
89 0.63125 0.659375 0.015625 0.0515625
89 0.625 0.590625 0.015625 0.040625
89 0.65625 0.721875 0.015625 0.0484375
89 0.65 0.6875 0.0125 0.040625
89 0.671875 0.690625 0.0125 0.0453125
89 0.659375 0.6640625 0.009375 0.03125
89 0.65625 0.63125 0.015625 0.0546875
89 0.665625 0.64375 0.0125 0.04375
89 0.640625 0.584375 0.0140625 0.040625
89 0.65625 0.58125 0.015625 0.0390625
89 0.65625 0.553125 0.0078125 0.0265625
89 0.69375 0.6515625 0.0171875 0.0484375
89 0.675 0.6125 0.0171875 0.046875
89 0.709375 0.65 0.015625 0.046875
89 0.7015625 0.61875 0.0109375 0.0390625
89 0.6875 0.6078125 0.0109375 0.0359375
89 0.7109375 0.596875 0.0140625 0.05
89 0.690625 0.5765625 0.0140625 0.0296875
89 0.684375 0.55625 0.015625 0.05
89 0.6875 0.528125 0.0109375 0.0328125
89 0.678125 0.5 0.0109375 0.0328125
89 0.721875 0.56875 0.0140625 0.0328125
89 0.734375 0.615625 0.0140625 0.0328125
89 0.73125 0.571875 0.01875 0.0515625
89 0.75 0.6 0.015625 0.0359375
89 0.790625 0.6015625 0.0140625 0.0375
89 0.653125 0.5125 0.0140625 0.0515625
89 0.63125 0.475 0.0203125 0.065625
89 0.6453125 0.4484375 0.021875 0.0640625
