89 0.3828125 0.425 0.134375 0.2171875
89 0.4640625 0.515625 0.09375 0.1609375
89 0.29375 0.5875 0.1 0.153125
89 0.190625 0.5765625 0.059375 0.0875
89 0.2328125 0.728125 0.1375 0.221875
89 0.16875 0.846875 0.0796875 0.1203125
89 0.284375 0.940625 0.0984375 0.1171875
89 0.4140625 0.61875 0.0859375 0.1375
89 0.3765625 0.7703125 0.121875 0.190625
89 0.35 0.9 0.0625 0.115625
89 0.425 0.88125 0.08125 0.1265625
89 0.49375 0.746875 0.1046875 0.1671875
89 0.559375 0.6375 0.0875 0.15
89 0.66875 0.646875 0.059375 0.11875
89 0.6125 0.728125 0.08125 0.1546875
89 0.696875 0.784375 0.10625 0.184375
89 0.559375 0.91875 0.0859375 0.14375
89 0.871875 0.9 0.05625 0.115625
