89 0.315625 0.2328125 0.0703125 0.1140625
89 0.45 0.2359375 0.0625 0.09375
89 0.2859375 0.31875 0.0578125 0.0796875
89 0.36875 0.340625 0.078125 0.1234375
89 0.440625 0.334375 0.059375 0.0765625
89 0.50625 0.3109375 0.065625 0.071875
89 0.565625 0.30625 0.053125 0.0734375
89 0.271875 0.5703125 0.059375 0.0859375
89 0.571875 0.390625 0.0734375 0.096875
89 0.56875 0.4875 0.0546875 0.06875
89 0.559375 0.565625 0.059375 0.0859375
89 0.475 0.425 0.059375 0.078125
89 0.509375 0.4765625 0.0578125 0.084375
89 0.503125 0.571875 0.059375 0.09375
89 0.403125 0.4140625 0.0546875 0.078125
89 0.278125 0.3984375 0.0515625 0.0796875
89 0.275 0.4859375 0.04375 0.065625
89 0.3359375 0.440625 0.075 0.09375
89 0.421875 0.496875 0.0796875 0.0875
89 0.3328125 0.5171875 0.0453125 0.0640625
89 0.35 0.5796875 0.0453125 0.065625
89 0.440625 0.571875 0.0625 0.08125
89 0.390625 0.578125 0.0421875 0.0671875
