89 0.184375 0.309375 0.140625 0.0859375
89 0.334375 0.265625 0.1375 0.0890625
89 0.4515625 0.228125 0.1265625 0.0828125
89 0.6484375 0.25625 0.18125 0.125
89 0.821875 0.2625 0.134375 0.078125
89 0.16875 0.4125 0.1734375 0.1171875
89 0.3125 0.35625 0.1421875 0.0890625
89 0.465625 0.340625 0.13125 0.0875
89 0.1421875 0.5078125 0.1046875 0.075
89 0.3484375 0.5203125 0.2015625 0.1125
89 0.446875 0.4375 0.15 0.1
89 0.590625 0.434375 0.121875 0.08125
89 0.7453125 0.371875 0.25625 0.1484375
89 0.8140625 0.490625 0.15625 0.1015625
89 0.6484375 0.50625 0.146875 0.0984375
89 0.51875 0.55625 0.1328125 0.09375
89 0.234375 0.625 0.2 0.146875
89 0.40625 0.6296875 0.16875 0.1125
89 0.559375 0.659375 0.159375 0.103125
89 0.753125 0.6140625 0.24375 0.1625
