89 0.3984375 0.3578125 0.071875 0.0421875
89 0.478125 0.365625 0.0625 0.0421875
89 0.61875 0.3375 0.059375 0.040625
89 0.6734375 0.359375 0.0703125 0.05
89 0.796875 0.35 0.0484375 0.0375
89 0.8421875 0.3625 0.0484375 0.0328125
89 0.5375 0.3859375 0.0625 0.0453125
89 0.609375 0.378125 0.0578125 0.0375
89 0.7421875 0.384375 0.090625 0.0515625
89 0.8359375 0.403125 0.0578125 0.0375
89 0.3984375 0.40625 0.065625 0.0453125
89 0.465625 0.41875 0.0609375 0.04375
89 0.378125 0.446875 0.0375 0.0265625
89 0.378125 0.475 0.0390625 0.0265625
89 0.38125 0.503125 0.0359375 0.0234375
89 0.38125 0.5328125 0.0453125 0.0265625
89 0.39375 0.5703125 0.05 0.0375
89 0.3875 0.603125 0.0453125 0.028125
89 0.390625 0.6375 0.0453125 0.0296875
89 0.528125 0.6375 0.0296875 0.0203125
89 0.45625 0.459375 0.0546875 0.0375
89 0.41875 0.4859375 0.04375 0.0296875
89 0.4625 0.490625 0.04375 0.028125
89 0.5125 0.48125 0.04375 0.028125
89 0.4171875 0.51875 0.05 0.034375
89 0.478125 0.5171875 0.034375 0.0234375
89 0.4578125 0.540625 0.0390625 0.0265625
89 0.446875 0.56875 0.0375 0.0234375
89 0.446875 0.6 0.046875 0.0296875
89 0.44375 0.634375 0.0484375 0.034375
89 0.4921875 0.6359375 0.040625 0.0265625
89 0.4921875 0.6 0.0484375 0.03125
89 0.48125 0.571875 0.0390625 0.028125
89 0.5046875 0.54375 0.04375 0.03125
89 0.5265625 0.515625 0.0421875 0.03125
89 0.5234375 0.4390625 0.0609375 0.0421875
89 0.58125 0.4203125 0.05625 0.040625
89 0.640625 0.4125 0.065625 0.0515625
89 0.5765625 0.48125 0.0328125 0.0234375
89 0.590625 0.515625 0.04375 0.0328125
89 0.55625 0.540625 0.046875 0.0328125
89 0.5328125 0.575 0.053125 0.034375
89 0.55625 0.6078125 0.05 0.0328125
89 0.578125 0.6390625 0.0359375 0.025
89 0.575 0.5734375 0.0421875 0.028125
89 0.625 0.6328125 0.0453125 0.03125
89 0.840625 0.440625 0.0421875 0.0296875
89 0.834375 0.471875 0.0375 0.028125
89 0.85625 0.503125 0.0359375 0.028125
89 0.725 0.478125 0.0390625 0.028125
89 0.7578125 0.496875 0.034375 0.0234375
89 0.678125 0.490625 0.0375 0.028125
89 0.628125 0.4625 0.0671875 0.0453125
89 0.70625 0.440625 0.0625 0.046875
89 0.79375 0.48125 0.0390625 0.0296875
89 0.7765625 0.4359375 0.0828125 0.0546875
89 0.6375 0.503125 0.046875 0.034375
89 0.715625 0.509375 0.04375 0.0296875
89 0.796875 0.5109375 0.04375 0.0296875
89 0.665625 0.5265625 0.034375 0.025
89 0.609375 0.540625 0.0515625 0.034375
89 0.634375 0.571875 0.04375 0.034375
89 0.6109375 0.6015625 0.0421875 0.0296875
89 0.653125 0.60625 0.0421875 0.028125
89 0.66875 0.634375 0.03125 0.0203125
89 0.70625 0.6234375 0.0453125 0.028125
89 0.69375 0.540625 0.0421875 0.0328125
89 0.696875 0.58125 0.05 0.0375
89 0.740625 0.603125 0.0359375 0.0265625
89 0.75 0.56875 0.046875 0.034375
89 0.765625 0.5328125 0.0515625 0.0390625
89 0.84375 0.53125 0.0390625 0.028125
89 0.74375 0.63125 0.0421875 0.028125
89 0.8 0.628125 0.053125 0.034375
89 0.765625 0.5984375 0.03125 0.0234375
89 0.7953125 0.5734375 0.0375 0.028125
89 0.846875 0.628125 0.04375 0.03125
89 0.809375 0.54375 0.0390625 0.028125
89 0.840625 0.5640625 0.04375 0.028125
89 0.821875 0.59375 0.0453125 0.0328125
89 0.18125 0.4390625 0.028125 0.021875
89 0.178125 0.471875 0.025 0.0171875
89 0.959375 0.66875 0.0203125 0.0125
