89 0.39375 0.1578125 0.1421875 0.2046875
89 0.65 0.15625 0.1125 0.1609375
89 0.51875 0.28125 0.1375 0.2203125
89 0.28125 0.325 0.153125 0.2234375
89 0.078125 0.384375 0.1296875 0.1953125
89 0.409375 0.503125 0.1703125 0.25
89 0.81875 0.2609375 0.15 0.2125
89 0.671875 0.375 0.1453125 0.23125
89 0.203125 0.6171875 0.2421875 0.3765625
89 0.5984375 0.628125 0.1890625 0.2953125
89 0.84375 0.5 0.14375 0.228125
89 0.94296875 0.3421875 0.1140625 0.171875
89 0.778125 0.7296875 0.1640625 0.2421875
89 0.40625 0.78125 0.2046875 0.265625
