89 0.2171875 0.090625 0.1140625 0.18125
89 0.109375 0.2375 0.175 0.2859375
89 0.3171875 0.203125 0.1296875 0.2359375
89 0.0875 0.521875 0.1359375 0.2125
89 0.246875 0.428125 0.1546875 0.2453125
89 0.2125 0.7 0.153125 0.2375
89 0.134375 0.903125 0.103125 0.1515625
89 0.246875 0.8921875 0.1125 0.1953125
89 0.490625 0.19375 0.1109375 0.2140625
89 0.409375 0.3828125 0.13125 0.2453125
89 0.353125 0.6125 0.109375 0.1859375
89 0.375 0.790625 0.109375 0.196875
89 0.415625 0.92109375 0.10625 0.1578125
89 0.5875 0.1265625 0.06875 0.15625
89 0.51875 0.390625 0.10625 0.209375
89 0.45625 0.5703125 0.109375 0.2046875
89 0.4828125 0.7359375 0.0984375 0.1953125
89 0.525 0.884375 0.08125 0.159375
89 0.65 0.0890625 0.0984375 0.178125
89 0.6125 0.259375 0.090625 0.1875
89 0.6125 0.440625 0.0765625 0.1625
89 0.5546875 0.6125 0.0921875 0.1953125
89 0.5953125 0.775 0.090625 0.1890625
89 0.584375 0.940625 0.0625 0.1171875
89 0.6953125 0.2015625 0.065625 0.14375
89 0.740625 0.321875 0.0875 0.1921875
89 0.703125 0.4515625 0.0703125 0.153125
89 0.66875 0.61875 0.0859375 0.190625
89 0.6734375 0.775 0.09375 0.1859375
89 0.6421875 0.9328125 0.0671875 0.1296875
89 0.725 0.884375 0.071875 0.15
89 0.784375 0.13125 0.090625 0.2140625
89 0.8578125 0.08125 0.0890625 0.1609375
89 0.853125 0.259375 0.065625 0.15625
89 0.7640625 0.515625 0.0671875 0.1609375
89 0.8234375 0.4140625 0.0671875 0.1546875
89 0.740625 0.675 0.0578125 0.1171875
89 0.940625 0.1875 0.0609375 0.153125
89 0.9015625 0.3484375 0.0703125 0.1671875
89 0.959375 0.284375 0.046875 0.121875
89 0.8015625 0.6015625 0.08125 0.18125
89 0.86875 0.484375 0.0453125 0.121875
89 0.940625 0.459375 0.0578125 0.146875
89 0.775 0.7625 0.0609375 0.1390625
89 0.84375 0.6953125 0.0671875 0.153125
89 0.890625 0.58125 0.059375 0.1390625
89 0.8046875 0.8453125 0.0671875 0.1484375
89 0.865625 0.8203125 0.04375 0.1125
89 0.909375 0.725 0.0546875 0.121875
89 0.95625 0.6921875 0.05 0.1140625
89 0.915625 0.8375 0.05625 0.13125
89 0.940625 0.9125 0.0578125 0.1453125
