89 0.196875 0.484375 0.0921875 0.1953125
89 0.484375 0.503125 0.1265625 0.228125
89 0.296875 0.5125 0.1140625 0.2125
89 0.690625 0.665625 0.1578125 0.2578125
89 0.853125 0.725 0.153125 0.23125
89 0.7375 0.88125 0.11875 0.184375
89 0.534375 0.69375 0.1109375 0.2
89 0.1625 0.65 0.06875 0.1359375
89 0.278125 0.7265625 0.096875 0.184375
89 0.378125 0.68125 0.1046875 0.1875
89 0.153125 0.821875 0.075 0.1796875
89 0.2359375 0.890625 0.0640625 0.1265625
89 0.35625 0.896875 0.096875 0.1953125
89 0.434375 0.853125 0.115625 0.2328125
89 0.621875 0.88671875 0.134375 0.2265625
