89 0.25625 0.1015625 0.0703125 0.1078125
89 0.3890625 0.10625 0.05 0.075
89 0.321875 0.090625 0.059375 0.0859375
89 0.44375 0.115625 0.0515625 0.0796875
89 0.5046875 0.10625 0.0515625 0.0703125
89 0.615625 0.1171875 0.05625 0.08125
89 0.55625 0.121875 0.0515625 0.075
89 0.7453125 0.10625 0.065625 0.1015625
89 0.675 0.1125 0.0546875 0.084375
89 0.225 0.178125 0.04375 0.06875
89 0.18125 0.2375 0.05625 0.0859375
89 0.1375 0.315625 0.0609375 0.090625
89 0.0875 0.3984375 0.053125 0.084375
89 0.04375 0.4640625 0.06875 0.1015625
89 0.26875 0.190625 0.053125 0.078125
89 0.2375 0.265625 0.05 0.0859375
89 0.2 0.340625 0.0640625 0.1015625
89 0.159375 0.43125 0.05625 0.0953125
89 0.109375 0.515625 0.0515625 0.0859375
89 0.0671875 0.6375 0.071875 0.1171875
89 0.3 0.3046875 0.0609375 0.1
89 0.265625 0.396875 0.059375 0.0890625
89 0.215625 0.446875 0.0578125 0.09375
89 0.1875 0.534375 0.05 0.0828125
89 0.1421875 0.603125 0.0703125 0.1125
89 0.0828125 0.746875 0.053125 0.0859375
89 0.0375 0.821875 0.0609375 0.0953125
89 0.29375 0.490625 0.0671875 0.1046875
89 0.24375 0.5828125 0.065625 0.10625
89 0.2046875 0.68125 0.071875 0.1125
89 0.1375 0.7171875 0.0546875 0.0875
89 0.11875 0.821875 0.0578125 0.090625
89 0.084375 0.8875 0.0484375 0.078125
89 0.190625 0.80625 0.071875 0.1046875
89 0.071875 0.9625 0.0484375 0.075
89 0.159375 0.8875 0.046875 0.071875
89 0.125 0.94375 0.053125 0.0890625
89 0.225 0.9 0.05625 0.0828125
89 0.1765625 0.9640625 0.0515625 0.071875
89 0.3875 0.25 0.053125 0.0828125
89 0.3625 0.46875 0.06875 0.1109375
89 0.2921875 0.66875 0.075 0.1171875
89 0.2875 0.871875 0.0625 0.0953125
89 0.38125 0.3453125 0.0578125 0.0953125
89 0.3453125 0.571875 0.071875 0.109375
89 0.265625 0.7765625 0.059375 0.090625
89 0.2609375 0.96796875 0.05 0.0640625
89 0.33125 0.765625 0.0671875 0.0984375
89 0.3234375 0.9515625 0.0625 0.096875
89 0.359375 0.8578125 0.0609375 0.103125
89 0.4171875 0.8 0.06875 0.103125
89 0.378125 0.675 0.0703125 0.1078125
89 0.39375 0.95 0.0578125 0.084375
89 0.45 0.903125 0.071875 0.1046875
89 0.4953125 0.815625 0.071875 0.1125
89 0.4515625 0.70625 0.0609375 0.09375
89 0.403125 0.5375 0.046875 0.0765625
89 0.4375 0.3078125 0.053125 0.0828125
89 0.4625 0.5 0.071875 0.109375
89 0.4421875 0.3984375 0.0625 0.0921875
89 0.4875 0.2515625 0.059375 0.09375
89 0.44375 0.6046875 0.065625 0.1015625
89 0.515625 0.715625 0.0609375 0.0921875
89 0.525 0.9171875 0.0734375 0.109375
89 0.496875 0.34375 0.0640625 0.09375
89 0.525 0.45625 0.0625 0.0890625
89 0.5125 0.56875 0.0546875 0.08125
89 0.55625 0.30625 0.053125 0.0828125
89 0.584375 0.8640625 0.0515625 0.0765625
89 0.578125 0.7609375 0.0671875 0.0984375
89 0.5625 0.6390625 0.0765625 0.115625
89 0.584375 0.525 0.0828125 0.128125
89 0.6046875 0.396875 0.0609375 0.1
89 0.625 0.2703125 0.078125 0.1078125
89 0.7984375 0.18125 0.0671875 0.103125
89 0.6625 0.371875 0.0625 0.1
89 0.6625 0.6 0.0640625 0.0984375
89 0.6703125 0.4828125 0.0734375 0.109375
89 0.6375 0.7 0.0625 0.1015625
89 0.64375 0.8234375 0.075 0.1203125
89 0.621875 0.928125 0.059375 0.0953125
89 0.73125 0.34375 0.0625 0.1046875
89 0.740625 0.546875 0.0671875 0.1015625
89 0.7578125 0.4421875 0.065625 0.09375
89 0.80625 0.4 0.0546875 0.0921875
89 0.7234375 0.65625 0.075 0.1125
89 0.696875 0.7453125 0.04375 0.0859375
89 0.7 0.896875 0.0671875 0.1078125
89 0.740625 0.81875 0.0609375 0.0953125
89 0.7875 0.734375 0.0640625 0.1
89 0.8125 0.509375 0.065625 0.109375
89 0.790625 0.6125 0.05625 0.0875
89 0.80625 0.8328125 0.0640625 0.0921875
89 0.778125 0.928125 0.059375 0.090625
89 0.86875 0.55625 0.04375 0.071875
89 0.859375 0.76875 0.0640625 0.1015625
89 0.834375 0.90625 0.05625 0.084375
89 0.85625 0.64375 0.0640625 0.0921875
89 0.91875 0.7328125 0.0453125 0.0734375
89 0.896875 0.86875 0.06875 0.115625
89 0.96796875 0.909375 0.0640625 0.115625
89 0.9484375 0.80625 0.0484375 0.0796875
89 0.8328125 0.275 0.0578125 0.09375
89 0.915625 0.45 0.0625 0.1046875
89 0.871875 0.359375 0.0640625 0.1
89 0.9421875 0.5546875 0.059375 0.1
89 0.9734375 0.6375 0.053125 0.1
