89 0.0984375 0.6921875 0.065625 0.11875
89 0.128125 0.815625 0.0421875 0.0859375
89 0.2375 0.5359375 0.0703125 0.14375
89 0.19375 0.615625 0.0546875 0.1078125
89 0.2078125 0.74375 0.059375 0.121875
89 0.2140625 0.6265625 0.05625 0.1078125
89 0.33125 0.4625 0.05625 0.1328125
89 0.28125 0.60625 0.071875 0.178125
89 0.2421875 0.771875 0.053125 0.11875
89 0.31875 0.696875 0.0515625 0.096875
89 0.1625 0.871875 0.065625 0.1359375
89 0.23125 0.89375 0.05625 0.115625
89 0.30625 0.784375 0.0609375 0.1421875
89 0.275 0.903125 0.065625 0.140625
89 0.34375 0.8296875 0.034375 0.0796875
89 0.334375 0.9359375 0.0578125 0.125
89 0.3890625 0.78125 0.0546875 0.1265625
89 0.359375 0.928125 0.05 0.128125
89 0.4265625 0.875 0.034375 0.0859375
89 0.440625 0.80625 0.0296875 0.0796875
89 0.4203125 0.9578125 0.0375 0.084375
89 0.3625 0.55 0.0375 0.090625
89 0.409375 0.440625 0.059375 0.1625
89 0.421875 0.6328125 0.06875 0.1421875
89 0.44375 0.40625 0.0375 0.109375
89 0.4390625 0.5265625 0.04375 0.1
89 0.44375 0.4703125 0.040625 0.071875
89 0.5046875 0.4328125 0.040625 0.1140625
89 0.475 0.64375 0.0515625 0.1375
89 0.44375 0.8796875 0.0421875 0.1125
89 0.4828125 0.7546875 0.040625 0.096875
89 0.478125 0.9109375 0.0375 0.096875
89 0.5015625 0.5640625 0.040625 0.1109375
89 0.5046875 0.796875 0.0421875 0.109375
89 0.49375 0.678125 0.0359375 0.0984375
89 0.509375 0.8359375 0.0359375 0.0984375
89 0.54375 0.95 0.0359375 0.1
89 0.521875 0.51875 0.0234375 0.0671875
89 0.521875 0.7515625 0.046875 0.1171875
89 0.5140625 0.628125 0.05625 0.1625
89 0.5625 0.8765625 0.040625 0.1296875
89 0.559375 0.634375 0.03125 0.0859375
89 0.609375 0.9375 0.03125 0.0640625
89 0.584375 0.478125 0.025 0.08125
89 0.6 0.821875 0.028125 0.0796875
89 0.571875 0.55 0.0203125 0.0640625
89 0.6140625 0.428125 0.028125 0.0890625
89 0.6125 0.890625 0.034375 0.1046875
89 0.653125 0.928125 0.0296875 0.0765625
89 0.6140625 0.8078125 0.0265625 0.078125
89 0.615625 0.48125 0.0390625 0.0875
89 0.59375 0.63125 0.0265625 0.078125
89 0.628125 0.559375 0.025 0.090625
89 0.603125 0.725 0.034375 0.1125
89 0.64375 0.575 0.0296875 0.0875
89 0.634375 0.7171875 0.0203125 0.075
89 0.665625 0.85625 0.01875 0.071875
89 0.6375 0.6703125 0.040625 0.1296875
89 0.69375 0.89375 0.0234375 0.0953125
89 0.675 0.640625 0.025 0.075
89 0.66875 0.76875 0.0265625 0.0953125
89 0.728125 0.84375 0.021875 0.0796875
89 0.69375 0.828125 0.0203125 0.0703125
89 0.7 0.6390625 0.0234375 0.0828125
89 0.7125 0.4 0.0328125 0.128125
89 0.7171875 0.725 0.021875 0.090625
89 0.74375 0.39375 0.028125 0.11875
89 0.7125 0.7875 0.015625 0.05625
89 0.721875 0.653125 0.0203125 0.078125
89 0.7296875 0.765625 0.0125 0.0796875
89 0.74375 0.503125 0.0203125 0.1015625
89 0.746875 0.728125 0.0234375 0.084375
89 0.7359375 0.5859375 0.0125 0.059375
89 0.7671875 0.8 0.0203125 0.090625
89 0.7796875 0.521875 0.015625 0.0578125
89 0.7875 0.8078125 0.0125 0.08125
89 0.790625 0.5828125 0.015625 0.0625
89 0.7671875 0.7203125 0.0140625 0.0578125
89 0.859375 0.7765625 0.0171875 0.0703125
89 0.7859375 0.75625 0.0140625 0.06875
89 0.771875 0.6375 0.0234375 0.1015625
89 0.821875 0.6984375 0.0140625 0.0546875
89 0.775 0.66875 0.01875 0.078125
89 0.803125 0.7265625 0.0171875 0.071875
89 0.8359375 0.715625 0.0234375 0.090625
89 0.8 0.753125 0.015625 0.059375
