89 0.296875 0.559375 0.203125 0.13125
89 0.45 0.56875 0.0984375 0.0671875
89 0.61875 0.5 0.18125 0.121875
89 0.15625 0.6375 0.1296875 0.084375
89 0.9421875 0.584375 0.090625 0.059375
89 0.628125 0.615625 0.16875 0.103125
89 0.2734375 0.6765625 0.115625 0.08125
89 0.0828125 0.703125 0.115625 0.075
89 0.403125 0.6578125 0.1171875 0.0796875
89 0.509375 0.7046875 0.1078125 0.0765625
89 0.6703125 0.7015625 0.0828125 0.059375
89 0.11875 0.7703125 0.090625 0.059375
89 0.23125 0.75625 0.1296875 0.0859375
89 0.3734375 0.75 0.128125 0.084375
89 0.7203125 0.584375 0.0953125 0.065625
89 0.8125 0.625 0.1140625 0.078125
89 0.7234375 0.6875 0.09375 0.0703125
89 0.89375 0.678125 0.1109375 0.0796875
89 0.6875 0.771875 0.13125 0.084375
89 0.159375 0.846875 0.1296875 0.084375
89 0.815625 0.74375 0.13125 0.0859375
89 0.290625 0.83125 0.121875 0.0828125
89 0.25 0.925 0.1546875 0.1125
89 0.378125 0.896875 0.1109375 0.0765625
89 0.51875 0.8234375 0.2484375 0.1578125
89 0.840625 0.840625 0.1421875 0.103125
89 0.925 0.896875 0.0953125 0.06875
89 0.428125 0.959375 0.1328125 0.0796875
89 0.56875 0.9640625 0.1125 0.071875
89 0.696875 0.9125 0.1390625 0.09375
89 0.821875 0.959375 0.11875 0.078125
