89 0.1359375 0.58125 0.1 0.16875
89 0.11875 0.7390625 0.0953125 0.1484375
89 0.165625 0.853125 0.0828125 0.1359375
89 0.234375 0.721875 0.1234375 0.19375
89 0.290625 0.846875 0.065625 0.0984375
89 0.321875 0.7609375 0.084375 0.1296875
89 0.3875 0.65 0.0984375 0.1453125
89 0.43125 0.540625 0.0515625 0.078125
89 0.5265625 0.540625 0.090625 0.140625
89 0.36875 0.878125 0.0953125 0.134375
89 0.465625 0.78125 0.1203125 0.1875
89 0.571875 0.6875 0.10625 0.16875
89 0.659375 0.846875 0.1640625 0.24375
89 0.840625 0.8375 0.103125 0.16875
