223 0.2921875 0.234375 0.0375 0.0515625
223 0.2984375 0.471875 0.0484375 0.0671875
223 0.3046875 0.6828125 0.04375 0.065625
223 0.3078125 0.8875 0.0453125 0.0625
223 0.66875 0.896875 0.04375 0.0609375
223 0.6671875 0.6875 0.046875 0.05625
223 0.6703125 0.4625 0.0453125 0.0609375
223 0.6765625 0.221875 0.0515625 0.0484375
223 0.3015625 0.1703125 0.315625 0.196875
223 0.303125 0.4 0.3046875 0.196875
223 0.315625 0.6125 0.3015625 0.2171875
223 0.3125 0.821875 0.3046875 0.203125
223 0.315625 0.959375 0.296875 0.08125
223 0.6703125 0.9640625 0.3140625 0.071875
223 0.66875 0.828125 0.3234375 0.2078125
223 0.671875 0.6171875 0.325 0.20625
223 0.66875 0.3984375 0.33125 0.2125
223 0.675 0.1640625 0.3375 0.2390625