129 0.7296875 0.5203125 0.5 0.5140625
129 0.6375 0.6984375 0.434375 0.5125
129 0.8609375 0.70625 0.2609375 0.2765625
129 0.75 0.78125 0.2953125 0.321875
129 0.8890625 0.809375 0.1640625 0.178125
129 0.49375 0.7625 0.371875 0.4
129 0.3546875 0.8375 0.321875 0.325
129 0.296875 0.934375 0.1359375 0.0984375
129 0.40234375 0.93984375 0.2546875 0.1203125
129 0.55625 0.9328125 0.1390625 0.134375
129 0.4515625 0.0984375 0.340625 0.196875
129 0.671875 0.075 0.3125 0.15
129 0.4625 0.203125 0.4046875 0.40625
129 0.671875 0.15625 0.2515625 0.240625
129 0.6 0.3328125 0.2671875 0.2359375
129 0.24375 0.3734375 0.4875 0.66875