129 0.56875 0.278125 0.5234375 0.5015625
129 0.7234375 0.40625 0.540625 0.41875
129 0.778125 0.184375 0.2828125 0.275
129 0.8203125 0.3171875 0.3203125 0.2859375
129 0.865625 0.178125 0.1328125 0.1859375
129 0.75625 0.5625 0.4109375 0.3671875
129 0.809375 0.715625 0.3515625 0.3234375
129 0.903125 0.796875 0.1453125 0.1453125
129 0.921875 0.7046875 0.1546875 0.271875
129 0.9328125 0.534375 0.134375 0.1390625
129 0.096875 0.44375 0.19375 0.365625
129 0.103125 0.253125 0.2046875 0.2609375
129 0.203125 0.47421875 0.40625 0.4078125
129 0.2 0.259375 0.240625 0.2578125
129 0.35625 0.3671875 0.23125 0.2765625
129 0.328125 0.73359375 0.61875 0.5328125