129 0.809375 0.31875 0.228125 0.2125
129 0.903125 0.240625 0.19375 0.2109375
129 0.79375 0.484375 0.315625 0.296875
129 0.934375 0.43125 0.1296875 0.2515625
129 0.459375 0.690625 0.290625 0.334375
129 0.540625 0.909375 0.19375 0.1796875
129 0.7140625 0.8890625 0.25 0.221875
129 0.26875 0.2984375 0.2875 0.3015625
129 0.490625 0.2125 0.175 0.1859375
129 0.409375 0.4296875 0.2203125 0.2046875
129 0.1984375 0.7640625 0.2640625 0.2296875
129 0.1375 0.521875 0.275 0.440625
129 0.1234375 0.840625 0.19375 0.1234375