129 0.171875 0.2375 0.3328125 0.215625
129 0.471875 0.221875 0.30625 0.275
129 0.34765625 0.05 0.2546875 0.1
129 0.828125 0.19375 0.3375 0.378125
129 0.2390625 0.696875 0.321875 0.3953125
129 0.496875 0.584375 0.35 0.4953125
129 0.209375 0.459375 0.18125 0.2015625
129 0.346875 0.459375 0.159375 0.25
129 0.225 0.3625 0.1671875 0.0671875
129 0.8765625 0.440625 0.2046875 0.1578125
129 0.7265625 0.43125 0.1390625 0.1484375
129 0.771875 0.715625 0.2609375 0.1984375
129 0.8953125 0.56875 0.209375 0.184375
129 0.759375 0.5546875 0.2234375 0.20625