129 0.65625 0.328125 0.63125 0.6296875
129 0.7234375 0.509375 0.553125 0.5859375
129 0.85625 0.3328125 0.2859375 0.3375
129 0.840625 0.46875 0.31875 0.3828125
129 0.9375 0.371875 0.125 0.21875
129 0.70625 0.6640625 0.4796875 0.478125
129 0.684375 0.809375 0.40625 0.38125
129 0.725 0.9265625 0.1484375 0.146875
129 0.7953125 0.846875 0.2359375 0.24375
129 0.884375 0.71875 0.175 0.175
129 0.15625 0.284375 0.3125 0.35625
129 0.2640625 0.125 0.2875 0.25
129 0.246875 0.35 0.4921875 0.50625
129 0.328125 0.15625 0.30625 0.30625
129 0.4265625 0.31875 0.3109375 0.3140625
129 0.303125 0.634375 0.6046875 0.73125