129 0.7296875 0.525 0.5328125 0.5421875
129 0.634375 0.7015625 0.4765625 0.528125
129 0.85859375 0.7109375 0.2828125 0.29375
129 0.740625 0.7796875 0.309375 0.325
129 0.884375 0.796875 0.178125 0.1546875
129 0.4875 0.7625 0.3984375 0.4171875
129 0.346875 0.8328125 0.346875 0.334375
129 0.284375 0.9375 0.1515625 0.1234375
129 0.38671875 0.93359375 0.2796875 0.1328125
129 0.55 0.93125 0.1484375 0.1375
129 0.465625 0.1046875 0.365625 0.209375
129 0.6578125 0.0828125 0.2875 0.165625
129 0.465625 0.209375 0.4296875 0.4171875
129 0.678125 0.159375 0.2640625 0.25625
129 0.603125 0.334375 0.2765625 0.25625
129 0.25625 0.3890625 0.5109375 0.665625