129 0.1421875 0.4640625 0.21875 0.23125
129 0.059375 0.4640625 0.1171875 0.225
129 0.253125 0.340625 0.30625 0.3203125
129 0.021875 0.2984375 0.04375 0.178125
129 0.0953125 0.26875 0.190625 0.2453125
129 0.64375 0.3703125 0.3375 0.3015625
129 0.728125 0.115625 0.25 0.2046875
129 0.56171875 0.0875 0.2515625 0.175
129 0.56875 0.8 0.3078125 0.296875
129 0.3375 0.7375 0.1890625 0.1796875
129 0.53125 0.609375 0.2109375 0.2234375
129 0.88984375 0.46171875 0.2203125 0.2671875
129 0.81484375 0.72734375 0.3703125 0.4046875
129 0.96875 0.4453125 0.0625 0.190625
