129 0.71875 0.421875 0.5609375 0.5734375
129 0.709375 0.621875 0.4953125 0.5640625
129 0.88359375 0.53046875 0.2328125 0.3078125
129 0.8390625 0.6484375 0.321875 0.35625
129 0.94375 0.6140625 0.1109375 0.196875
129 0.6046875 0.740625 0.41875 0.44375
129 0.51171875 0.84296875 0.3609375 0.3140625
129 0.4984375 0.96171875 0.146875 0.0765625
129 0.596875 0.9296875 0.2609375 0.140625
129 0.7375 0.871875 0.15625 0.1609375
129 0.28125 0.140625 0.359375 0.2734375
129 0.478125 0.071875 0.3203125 0.1421875
129 0.340625 0.2453125 0.453125 0.45625
129 0.50859375 0.125 0.2796875 0.25
129 0.5203125 0.30625 0.29375 0.2671875
129 0.253125 0.4953125 0.5046875 0.71875