129 0.76875 0.1765625 0.2109375 0.3296875
129 0.7796875 0.478125 0.2703125 0.3015625
129 0.95234375 0.35625 0.0953125 0.253125
129 0.803125 0.83359375 0.371875 0.3328125
129 0.3078125 0.2359375 0.3921875 0.315625
129 0.415625 0.496875 0.4890625 0.34375
129 0.5453125 0.2125 0.1984375 0.178125
129 0.540625 0.35 0.2484375 0.15625
129 0.6421875 0.228125 0.0640625 0.1671875
129 0.553125 0.878125 0.1546875 0.203125
129 0.565625 0.728125 0.1453125 0.1375
129 0.28125 0.7671875 0.19375 0.2578125
129 0.4234375 0.8953125 0.18125 0.209375
129 0.440625 0.759375 0.203125 0.2203125
