129 0.84375 0.6859375 0.30625 0.275
129 0.584375 0.7671875 0.3546875 0.33125
129 0.7421875 0.915625 0.271875 0.1671875
129 0.2296875 0.8234375 0.43125 0.3453125
129 0.7140625 0.253125 0.396875 0.453125
129 0.484375 0.415625 0.44375 0.553125
129 0.7921875 0.478125 0.21875 0.234375
129 0.65625 0.50625 0.20625 0.275
129 0.796875 0.578125 0.1765625 0.1
129 0.14375 0.6375 0.23125 0.1953125
129 0.29375 0.615625 0.165625 0.1734375
129 0.190625 0.346875 0.29375 0.2453125
129 0.109375 0.515625 0.21875 0.221875
129 0.234375 0.5 0.2609375 0.2484375