129 0.69296875 0.93359375 0.2234375 0.1328125
129 0.53125 0.95625 0.2453125 0.0859375
129 0.16875 0.6375 0.3375 0.36875
129 0.31484375 0.83671875 0.3640625 0.3265625
129 0.0609375 0.678125 0.121875 0.2234375
129 0.1625 0.7625 0.325 0.31875
129 0.94375 0.4 0.1109375 0.265625
129 0.87421875 0.35 0.2515625 0.3
129 0.7546875 0.41875 0.275 0.2765625
129 0.875 0.51875 0.2484375 0.3140625
129 0.30625 0.240625 0.5453125 0.4796875
129 0.165625 0.159375 0.225 0.265625
129 0.515625 0.315625 0.5921875 0.5953125
129 0.3078125 0.44375 0.49375 0.4703125