223 0.2484375 0.63125 0.0359375 0.0296875
223 0.2546875 0.7171875 0.0359375 0.04375
223 0.2578125 0.8171875 0.034375 0.0328125
223 0.70625 0.771875 0.0234375 0.0328125
223 0.715625 0.69375 0.03125 0.046875
223 0.71875 0.615625 0.0265625 0.0359375
223 0.725 0.528125 0.0296875 0.040625
223 0.946875 0.48125 0.0203125 0.034375
223 0.9296875 0.559375 0.0375 0.0359375
223 0.915625 0.634375 0.0234375 0.0359375
223 0.9078125 0.70625 0.0328125 0.0359375
223 0.45625 0.5796875 0.5171875 0.090625
223 0.4515625 0.6640625 0.54375 0.0640625
223 0.4578125 0.728125 0.5078125 0.06875
223 0.4546875 0.796875 0.50625 0.0671875
223 0.89375 0.703125 0.2078125 0.059375
223 0.896875 0.6375 0.2046875 0.053125
223 0.903125 0.571875 0.1921875 0.0703125
223 0.9046875 0.5015625 0.1890625 0.0625
