124 0.0421875 0.6828125 0.0765625 0.05
124 0.0140625 0.50625 0.0171875 0.0171875
124 0.0484375 0.8265625 0.0859375 0.071875
124 0.059375 0.928125 0.0859375 0.08125
124 0.0546875 0.5625 0.0328125 0.0328125
124 0.08125 0.5921875 0.0390625 0.028125
124 0.1046875 0.84375 0.0796875 0.0859375
124 0.090625 0.5109375 0.0234375 0.0171875
124 0.1171875 0.5953125 0.034375 0.0171875
124 0.1109375 0.50625 0.0171875 0.0125
124 0.159375 0.5578125 0.1078125 0.0359375
124 0.15625 0.5921875 0.034375 0.0328125
124 0.2015625 0.5078125 0.0984375 0.0234375
124 0.2234375 0.603125 0.0390625 0.034375
124 0.23125 0.5703125 0.025 0.0265625
124 0.2546875 0.5734375 0.021875 0.01875
124 0.2609375 0.546875 0.034375 0.0265625
124 0.2953125 0.68125 0.0640625 0.0390625
124 0.30625 0.5109375 0.0234375 0.0203125
124 0.321875 0.5953125 0.0484375 0.0390625
124 0.334375 0.609375 0.040625 0.0328125
124 0.3671875 0.5484375 0.0328125 0.0234375
124 0.378125 0.584375 0.040625 0.034375
124 0.4046875 0.6015625 0.0453125 0.0296875
124 0.4578125 0.6109375 0.0359375 0.0203125
124 0.48125 0.7234375 0.0765625 0.065625
124 0.45625 0.5046875 0.021875 0.01875
124 0.4765625 0.55625 0.0203125 0.0265625
124 0.496875 0.5625 0.034375 0.0265625
124 0.5046875 0.5734375 0.0265625 0.025
124 0.5171875 0.609375 0.04375 0.03125
124 0.5484375 0.7046875 0.071875 0.0515625
124 0.5671875 0.7828125 0.0765625 0.065625
124 0.55625 0.5734375 0.0265625 0.0265625
124 0.5625 0.5546875 0.01875 0.0265625
124 0.578125 0.58125 0.0359375 0.028125
124 0.578125 0.6203125 0.0265625 0.0296875
124 0.590625 0.559375 0.025 0.0203125
124 0.615625 0.5578125 0.03125 0.0234375
124 0.6796875 0.553125 0.0328125 0.0234375
124 0.7125 0.6953125 0.075 0.053125
124 0.7109375 0.5203125 0.0171875 0.01875
124 0.7359375 0.525 0.021875 0.01875
124 0.7640625 0.5703125 0.0328125 0.0265625
124 0.865625 0.696875 0.078125 0.0515625
124 0.8984375 0.5828125 0.1015625 0.0734375
124 0.9078125 0.521875 0.021875 0.015625
124 0.9375 0.521875 0.01875 0.021875
124 0.9640625 0.51875 0.01875 0.0171875
124 0.984375 0.6015625 0.028125 0.0328125
