117 0.13125 0.58125 0.065625 0.0890625
117 0.15 0.475 0.06875 0.10625
117 0.1796875 0.3484375 0.0828125 0.1515625
117 0.175 0.675 0.04375 0.0625
117 0.2515625 0.371875 0.1078125 0.1515625
117 0.2578125 0.2671875 0.1203125 0.246875
117 0.2796875 0.828125 0.0609375 0.0921875
117 0.4296875 0.853125 0.2140625 0.04375
117 0.4875 0.203125 0.2765625 0.15625
117 0.6296875 0.6640625 0.13125 0.21875
117 0.6765625 0.7546875 0.2046875 0.240625
117 0.765625 0.33125 0.2375 0.4109375
117 0.7578125 0.4828125 0.2 0.3109375