90 0.484375 0.58828125 0.15908203125 0.23603515625
90 0.73125 0.8203125 0.16591796875 0.24365234375
90 0.58046875 0.82109375 0.18251953125 0.26064453125
90 0.41640625 0.38203125 0.1640625 0.2361328125
90 0.42421875 0.82109375 0.15625 0.23310546875
90 0.49921875 0.18203125 0.1826171875 0.24873046875
90 0.56953125 0.39453125 0.17958984375 0.26083984375
90 0.26953125 0.81171875 0.1765625 0.2328125
90 0.64296875 0.6078125 0.1701171875 0.24072265625
90 0.32890625 0.5828125 0.18310546875 0.25595703125
