90 0.678125 0.23671875 0.180859375 0.17373046875
90 0.371875 0.7875 0.20009765625 0.206640625
90 0.22265625 0.62890625 0.1732421875 0.17666015625
90 0.06640625 0.78125 0.1328125 0.20625
90 0.0609375 0.58984375 0.121875 0.1890625
90 0.3515625 0.940625 0.196875 0.11875
90 0.18125 0.4390625 0.20908203125 0.203125
90 0.49921875 0.159375 0.20439453125 0.19990234375
90 0.6109375 0.0546875 0.178125 0.109375
90 0.796875 0.0859375 0.18115234375 0.1685546875
90 0.6796875 0.865625 0.15625 0.1685546875
90 0.865625 0.9046875 0.1873046875 0.1841796875
90 0.1984375 0.8921875 0.15966796875 0.15009765625
90 0.68671875 0.9796875 0.1390625 0.040625
90 0.5328125 0.93046875 0.175 0.1390625
