90 0.678125 0.23671875 0.1841796875 0.17685546875
90 0.371875 0.7875 0.19990234375 0.20625
90 0.22265625 0.62890625 0.1701171875 0.17353515625
90 0.06328125 0.78203125 0.12646484375 0.19814453125
90 0.0609375 0.590625 0.121875 0.18759765625
90 0.3515625 0.93984375 0.2 0.1203125
90 0.18125 0.4390625 0.21279296875 0.2091796875
90 0.49921875 0.159375 0.20498046875 0.20283203125
90 0.61171875 0.05703125 0.1828125 0.1140625
90 0.79609375 0.0859375 0.1859375 0.171875
90 0.6796875 0.865625 0.15625 0.1685546875
90 0.865625 0.9046875 0.1873046875 0.1841796875
90 0.1984375 0.8921875 0.16884765625 0.15947265625
90 0.68671875 0.9796875 0.1390625 0.040625
90 0.5328125 0.9328125 0.171484375 0.134375
