223 0.6453125 0.4953125 0.0328125 0.215625
223 0.6203125 0.4953125 0.025 0.221875
223 0.490625 0.7015625 0.0234375 0.0234375
223 0.44375 0.68125 0.0203125 0.0234375
223 0.471875 0.6984375 0.103125 0.0703125
223 0.459375 0.5140625 0.0875 0.01875
223 0.38125 0.5640625 0.015625 0.0171875
223 0.31875 0.553125 0.0140625 0.0125
223 0.2984375 0.5515625 0.015625 0.0234375
223 0.3 0.5828125 0.015625 0.01875
223 0.31875 0.5890625 0.015625 0.021875
223 0.3203125 0.628125 0.0171875 0.0171875
223 0.3015625 0.6234375 0.0125 0.0203125
223 0.2609375 0.5421875 0.0171875 0.0125
223 0.384375 0.5625 0.0515625 0.0234375
223 0.4421875 0.2734375 0.0484375 0.1109375
223 0.5 0.2484375 0.0578125 0.1140625
223 0.596875 0.2171875 0.103125 0.071875
223 0.728125 0.203125 0.1421875 0.0375
223 0.3984375 0.6390625 0.0328125 0.084375
223 0.36875 0.628125 0.0359375 0.0859375
223 0.321875 0.5578125 0.0203125 0.0203125
223 0.321875 0.5875 0.025 0.03125
223 0.325 0.6265625 0.0234375 0.0375
223 0.3 0.61875 0.025 0.0265625
223 0.3 0.584375 0.025 0.0328125
223 0.2953125 0.54375 0.0296875 0.021875
223 0.2609375 0.5421875 0.0359375 0.0234375
223 0.265625 0.58125 0.025 0.0515625
223 0.2859375 0.409375 0.025 0.1046875
223 0.3984375 0.3703125 0.021875 0.159375
