101 0.2984375 0.13671875 0.275 0.2734375
101 0.42109375 0.04140625 0.2578125 0.0828125
101 0.83046875 0.096875 0.31875 0.165625
101 0.5625 0.440625 0.2640625 0.384375
101 0.3046875 0.44765625 0.2734375 0.321875
101 0.13671875 0.31484375 0.2640625 0.26875
101 0.07578125 0.71015625 0.1515625 0.2921875
101 0.50859375 0.75625 0.1703125 0.2109375
101 0.33125 0.74765625 0.1421875 0.21875
101 0.0984375 0.48046875 0.196875 0.1953125
101 0.89921875 0.24453125 0.2015625 0.2453125
101 0.975 0.521875 0.05 0.165625
