101 0.43046875 0.734375 0.2015625 0.2453125
101 0.3453125 0.8875 0.20625 0.209375
101 0.2328125 0.88671875 0.1421875 0.1640625
101 0.30546875 0.71953125 0.128125 0.14375
101 0.11640625 0.83203125 0.171875 0.1375
101 0.13984375 0.6671875 0.2046875 0.25625
101 0.3046875 0.5890625 0.2125 0.2265625
101 0.4609375 0.49609375 0.1671875 0.1484375
101 0.6296875 0.59453125 0.2109375 0.2265625
101 0.86328125 0.46640625 0.23125 0.246875
101 0.69296875 0.38359375 0.1671875 0.1984375
101 0.5484375 0.38203125 0.2125 0.2109375
101 0.35625 0.3828125 0.20625 0.2046875
101 0.16796875 0.428125 0.20625 0.2359375
101 0.059375 0.515625 0.11875 0.203125
101 0.0421875 0.64765625 0.075 0.1796875
101 0.76171875 0.646875 0.2109375 0.2
101 0.91328125 0.5890625 0.1734375 0.221875
101 0.77421875 0.7234375 0.24375 0.2203125
101 0.5453125 0.78125 0.165625 0.1734375
