101 0.1921875 0.6765625 0.2140625 0.19375
101 0.2796875 0.44140625 0.184375 0.2015625
101 0.1984375 0.29140625 0.20625 0.2015625
101 0.09453125 0.2125 0.115625 0.1625
101 0.26796875 0.14921875 0.190625 0.2078125
101 0.36953125 0.2765625 0.23125 0.228125
101 0.6828125 0.4328125 0.2078125 0.221875
101 0.5015625 0.04921875 0.184375 0.0984375
101 0.64140625 0.084375 0.1796875 0.1578125
101 0.32265625 0.03203125 0.1578125 0.0640625
101 0.92265625 0.3359375 0.1546875 0.196875
101 0.44765625 0.77734375 0.1875 0.175
101 0.3625 0.56796875 0.1984375 0.203125
101 0.5328125 0.525 0.2046875 0.165625
101 0.51328125 0.3859375 0.15625 0.1703125
101 0.5625 0.66015625 0.21875 0.2328125
101 0.7078125 0.74296875 0.184375 0.1828125
101 0.79609375 0.8734375 0.2265625 0.25
101 0.92421875 0.64375 0.14375 0.1859375
101 0.9296875 0.47578125 0.140625 0.1765625
101 0.56015625 0.83203125 0.2296875 0.2296875
101 0.640625 0.9421875 0.215625 0.115625
101 0.01953125 0.6828125 0.0390625 0.1875
101 0.14453125 0.84765625 0.2328125 0.1875
101 0.9859375 0.14609375 0.028125 0.1078125
101 0.91171875 0.17265625 0.1765625 0.2078125
101 0.5171875 0.1828125 0.1828125 0.2015625
101 0.409375 0.1234375 0.15625 0.1640625
