101 0.5828125 0.7515625 0.15 0.171875
101 0.7390625 0.69609375 0.14609375 0.1234375
101 0.62734375 0.659375 0.1359375 0.115625
101 0.8109375 0.60859375 0.1953125 0.1296875
101 0.91640625 0.66953125 0.15390625 0.14296875
101 0.96171875 0.79140625 0.0765625 0.1390625
101 0.8828125 0.82421875 0.15390625 0.1390625
101 0.703125 0.79921875 0.1890625 0.15859375
101 0.0734375 0.59375 0.146875 0.12421875
101 0.165625 0.58515625 0.14765625 0.171875
101 0.03046875 0.51875 0.06015625 0.1390625
101 0.61953125 0.38125 0.14375 0.11953125
101 0.7609375 0.2296875 0.165625 0.08671875
101 0.71796875 0.34296875 0.1203125 0.13125
101 0.57421875 0.4796875 0.1359375 0.1125
101 0.478125 0.40078125 0.134375 0.1390625
101 0.415625 0.52265625 0.17734375 0.146875
101 0.2765625 0.46640625 0.1359375 0.14296875
101 0.84765625 0.36796875 0.10234375 0.1390625
101 0.89296875 0.23046875 0.134375 0.1234375
101 0.92265625 0.35 0.11796875 0.11953125
101 0.55078125 0.24921875 0.128125 0.1375
101 0.41796875 0.20625 0.159375 0.14921875
101 0.29765625 0.2234375 0.14375 0.1140625
