101 0.5765625 0.0375 0.33359375 0.075
101 0.2625 0.02890625 0.3453125 0.0578125
101 0.0578125 0.071875 0.115625 0.14375
101 0.07421875 0.30859375 0.1484375 0.2359375
101 0.03671875 0.48828125 0.0734375 0.1765625
101 0.90078125 0.459375 0.1984375 0.346875
101 0.47109375 0.64375 0.37421875 0.29609375
101 0.15 0.6109375 0.3 0.321875
101 0.79140625 0.271875 0.33828125 0.20546875
101 0.7328125 0.5484375 0.2765625 0.2671875
101 0.35625 0.378125 0.3765625 0.2421875
101 0.91640625 0.19609375 0.1671875 0.2421875
101 0.78203125 0.0953125 0.2296875 0.18984375
101 0.25546875 0.159375 0.37890625 0.25390625
