101 0.48515625 0.2359375 0.1890625 0.2046875
101 0.31953125 0.2484375 0.1734375 0.1578125
101 0.41796875 0.31328125 0.1609375 0.146875
101 0.228125 0.31484375 0.221875 0.1765625
101 0.14140625 0.228125 0.1859375 0.178125
101 0.1296875 0.09921875 0.109375 0.1546875
101 0.2140625 0.0875 0.184375 0.1734375
101 0.38125 0.15859375 0.2234375 0.2015625
101 0.92421875 0.51953125 0.1515625 0.1578125
101 0.8453125 0.50390625 0.1875 0.2046875
101 0.95546875 0.603125 0.0890625 0.15
101 0.35390625 0.58359375 0.1703125 0.153125
101 0.178125 0.69375 0.1828125 0.1265625
101 0.2484375 0.5953125 0.15 0.1578125
101 0.4234375 0.50078125 0.1609375 0.14375
101 0.4953125 0.6015625 0.165625 0.16875
101 0.5875 0.5 0.209375 0.1875
101 0.70703125 0.590625 0.16875 0.1734375
101 0.1296875 0.5375 0.134375 0.1609375
101 0.065625 0.65859375 0.13125 0.1546875
101 0.0625 0.53515625 0.125 0.1453125
101 0.3859375 0.72890625 0.159375 0.165625
101 0.503125 0.8046875 0.1921875 0.1859375
101 0.62421875 0.81953125 0.16875 0.146875
