101 0.2359375 0.73671875 0.18515625 0.15859375
101 0.27265625 0.48828125 0.1515625 0.17421875
101 0.16171875 0.35859375 0.17578125 0.16796875
101 0.04375 0.303125 0.0875 0.146875
101 0.101 0.20546875 0.1578125 0.178125
101 0.32578125 0.30859375 0.1953125 0.1921875
101 0.66484375 0.39609375 0.171875 0.190625
101 0.40625 0.04609375 0.16953125 0.0921875
101 0.5515625 0.0640625 0.15625 0.12734375
101 0.22265625 0.04921875 0.13984375 0.0984375
101 0.96875 0.15546875 0.0625 0.13828125
101 0.90859375 0.24609375 0.18203125 0.1625
101 0.50625 0.78203125 0.16171875 0.14453125
101 0.3796875 0.5953125 0.165625 0.17265625
101 0.5375 0.51796875 0.18125 0.13046875
101 0.4890625 0.3859375 0.128125 0.14609375
101 0.59453125 0.64375 0.18125 0.2
101 0.75390625 0.69453125 0.15546875 0.15390625
101 0.8671875 0.80390625 0.18515625 0.21640625
101 0.94453125 0.55234375 0.1109375 0.1671875
101 0.9296875 0.384375 0.140625 0.15
101 0.628125 0.8125 0.19296875 0.19453125
101 0.73515625 0.928125 0.19296875 0.128125
101 0.0359375 0.78671875 0.071875 0.1765625
101 0.225 0.9140625 0.20703125 0.1484375
101 0.94765625 0.04375 0.10390625 0.0875
101 0.85390625 0.090625 0.18359375 0.17265625
101 0.45078125 0.1859375 0.15 0.17421875
101 0.3328125 0.15078125 0.13046875 0.13984375
