101 0.93515625 0.240625 0.115625 0.1390625
101 0.79609375 0.2203125 0.1625 0.171875
101 0.79609375 0.45234375 0.178125 0.1703125
101 0.3875 0.62578125 0.121875 0.115625
101 0.44296875 0.75546875 0.10625 0.115625
101 0.35234375 0.828125 0.134375 0.134375
101 0.2328125 0.79296875 0.13125 0.140625
101 0.221875 0.63984375 0.1375 0.1109375
101 0.08046875 0.62265625 0.1609375 0.1
101 0.134375 0.7046875 0.1359375 0.109375
101 0.3265625 0.953125 0.1625 0.09375
101 0.2203125 0.91015625 0.103125 0.0859375
101 0.1203125 0.8609375 0.1515625 0.1640625
101 0.1671875 0.9796875 0.13125 0.040625
101 0.040625 0.9578125 0.08125 0.084375
101 0.02578125 0.8609375 0.0515625 0.159375
101 0.028125 0.68984375 0.05625 0.18125
