101 0.49453125 0.9515625 0.3421875 0.096875
101 0.184375 0.92265625 0.35 0.1171875
101 0.0296875 0.84453125 0.059375 0.1609375
101 0.0703125 0.61484375 0.140625 0.2578125
101 0.04609375 0.43046875 0.0921875 0.1859375
101 0.8796875 0.60859375 0.240625 0.3765625
101 0.496875 0.353125 0.4203125 0.35625
101 0.175 0.3296875 0.35 0.36875
101 0.74765625 0.775 0.36875 0.2609375
101 0.7375 0.49296875 0.31875 0.3109375
101 0.3375 0.5953125 0.4125 0.303125
101 0.85625 0.86875 0.20625 0.2625
101 0.7078125 0.9171875 0.259375 0.165625
101 0.20390625 0.7921875 0.4078125 0.315625
