101 0.55859375 0.2484375 0.3546875 0.2921875
101 0.55234375 0.54375 0.353125 0.296875
101 0.24296875 0.58984375 0.375 0.34375
101 0.234375 0.821875 0.3484375 0.328125
101 0.31328125 0.9734375 0.3109375 0.053125
101 0.62265625 0.9171875 0.2171875 0.165625
101 0.81171875 0.87890625 0.3078125 0.1828125
101 0.86796875 0.68984375 0.21875 0.25625
101 0.66328125 0.7546875 0.2859375 0.2515625
101 0.471875 0.81484375 0.2140625 0.25
101 0.778125 0.475 0.2375 0.25
101 0.8140625 0.18515625 0.2625 0.28125
101 0.9203125 0.36640625 0.159375 0.2390625
101 0.3328125 0.36875 0.2203125 0.2359375
