101 0.08671875 0.76171875 0.128125 0.18046875
101 0.19453125 0.71640625 0.13828125 0.18203125
101 0.31796875 0.81484375 0.1515625 0.14609375
101 0.3328125 0.6421875 0.15 0.16640625
101 0.4390625 0.78203125 0.134375 0.1921875
101 0.4140625 0.63515625 0.15546875 0.184375
101 0.69765625 0.17578125 0.11796875 0.121875
101 0.759375 0.275 0.11640625 0.1484375
101 0.89375 0.29296875 0.12421875 0.11640625
101 0.85 0.2328125 0.10859375 0.1078125
101 0.9234375 0.1609375 0.12421875 0.1125
101 0.9890625 0.31328125 0.02109375 0.06640625
101 0.5484375 0.25390625 0.1125 0.08984375
101 0.6359375 0.2828125 0.0984375 0.1125
101 0.72890625 0.115625 0.1265625 0.0859375
