101 0.75234375 0.33828125 0.2015625 0.2375
101 0.51171875 0.575 0.09453125 0.15078125
101 0.56796875 0.49765625 0.14375 0.1453125
101 0.41171875 0.4859375 0.14609375 0.1453125
101 0.35234375 0.55 0.134375 0.12109375
101 0.45078125 0.66171875 0.0828125 0.1671875
101 0.2734375 0.69296875 0.16171875 0.14921875
101 0.20703125 0.553125 0.14765625 0.146875
101 0.22734375 0.42890625 0.1203125 0.18125
101 0.0703125 0.50078125 0.10234375 0.1390625
101 0.09296875 0.6546875 0.1125 0.1609375
101 0.2125 0.70859375 0.13828125 0.159375
101 0.0765625 0.36484375 0.15234375 0.12421875
101 0.39765625 0.35078125 0.15390625 0.1171875
101 0.2734375 0.29140625 0.13046875 0.146875
