101 0.43671875 0.75078125 0.3515625 0.2875
101 0.4484375 0.45546875 0.35 0.2921875
101 0.75859375 0.41484375 0.3703125 0.340625
101 0.77109375 0.1828125 0.3453125 0.3234375
101 0.69453125 0.0265625 0.3109375 0.053125
101 0.384375 0.08046875 0.215625 0.1609375
101 0.19453125 0.115625 0.30625 0.1796875
101 0.1359375 0.303125 0.215625 0.2546875
101 0.34140625 0.2421875 0.2828125 0.2484375
101 0.53359375 0.18515625 0.2109375 0.2484375
101 0.221875 0.5203125 0.234375 0.2484375
101 0.18046875 0.809375 0.2578125 0.2796875
101 0.07734375 0.625 0.1546875 0.2375
101 0.66484375 0.634375 0.2171875 0.2328125
