101 0.67109375 0.0671875 0.3421875 0.134375
101 0.365625 0.0265625 0.35 0.053125
101 0.15625 0.03515625 0.14375 0.0703125
101 0.1234375 0.22421875 0.19375 0.2609375
101 0.0515625 0.3921875 0.103125 0.1875
101 0.88359375 0.54375 0.2328125 0.38125
101 0.4421875 0.634375 0.428125 0.3671875
101 0.15703125 0.53515625 0.3140625 0.3765625
101 0.82265625 0.3375 0.3546875 0.271875
101 0.71796875 0.59609375 0.3265625 0.31875
101 0.384375 0.35078125 0.41875 0.315625
101 0.93125 0.2890625 0.1375 0.271875
101 0.86015625 0.1625 0.2640625 0.2328125
101 0.33046875 0.1390625 0.4234375 0.278125
