101 0.0859375 0.12265625 0.1265625 0.2234375
101 0.89296875 0.19375 0.2140625 0.20625
101 0.87265625 0.54765625 0.1390625 0.1078125
101 0.809375 0.66953125 0.1953125 0.1578125
101 0.68671875 0.78359375 0.190625 0.18125
101 0.6515625 0.56328125 0.215625 0.1359375
101 0.53984375 0.64609375 0.153125 0.1265625
101 0.46953125 0.72734375 0.1484375 0.1203125
101 0.33828125 0.6265625 0.196875 0.165625
101 0.240625 0.534375 0.1515625 0.1078125
101 0.09375 0.5625 0.171875 0.159375
101 0.209375 0.61875 0.125 0.1203125
101 0.46328125 0.53671875 0.1828125 0.1359375
101 0.9390625 0.6390625 0.1140625 0.153125
