101 0.971875 0.571875 0.05625 0.209375
101 0.90078125 0.5078125 0.1890625 0.2390625
101 0.88359375 0.6671875 0.1984375 0.24375
101 0.73203125 0.6953125 0.101 0.2
101 0.7765625 0.4921875 0.190625 0.2484375
101 0.65703125 0.54140625 0.1921875 0.2515625
101 0.63359375 0.69375 0.16875 0.2265625
101 0.51328125 0.7375 0.196875 0.221875
101 0.175 0.27578125 0.2109375 0.296875
101 0.3453125 0.28203125 0.203125 0.2765625
101 0.45859375 0.21875 0.16875 0.2546875
101 0.45859375 0.43515625 0.18125 0.2640625
101 0.34765625 0.4859375 0.2125 0.29375
101 0.2296875 0.609375 0.2015625 0.271875
101 0.2125 0.8 0.18125 0.209375
101 0.115625 0.60625 0.1609375 0.23125
101 0.06640625 0.37578125 0.1328125 0.3171875
101 0.04921875 0.61796875 0.0984375 0.3015625
101 0.53984375 0.15703125 0.1421875 0.2546875
101 0.6421875 0.121875 0.1875 0.225
101 0.84609375 0.24609375 0.2265625 0.265625
101 0.8140625 0.07578125 0.19375 0.1515625
