101 0.5390625 0.41875 0.20390625 0.10390625
101 0.48125 0.321875 0.221875 0.10625
101 0.66328125 0.32421875 0.21328125 0.121875
101 0.62109375 0.20703125 0.2265625 0.1125
101 0.8125 0.20234375 0.20859375 0.1
101 0.84296875 0.2625 0.15546875 0.09609375
101 0.94921875 0.25625 0.1015625 0.08828125
101 0.9734375 0.43203125 0.053125 0.09453125
101 0.90625 0.37265625 0.1875 0.0921875
101 0.75234375 0.41640625 0.1953125 0.07421875
101 0.871875 0.475 0.221875 0.1
101 0.6703125 0.46796875 0.15546875 0.07421875
