101 0.7390625 0.8453125 0.25625 0.26875
101 0.62734375 0.95703125 0.253125 0.084375
101 0.21328125 0.93125 0.3109375 0.1375
101 0.44375 0.565625 0.2390625 0.36875
101 0.7 0.53203125 0.253125 0.3046875
101 0.878125 0.646875 0.24375 0.253125
10101 0.91484375 0.2453125 0.165625 0.28125
10101 0.4640625 0.24609375 0.1578125 0.2015625
10101 0.6421875 0.2359375 0.128125 0.2109375
10101 0.9046875 0.47578125 0.190625 0.1828125
101 0.11328125 0.796875 0.2203125 0.23125
101 0.021875 0.528125 0.04375 0.1625
