101 0.03203125 0.69140625 0.0640625 0.19921875
101 0.11328125 0.6046875 0.1421875 0.21015625
101 0.16796875 0.75546875 0.1515625 0.21328125
101 0.321875 0.7453125 0.1640625 0.165625
101 0.2296875 0.559375 0.1421875 0.2203125
101 0.3578125 0.578125 0.1421875 0.2234375
101 0.4171875 0.7203125 0.12265625 0.203125
101 0.54453125 0.73359375 0.15546875 0.18984375
101 0.7609375 0.20390625 0.15 0.26796875
101 0.59765625 0.25078125 0.14765625 0.24765625
101 0.471875 0.2171875 0.11640625 0.23359375
101 0.52421875 0.42734375 0.1265625 0.240625
101 0.64453125 0.44921875 0.15390625 0.2640625
101 0.7890625 0.540625 0.14765625 0.24375
101 0.8515625 0.721875 0.1421875 0.1796875
101 0.8984375 0.51015625 0.1140625 0.21015625
101 0.91328125 0.26953125 0.1125 0.2984375
101 0.97578125 0.503125 0.0484375 0.2984375
101 0.378125 0.1765625 0.08671875 0.240625
101 0.2703125 0.16796875 0.14375 0.19609375
101 0.103125 0.3375 0.17578125 0.23046875
101 0.084375 0.1328125 0.15390625 0.1859375
