223 0.5046875 0.5828125 0.04375 0.021875
223 0.5671875 0.58125 0.046875 0.0234375
223 0.1890625 0.5546875 0.2203125 0.0296875
223 0.0125 0.5640625 0.0234375 0.0265625
223 0.7984375 0.5109375 0.040625 0.0171875
223 0.85 0.5515625 0.040625 0.015625
223 0.9015625 0.55 0.0359375 0.0203125
223 0.95625 0.5 0.040625 0.0171875
223 0.8 0.5140625 0.1453125 0.0359375
223 0.9421875 0.509375 0.109375 0.040625
223 0.9359375 0.5765625 0.125 0.0875
223 0.803125 0.5828125 0.140625 0.0828125
223 0.6140625 0.6625 0.1484375 0.1921875
223 0.44375 0.68125 0.178125 0.2109375
223 0.0296875 0.6796875 0.059375 0.278125
223 0.0734375 0.2484375 0.0546875 0.0203125
223 0.0140625 0.246875 0.028125 0.0171875
223 0.0171875 0.2 0.034375 0.1140625
223 0.1421875 0.2 0.21875 0.1109375
223 0.746875 0.2328125 0.040625 0.028125
223 0.790625 0.1953125 0.1296875 0.1046875