101 0.71171875 0.7625 0.0484375 0.0203125
101 0.7265625 0.74609375 0.0421875 0.01640625
101 0.7484375 0.7578125 0.03359375 0.01953125
101 0.78203125 0.71875 0.0421875 0.0171875
101 0.78515625 0.64765625 0.0484375 0.0296875
101 0.8546875 0.71484375 0.0234375 0.0125
101 0.8328125 0.7765625 0.025 0.0109375
101 0.528125 0.55078125 0.03359375 0.01640625
101 0.5234375 0.56953125 0.03203125 0.01484375
101 0.54765625 0.59375 0.0296875 0.01796875
101 0.07265625 0.3875 0.01875 0.0140625
101 0.03671875 0.3859375 0.02734375 0.01484375
101 0.4109375 0.56171875 0.0359375 0.0171875
101 0.5015625 0.41875 0.03203125 0.0171875
101 0.47421875 0.42734375 0.0359375 0.02578125
101 0.48203125 0.3453125 0.025 0.01640625
101 0.41875 0.2875 0.03359375 0.0203125
101 0.39609375 0.29765625 0.02734375 0.01953125
101 0.34765625 0.28125 0.03984375 0.01171875
101 0.17734375 0.28671875 0.02109375 0.0140625
101 0.17578125 0.28203125 0.02109375 0.01640625
101 0.1578125 0.28046875 0.01875 0.01953125
101 0.04453125 0.3265625 0.0296875 0.01953125
101 0.0234375 0.31796875 0.00859375 0.0171875
101 0.18984375 0.3609375 0.0125 0.01171875
101 0.1953125 0.340625 0.01484375 0.0171875
101 0.20390625 0.35703125 0.03203125 0.02109375
101 0.97109375 0.66328125 0.0234375 0.01640625
