101 0.2578125 0.265625 0.05 0.0265625
101 0.2453125 0.28359375 0.04375 0.021875
101 0.221875 0.27421875 0.0359375 0.0234375
101 0.19375 0.3171875 0.04375 0.021875
101 0.19921875 0.38828125 0.0515625 0.0359375
101 0.121875 0.3296875 0.025 0.015625
101 0.1359375 0.26640625 0.0265625 0.0140625
101 0.465625 0.453125 0.0359375 0.0203125
101 0.46796875 0.43359375 0.034375 0.01875
101 0.44140625 0.4125 0.03125 0.021875
101 0.9375 0.559375 0.0203125 0.015625
101 0.9734375 0.55703125 0.0296875 0.01875
101 0.58125 0.428125 0.0375 0.021875
101 0.50859375 0.58046875 0.034375 0.0203125
101 0.534375 0.56875 0.0390625 0.0296875
101 0.53671875 0.6515625 0.0265625 0.01875
101 0.60625 0.70078125 0.0359375 0.025
101 0.628125 0.68828125 0.0296875 0.0234375
101 0.678125 0.6984375 0.040625 0.0171875
101 0.84609375 0.67265625 0.021875 0.0171875
101 0.8484375 0.6765625 0.0234375 0.01875
101 0.86640625 0.6765625 0.0203125 0.021875
101 0.9734375 0.61640625 0.03125 0.0234375
101 0.99453125 0.621875 0.0109375 0.01875
101 0.825 0.6 0.0140625 0.0125
101 0.821875 0.62109375 0.0171875 0.01875
101 0.8109375 0.60546875 0.034375 0.025
101 0.0125 0.3953125 0.025 0.01875
