311 0.753125 0.6703125 0.06484375 0.0921875
311 0.42109375 0.41796875 0.051171875 0.0703125
311 0.3796875 0.4203125 0.036328125 0.071484375
311 0.3640625 0.41875 0.051171875 0.075
311 0.34140625 0.415625 0.04453125 0.07265625
311 0.43671875 0.41796875 0.03515625 0.063671875
311 0.46015625 0.41796875 0.04765625 0.07578125
311 0.49453125 0.41328125 0.036328125 0.06875
311 0.171640084375 0.4787173765625 0.1878649453125 0.53149616875 0.2203125 0.5320705734375 0.2203125 0.521688721875 0.2082465234375 0.4776239765625 0.171640084375 0.4787173765625
311 0.196875 0.48055734687499996 0.2068802609375 0.534375 0.21358295312500003 0.534375 0.240625 0.5319770140625 0.240625 0.527973625 0.22648075156249997 0.4765625 0.2228720078125 0.4765625 0.196875 0.47991132968750005 0.196875 0.48055734687499996
311 0.2104497296875 0.48406512187499995 0.2359805375 0.5350751296875 0.2625 0.5318563453125 0.2625 0.5290925421875 0.2370752859375 0.47335164843750005 0.2104497296875 0.48406512187499995
311 0.25418314375 0.46774023906249995 0.22687236875 0.47523000312499997 0.25877073125 0.5383639765625 0.2875 0.5305955421874999 0.2875 0.5300402484375 0.2816484515625 0.5233930921875001 0.25418314375 0.46774023906249995
311 0.264124153125 0.46810028125 0.261165771875 0.52830085625 0.2906034359375 0.5359375 0.2907840421875 0.5359375 0.2897364046875 0.48077817500000003 0.264124153125 0.46810028125
311 0.272494584375 0.47328815 0.288757159375 0.534375 0.29453379687500003 0.534375 0.3171875 0.5302379359375 0.3171875 0.527715159375 0.301717 0.47215011406249996 0.272494584375 0.47328815
311 0.2929601671875 0.47241092656249994 0.309893496875 0.5375 0.31428743125 0.5375 0.3421875 0.5319888749999999 0.3421875 0.5272649265625 0.3254025046875 0.469115196875 0.2929601671875 0.47241092656249994
311 0.30451565625 0.4782181890625 0.33903473281249996 0.5372086359375 0.3671875 0.531291825 0.3671875 0.528486946875 0.333656540625 0.466997921875 0.30451565625 0.4782181890625
311 0.3352696421875 0.4740666703125 0.34388104531249997 0.533232415625 0.3688102078125 0.5375 0.37795092812500003 0.5375 0.368373865625 0.4706602796875 0.3352696421875 0.4740666703125
311 0.3719192609375 0.45997898125000003 0.34912342343749997 0.4834948984375 0.37656718749999996 0.5360933140624999 0.415625 0.5320848765624999 0.415625 0.5294308203125 0.38205325 0.471887946875 0.3719192609375 0.45997898125000003
311 0.40304574843749996 0.469324990625 0.3685924671875 0.46256899218749997 0.38798005625 0.534375 0.38961020468749996 0.534375 0.41929350000000004 0.53123116875 0.40304574843749996 0.469324990625
311 0.3927467046875 0.4753990859375 0.40964999999999996 0.5322676375000001 0.4421875 0.53056241875 0.4421875 0.5251914984375 0.42097914062499997 0.4739194859375 0.3927467046875 0.4753990859375
311 0.41610390781250006 0.47572701406249995 0.4259365625 0.5325523515625 0.45619143749999996 0.5390625 0.46157209374999997 0.5390625 0.445946028125 0.47607068750000003 0.41610390781250006 0.47572701406249995
311 0.12030890937500001 0.7117985874999999 0.1352434046875 0.63759505625 0.101521103125 0.6383605671875 0.0862851984375 0.7151867140625 0.084435378125 0.7173462390625 0.12030890937500001 0.7117985874999999
311 0.0921875 0.7140166859375 0.0921875 0.7142504515625 0.12816358125 0.716135878125 0.154495896875 0.656461228125 0.159375 0.6494272828125001 0.159375 0.648354328125 0.1315816703125 0.6420593328125 0.0921875 0.7140166859375
311 0.1810211296875 0.6599307859375 0.1532136328125 0.6488528890625 0.1109375 0.708770175 0.1109375 0.7088996843750001 0.1411423765625 0.716179821875 0.1810211296875 0.6599307859375
311 0.1685449390625 0.719231953125 0.194036028125 0.64696118125 0.165372671875 0.6491453515625001 0.1395370859375 0.7181384468750001 0.1685449390625 0.719231953125
311 0.1834697078125 0.7197676296875 0.22494867031250002 0.6561430578125 0.1972451421875 0.6460427921874999 0.1512328375 0.7087037734375 0.1834697078125 0.7197676296875
311 0.22272673437499999 0.719585184375 0.2325152578125 0.6458155328124999 0.20093935 0.6494425109375 0.18715461093750002 0.72251021875 0.22272673437499999 0.719585184375
311 0.195113003125 0.7157383515625 0.22898079531249999 0.723062284375 0.2625 0.6566911484375 0.2625 0.65351293125 0.2289529 0.6503772328124999 0.195113003125 0.7157383515625
311 0.259572096875 0.72158204375 0.2720399046875 0.6464907328125 0.24087056874999999 0.6514312999999999 0.22596478593749997 0.72619848125 0.259572096875 0.72158204375
311 0.2811138 0.722265721875 0.294120859375 0.6458742843749999 0.262398403125 0.6478437375 0.2492341328125 0.72342638125 0.2811138 0.722265721875
311 0.31835035 0.6502666015624999 0.288273775 0.6485587109375001 0.28413889999999997 0.666149521875 0.2735018546875 0.725 0.2750102640625 0.725 0.305293209375 0.7191135921875 0.31835035 0.6502666015624999
311 0.2872887796875 0.712990365625 0.3144726046875 0.7180618203125 0.3390625 0.6577410671874999 0.3390625 0.6570219328125 0.31636732031250003 0.6505243484375 0.2872887796875 0.712990365625
311 0.3341572015625 0.6492843671874999 0.3110151921875 0.716978159375 0.33615788593749996 0.71875 0.3405329765625 0.71875 0.36281931093750003 0.653887671875 0.3341572015625 0.6492843671874999
311 0.3814498546875 0.6492655015625 0.3560931234375 0.6486690109375 0.337458059375 0.7171875 0.34217461562499996 0.7171875 0.36756141875 0.7136196171875 0.3814498546875 0.6492655015625
311 0.374351696875 0.6454253328124999 0.35302992187500004 0.7121246734375 0.380773215625 0.7171875 0.3835311234375 0.7171875 0.4057010359375 0.6533993703125 0.374351696875 0.6454253328124999
311 0.4274245578125 0.6517700343749999 0.40107504531249993 0.6449003234374999 0.3774108453125 0.71875 0.38786290156250003 0.71875 0.4094979859375 0.717064446875 0.4274245578125 0.6517700343749999
311 0.429122628125 0.7204423984375 0.4452788296875 0.6524666484375 0.41488820937500004 0.6515184765625001 0.4002009 0.7201683109375 0.429122628125 0.7204423984375
311 0.46278263906249995 0.647425159375 0.43250299375 0.6501877421875 0.42348748125 0.7203125 0.4291022046875 0.7203125 0.4558297390625 0.7141419625000001 0.46278263906249995 0.647425159375
311 0.4853686296875 0.6524723765625 0.46064494843750003 0.6488671015625 0.44579924843749996 0.7140625 0.4533645796875 0.7140625 0.47471637187500004 0.710228465625 0.4853686296875 0.6524723765625
311 0.453290234375 0.7116474296875 0.4829784046875 0.721327203125 0.5174254687500001 0.6595773125 0.521875 0.64989460625 0.521875 0.6478361765625 0.495404275 0.6405767921875001 0.453290234375 0.7116474296875
311 0.6403853234375 0.55650061875 0.678434775 0.6146099265625 0.7072613265625 0.6044094390625 0.6696938875 0.5507992671874999 0.6403853234375 0.55650061875
311 0.757751840625 0.6047051890625 0.7343977203125001 0.5523381359374999 0.6882681796875 0.5522324109375 0.7096509375 0.6171875 0.7109482796875 0.6171875 0.740712965625 0.613893678125 0.757751840625 0.6047051890625
311 0.7818951421875 0.556551165625 0.7370049484375001 0.5438672140625 0.74679265625 0.6086509578125 0.7933755140625001 0.617475703125 0.7818951421875 0.556551165625
311 0.698869640625 0.64894061875 0.6885472781249999 0.6431409968749999 0.66976665 0.6503714203125 0.65743579375 0.7109375 0.6613295828125 0.7109375 0.6878285734375 0.707188459375 0.698869640625 0.64894061875
311 0.69486853125 0.647776384375 0.6780874296875 0.711418321875 0.6969764703125 0.7125 0.704365325 0.7125 0.7188315703125 0.6493594390624999 0.69486853125 0.647776384375
311 0.7484466765625 0.42996242812499996 0.7449066078125 0.3825970734375 0.7378178359375 0.3714077765625 0.7194577234375 0.388117425 0.7098526656249999 0.446875 0.7132864015625 0.446875 0.7368048671875 0.44539359687499996 0.7484466765625 0.42996242812499996
311 0.772510140625 0.44573304062499997 0.77821720625 0.3951225640625 0.775769634375 0.38856018125 0.7604116125 0.3807973796875 0.7460268375 0.386855703125 0.74448028125 0.44489720781250003 0.772510140625 0.44573304062499997
311 0.8279446874999999 0.43191200625 0.8069601578125001 0.37726265312499996 0.78849151875 0.37970105468750004 0.7714614953125001 0.3870417328125 0.768857903125 0.4494428765625 0.8255816250000001 0.440631065625 0.8279446874999999 0.43191200625
311 0.684375 0.44013138124999995 0.684375 0.44020490937499995 0.7107536671875 0.44543790000000005 0.7328125 0.3908852828125 0.7328125 0.3886862796875 0.706814709375 0.38562899375000004 0.684375 0.44013138124999995
311 0.7019591484375 0.382278465625 0.6718974249999999 0.38821763125 0.6765950546874999 0.44858164062499994 0.70454359375 0.4426839453125 0.7019591484375 0.382278465625
311 0.646875 0.44321568281249996 0.646875 0.44375 0.676335821875 0.44375 0.6890625 0.386409053125 0.6890625 0.3844822984375 0.6644968109375 0.38413359687500004 0.646875 0.44321568281249996
311 0.6430597171875 0.384591015625 0.6338590453124999 0.4460271015625 0.6597960625 0.44639170000000006 0.669133590625 0.38143306093749996 0.6430597171875 0.384591015625
311 0.5189784078125 0.383154790625 0.48571303749999994 0.43978646875000005 0.510084190625 0.4530119390625 0.5452902046875 0.39118252343750004 0.5307435734375 0.3746778234375 0.5189784078125 0.383154790625
311 0.508276978125 0.443906475 0.5283863109375 0.4608714359375 0.563062146875 0.38903220156249996 0.5671875 0.3860079578125 0.5671875 0.3849612734375 0.5412430234375 0.37829361562499997 0.508276978125 0.443906475
311 0.5326905203125001 0.4492967390625 0.5608784671875 0.44800264375000004 0.5801646593750001 0.380673215625 0.551970228125 0.38024094218750004 0.5326905203125001 0.4492967390625
311 0.587383859375 0.4465119265625 0.595607 0.380184328125 0.5662644828125 0.382624525 0.5537629046875 0.4514186140625 0.587383859375 0.4465119265625
311 0.17026396875 0.37881124375 0.1425584203125 0.44213309062499995 0.16805059375 0.4453125 0.17277412812499998 0.4453125 0.1953125 0.391084540625 0.1953125 0.3895369546875 0.1743297546875 0.3858933140625 0.17026396875 0.37881124375
311 0.1945467140625 0.4461445515625 0.21063097343749998 0.3850254546875 0.18655207812500002 0.38868283125 0.1686500328125 0.44613383124999995 0.1945467140625 0.4461445515625
311 0.2009045828125 0.4484375 0.2072883625 0.4484375 0.23754330937499998 0.44693559687500006 0.2574198125 0.3859375 0.24777817500000002 0.3859375 0.230153590625 0.387076225 0.2009045828125 0.4484375
311 0.26775177499999997 0.3851908140625 0.238006790625 0.3822865015625 0.2303313703125 0.4515625 0.23428711406249997 0.4515625 0.25698441562499996 0.444412346875 0.26775177499999997 0.3851908140625
311 0.2390625 0.4444569203125 0.2390625 0.44594658281250005 0.256709596875 0.446875 0.2688611734375 0.446875 0.29375 0.3911960859375 0.29375 0.3908227265625 0.267549784375 0.390796159375 0.2390625 0.4444569203125
311 0.17267640625 0.548225828125 0.1686237640625 0.5543405234375001 0.16809261250000002 0.614581565625 0.19606328281250002 0.6203125 0.20206390000000002 0.6203125 0.196203225 0.55140085 0.17267640625 0.548225828125
311 0.17879106250000001 0.5578107859375 0.1963331421875 0.615625 0.1993469578125 0.615625 0.2296875 0.60831059375 0.2296875 0.6069270640625 0.2047321453125 0.5503079953125 0.17879106250000001 0.5578107859375
311 0.2434370640625 0.6150261343750001 0.23218069687499998 0.5492307796875 0.2056978546875 0.5488383609375 0.21538236406250003 0.617525315625 0.2434370640625 0.6150261343750001
311 0.2588935203125 0.6171368203125 0.2557403203125 0.550638534375 0.2316709828125 0.5470493265624999 0.2305710796875 0.6117274 0.2588935203125 0.6171368203125
311 0.2359235328125 0.5547941015625 0.266326284375 0.6205776281250001 0.2984375 0.6112752796875001 0.2984375 0.6078401046875 0.2607061859375 0.5471049390625 0.2359235328125 0.5547941015625
311 0.3046333484375 0.6167676453125 0.29380811875 0.5487799843750001 0.2669613546875 0.5440349140625 0.273182025 0.61723386875 0.3046333484375 0.6167676453125
311 0.27677801875 0.5500338734375 0.305104490625 0.6170593671875 0.3328125 0.6097112390625 0.3328125 0.6085983500000001 0.3071857890625 0.547748971875 0.27677801875 0.5500338734375
311 0.30602834218749997 0.5485512578125 0.3216034875 0.6170417796875001 0.3243531875 0.6171875 0.35225402968749997 0.6171875 0.3352941828125 0.55152489375 0.30602834218749997 0.5485512578125
311 0.35123610156249996 0.6236936046875 0.41959877343749996 0.6055868796875 0.38410925625000003 0.5452103187499999 0.3171875 0.549031440625 0.3171875 0.5496674796875001 0.3199072125 0.5607259546875001 0.35123610156249996 0.6236936046875
311 0.3824211734375 0.559079928125 0.41451370781249997 0.61950025 0.4625 0.6041464609375 0.4625 0.6040155703125001 0.4262380140625 0.5453371640625 0.3824211734375 0.559079928125
