311 0.5875 0.58203125 0.02578125 0.07421875
311 0.74375 0.29453125 0.025 0.05546875
311 0.7609375 0.2859375 0.01875 0.06640625
311 0.7171875 0.3 0.02421875 0.0609375
311 0.73203125 0.2984375 0.0234375 0.06484375
311 0.7046875 0.31171875 0.02265625 0.0640625
311 0.68984375 0.321875 0.02421875 0.05546875
311 0.6765625 0.32734375 0.02734375 0.06015625
311 0.6625 0.33359375 0.02421875 0.05078125
311 0.6453125 0.34375 0.02421875 0.05390625
311 0.63359375 0.34609375 0.03125 0.05625
311 0.61640625 0.35234375 0.0265625 0.0546875
311 0.6015625 0.35859375 0.02109375 0.06015625
311 0.47421875 0.65234375 0.02890625 0.06875
311 0.49296875 0.64296875 0.021875 0.059375
311 0.51171875 0.62890625 0.0234375 0.05859375
311 0.5703125 0.5984375 0.02265625 0.0703125
311 0.60625 0.57421875 0.02265625 0.071875
311 0.4171875 0.6796875 0.03203125 0.075
311 0.396875 0.68828125 0.025 0.071875
311 0.3765625 0.70078125 0.02578125 0.0734375
311 0.36015625 0.696875 0.02421875 0.09453125
311 0.31640625 0.7375 0.03671875 0.08046875
311 0.2859375 0.74921875 0.03359375 0.0765625
311 0.2546875 0.76171875 0.03046875 0.084375
311 0.20859375 0.790625 0.03515625 0.075
311 0.2265625 0.78671875 0.02890625 0.0796875
311 0.23515625 0.684375 0.04453125 0.0546875
311 0.25078125 0.52421875 0.02421875 0.0484375
311 0.26953125 0.52109375 0.02265625 0.05
311 0.41328125 0.590625 0.04296875 0.05625
311 0.42734375 0.58203125 0.0390625 0.0515625
311 0.44375 0.57421875 0.0421875 0.0484375
311 0.4625 0.559375 0.040625 0.04453125
311 0.56953125 0.36953125 0.0203125 0.05078125
311 0.58515625 0.36640625 0.0171875 0.046875
311 0.55234375 0.37890625 0.01796875 0.04375
311 0.5375 0.38984375 0.0203125 0.04609375
311 0.521875 0.396875 0.02109375 0.04375
311 0.50390625 0.40546875 0.01953125 0.05
311 0.48984375 0.41015625 0.02421875 0.0546875
311 0.4421875 0.43203125 0.02265625 0.053125
311 0.47109375 0.41796875 0.02265625 0.0609375
311 0.6578125 0.54609375 0.02578125 0.078125
311 0.6890625 0.53203125 0.0234375 0.0734375
311 0.70625 0.52109375 0.01796875 0.06796875
311 0.73046875 0.5015625 0.0203125 0.07109375
311 0.76171875 0.49609375 0.02890625 0.07578125