311 0.54140625 0.38359375 0.0265625 0.047265625
311 0.52421875 0.3859375 0.032421875 0.051171875
311 0.50859375 0.3890625 0.02578125 0.0421875
311 0.490625 0.3890625 0.03359375 0.0484375
311 0.428125 0.39453125 0.026171875 0.046484375
311 0.625 0.3796875 0.02578125 0.05
311 0.64296875 0.38046875 0.028515625 0.040625
311 0.6609375 0.378125 0.02890625 0.03671875
311 0.67734375 0.37734375 0.032421875 0.038671875
311 0.69453125 0.375 0.0359375 0.039453125
311 0.70859375 0.37421875 0.023828125 0.040234375
311 0.7265625 0.37421875 0.022265625 0.035546875
311 0.7421875 0.37421875 0.030859375 0.0453125
311 0.7578125 0.37265625 0.028515625 0.041796875
311 0.77421875 0.371875 0.025 0.043359375
311 0.74453125 0.4984375 0.04453125 0.049609375
311 0.503125 0.5140625 0.042578125 0.0484375
311 0.521875 0.50859375 0.044140625 0.057421875
311 0.5453125 0.50390625 0.0390625 0.06171875
311 0.50703125 0.590625 0.0375 0.0515625
311 0.528125 0.5890625 0.030859375 0.047265625
311 0.54765625 0.58671875 0.03046875 0.055859375
311 0.60390625 0.58515625 0.032421875 0.062890625
311 0.33046875 0.609375 0.03125 0.06640625
311 0.34921875 0.60546875 0.033984375 0.059765625
311 0.37421875 0.60703125 0.028515625 0.05703125
311 0.3921875 0.60234375 0.02890625 0.055859375
311 0.41328125 0.596875 0.031640625 0.051171875
311 0.43046875 0.603125 0.025390625 0.05625
311 0.446875 0.596875 0.033203125 0.0640625