311 0.49565972187499996 0.770061728125 0.46788194375 0.8240740734375 0.4817708328125 0.8981481484374999 0.5095486109375 0.85648148125 0.49565972187499996 0.770061728125
311 0.58515625 0.6859375 0.03828125 0.10390625
311 0.59921875 0.6640625 0.03671875 0.09296875
311 0.61796875 0.63984375 0.034375 0.08984375
311 0.6390625 0.60234375 0.034375 0.0859375
311 0.6546875 0.5828125 0.040625 0.08828125
311 0.53828125 0.42109375 0.03828125 0.07890625
311 0.5890625 0.35078125 0.02890625 0.08203125
311 0.55078125 0.40390625 0.034375 0.07109375
311 0.48203125 0.48828125 0.0328125 0.075
311 0.5453125 0.61328125 0.04765625 0.05390625
311 0.56171875 0.58828125 0.05234375 0.0546875
311 0.578125 0.571875 0.04765625 0.06484375
311 0.6015625 0.5359375 0.05078125 0.0546875
311 0.371875 0.6265625 0.03671875 0.078125
311 0.40703125 0.5859375 0.040625 0.08984375
311 0.31875 0.68671875 0.03203125 0.08359375
311 0.3390625 0.671875 0.03046875 0.08671875
311 0.40859375 0.70234375 0.05546875 0.05078125
311 0.471875 0.6109375 0.04453125 0.0609375
311 0.4859375 0.59609375 0.0484375 0.05078125
311 0.51484375 0.55859375 0.05390625 0.05
311 0.57421875 0.48046875 0.05234375 0.0546875
311 0.51875 0.7828125 0.0390625 0.0890625
311 0.53671875 0.76171875 0.03984375 0.084375
311 0.553125 0.73515625 0.046875 0.09921875
311 0.56875 0.7140625 0.0390625 0.10546875
311 0.446875 0.884375 0.03828125 0.10546875
311 0.46875 0.8625 0.04453125 0.11484375
311 0.41328125 0.93515625 0.03828125 0.1046875
311 0.39609375 0.95625 0.04375 0.08671875
311 0.41640625 0.79296875 0.05234375 0.0640625
