311 0.4683159703125 0.8238040124999999 0.48201678125 0.896875 0.4828735828125 0.896875 0.509375 0.857122875 0.509375 0.8524305625 0.4960937484375 0.769791665625 0.4683159703125 0.8238040124999999
311 0.58515625 0.6859375 0.041015625 0.104296875
311 0.59921875 0.6640625 0.045703125 0.095703125
311 0.61796875 0.63984375 0.034375 0.089453125
311 0.6390625 0.60234375 0.04140625 0.0875
311 0.6546875 0.5828125 0.040625 0.087890625
311 0.53828125 0.42109375 0.039453125 0.079296875
311 0.5890625 0.35078125 0.030078125 0.082421875
311 0.55078125 0.40390625 0.03515625 0.070703125
311 0.48203125 0.48828125 0.03359375 0.075
311 0.5453125 0.61328125 0.048828125 0.055859375
311 0.56171875 0.58828125 0.054296875 0.05703125
311 0.578125 0.571875 0.048046875 0.066015625
311 0.6015625 0.5359375 0.053515625 0.05703125
311 0.371875 0.6265625 0.044140625 0.08046875
311 0.40703125 0.5859375 0.04375 0.091796875
311 0.31875 0.68671875 0.034765625 0.083984375
311 0.3390625 0.671875 0.030859375 0.087109375
311 0.40859375 0.70234375 0.059765625 0.055859375
311 0.471875 0.6109375 0.046484375 0.06171875
311 0.4859375 0.59609375 0.05078125 0.053515625
311 0.51484375 0.55859375 0.055078125 0.05078125
311 0.57421875 0.48046875 0.057421875 0.059375
311 0.51875 0.7828125 0.04921875 0.09296875
311 0.53671875 0.76171875 0.041015625 0.08515625
311 0.553125 0.73515625 0.0578125 0.102734375
311 0.56875 0.7140625 0.040625 0.106640625
311 0.446875 0.884375 0.039453125 0.105859375
311 0.46875 0.8625 0.046484375 0.116015625
311 0.41328125 0.93515625 0.046484375 0.10703125
311 0.39609375 0.95546875 0.0484375 0.0890625
311 0.41640625 0.79296875 0.058203125 0.06875
