311 0.4125 0.58203125 0.027734375 0.074609375
311 0.25625 0.29453125 0.02890625 0.056640625
311 0.2390625 0.2859375 0.02109375 0.066015625
311 0.2828125 0.3 0.031640625 0.06328125
311 0.26796875 0.2984375 0.02890625 0.066015625
311 0.2953125 0.31171875 0.025390625 0.06484375
311 0.31015625 0.321875 0.029296875 0.057421875
311 0.3234375 0.32734375 0.030078125 0.061328125
311 0.3375 0.33359375 0.026953125 0.051953125
311 0.3546875 0.34375 0.026953125 0.054296875
311 0.36640625 0.34609375 0.0375 0.05859375
311 0.38359375 0.35234375 0.03203125 0.05625
311 0.3984375 0.35859375 0.026171875 0.061328125
311 0.52578125 0.65234375 0.035546875 0.0703125
311 0.50703125 0.64296875 0.0265625 0.06015625
311 0.48828125 0.62890625 0.0234375 0.058203125
311 0.4296875 0.5984375 0.022265625 0.07109375
311 0.39375 0.57421875 0.029296875 0.07265625
311 0.5828125 0.6796875 0.036328125 0.0765625
311 0.603125 0.68828125 0.02578125 0.071875
311 0.6234375 0.70078125 0.033203125 0.075
311 0.63984375 0.696875 0.029296875 0.094921875
311 0.68359375 0.7375 0.041796875 0.082421875
311 0.7140625 0.74921875 0.037109375 0.07734375
311 0.7453125 0.76171875 0.034765625 0.08515625
311 0.79140625 0.790625 0.035546875 0.075
311 0.7734375 0.78671875 0.033203125 0.08046875
311 0.76484375 0.684375 0.050390625 0.059375
311 0.74921875 0.52421875 0.029296875 0.05
311 0.73046875 0.52109375 0.028515625 0.0515625
311 0.58671875 0.590625 0.046484375 0.05859375
311 0.57265625 0.58203125 0.04375 0.0546875
311 0.55625 0.57421875 0.04609375 0.05078125
311 0.5375 0.559375 0.0421875 0.045703125
311 0.43046875 0.36953125 0.02578125 0.052734375
311 0.41484375 0.36640625 0.0171875 0.046875
311 0.44765625 0.37890625 0.018359375 0.04375
311 0.4625 0.38984375 0.02265625 0.046484375
311 0.478125 0.396875 0.026171875 0.0453125
311 0.49609375 0.40546875 0.022265625 0.05078125
311 0.51015625 0.41015625 0.025390625 0.0546875
311 0.5578125 0.43203125 0.023828125 0.05390625
311 0.52890625 0.41796875 0.029296875 0.0625
311 0.3421875 0.54609375 0.025390625 0.078125
311 0.3109375 0.53203125 0.03125 0.075
311 0.29375 0.52109375 0.023046875 0.068359375
311 0.26953125 0.5015625 0.028125 0.072265625
311 0.23828125 0.49609375 0.029296875 0.076171875