311 0.54140625 0.38359375 0.02421875 0.046484375
311 0.52421875 0.3859375 0.029296875 0.049609375
311 0.50859375 0.3890625 0.021875 0.040625
311 0.490625 0.3890625 0.03125 0.046875
311 0.428125 0.39453125 0.022265625 0.044921875
311 0.625 0.3796875 0.0296875 0.0515625
311 0.64296875 0.38046875 0.029296875 0.040625
311 0.6609375 0.378125 0.03203125 0.0390625
311 0.67734375 0.37734375 0.032421875 0.038671875
311 0.69453125 0.375 0.03359375 0.037890625
311 0.70859375 0.37421875 0.024609375 0.041015625
311 0.7265625 0.37421875 0.023828125 0.036328125
311 0.7421875 0.37421875 0.033984375 0.04765625
311 0.7578125 0.37265625 0.026953125 0.041015625
311 0.77421875 0.371875 0.02578125 0.043359375
311 0.74453125 0.4984375 0.0453125 0.050390625
311 0.503125 0.5140625 0.041796875 0.046875
311 0.521875 0.50859375 0.041796875 0.055078125
311 0.5453125 0.50390625 0.03828125 0.0609375
311 0.50703125 0.590625 0.03671875 0.0515625
311 0.528125 0.5890625 0.031640625 0.048046875
311 0.54765625 0.58671875 0.03046875 0.055859375
311 0.60390625 0.58515625 0.030859375 0.062109375
311 0.33046875 0.609375 0.03359375 0.0671875
311 0.34921875 0.60546875 0.033984375 0.059765625
311 0.37421875 0.60703125 0.028515625 0.05703125
311 0.3921875 0.60234375 0.02734375 0.055078125
311 0.41328125 0.596875 0.033203125 0.051953125
311 0.43046875 0.603125 0.025390625 0.05703125
311 0.446875 0.596875 0.031640625 0.06328125
