194 0.12890625 0.103125 0.2578125 0.20625
194 0.48359375 0.09921875 0.3484375 0.1984375
194 0.834375 0.10234375 0.33125 0.2046875
194 0.13828125 0.26484375 0.2765625 0.1984375
194 0.45625 0.2890625 0.3375 0.21796875
194 0.83359375 0.28359375 0.3328125 0.1984375
194 0.14453125 0.47890625 0.2890625 0.1609375
194 0.4796875 0.478125 0.30859375 0.23046875
194 0.8234375 0.4578125 0.26796875 0.20859375
194 0.1859375 0.6671875 0.34453125 0.20703125
194 0.5140625 0.684375 0.25625 0.18359375
194 0.82421875 0.68671875 0.3515625 0.2203125
194 0.1640625 0.87109375 0.328125 0.2390625
194 0.4890625 0.8796875 0.28828125 0.22109375
194 0.8359375 0.8953125 0.31484375 0.196875
