260 0.6625 0.653125 0.24375 0.325
260 0.0953125 0.5375 0.184375 0.31875
260 0.15625 0.8 0.25625 0.3375
260 0.08125 0.2984375 0.1625 0.271875
260 0.21875 0.296875 0.2375 0.29375
260 0.31875 0.7890625 0.225 0.246875
260 0.2921875 0.5375 0.265625 0.34375
260 0.3640625 0.265625 0.196875 0.2625
260 0.5 0.7 0.18125 0.25
260 0.478125 0.45625 0.16875 0.25
260 0.5109375 0.1859375 0.228125 0.284375
260 0.6296875 0.4078125 0.234375 0.296875
260 0.6875 0.1390625 0.2125 0.278125
260 0.81875 0.621875 0.18125 0.26875
260 0.8078125 0.3578125 0.246875 0.334375
260 0.8140625 0.1140625 0.146875 0.228125
260 0.9421875 0.5875 0.115625 0.2625
260 0.9390625 0.340625 0.121875 0.275
260 0.9046875 0.125 0.140625 0.25
