260 0.6109375 0.78125 0.221875 0.3
260 0.0921875 0.446875 0.178125 0.3
260 0.1078125 0.7234375 0.203125 0.309375
260 0.11875 0.2125 0.1875 0.25625
260 0.271875 0.26875 0.2125 0.26875
260 0.253125 0.7765625 0.20625 0.221875
260 0.2859375 0.5265625 0.240625 0.315625
260 0.41875 0.296875 0.175 0.24375
260 0.44375 0.7625 0.1625 0.23125
260 0.4828125 0.521875 0.146875 0.23125
260 0.5765625 0.278125 0.209375 0.2625
260 0.6359375 0.534375 0.215625 0.275
260 0.7578125 0.2984375 0.190625 0.265625
260 0.765625 0.8125 0.1625 0.25
260 0.8171875 0.55625 0.221875 0.3125
260 0.884375 0.3203125 0.13125 0.228125
260 0.9203125 0.8375 0.153125 0.25
260 0.9484375 0.590625 0.103125 0.2625
260 0.9578125 0.346875 0.084375 0.29375