29 0.09375 0.55 0.1046875 0.1390625
29 0.04375 0.4921875 0.0859375 0.1125
29 0.2046875 0.5640625 0.11875 0.090625
29 0.2578125 0.546875 0.140625 0.1109375
29 0.3171875 0.565625 0.071875 0.0734375
29 0.3671875 0.5453125 0.134375 0.109375
29 0.5140625 0.53125 0.09375 0.1078125
29 0.2015625 0.5 0.128125 0.1234375
29 0.3703125 0.459375 0.109375 0.078125
29 0.5875 0.546875 0.0890625 0.0796875
29 0.678125 0.5453125 0.128125 0.08125
29 0.65 0.48125 0.0640625 0.05625
29 0.7546875 0.5328125 0.13125 0.08125
29 0.9078125 0.525 0.071875 0.0578125