117 0.30625 0.6328125 0.165625 0.203125
117 0.30625 0.1234375 0.1453125 0.1359375
117 0.328125 0.0515625 0.1640625 0.103125
117 0.4390625 0.165625 0.159375 0.0953125
117 0.48125 0.553125 0.1625 0.103125
117 0.55 0.0609375 0.2359375 0.121875
117 0.55625 0.5546875 0.128125 0.16875
117 0.6046875 0.725 0.1375 0.23125
117 0.640625 0.140625 0.2 0.1390625
117 0.653125 0.2625 0.1734375 0.153125
117 0.6671875 0.034375 0.071875 0.06875
117 0.73125 0.1609375 0.1421875 0.14375
117 0.7859375 0.309375 0.0875 0.075
