223 0.39375 0.3109375 0.0859375 0.2171875
223 0.4875 0.296875 0.1046875 0.2296875
223 0.7125 0.6125 0.0984375 0.0359375
223 0.2515625 0.6234375 0.0875 0.1453125
223 0.571875 0.771875 0.0828125 0.0390625
223 0.0625 0.58125 0.0890625 0.034375
223 0.228125 0.5875 0.0265625 0.0671875
223 0.4078125 0.40625 0.05 0.025
223 0.41875 0.603125 0.0671875 0.0359375
223 0.1015625 0.64375 0.2015625 0.1546875
223 0.39375 0.646875 0.1828125 0.125
223 0.303125 0.31875 0.096875 0.2109375
223 0.9609375 0.54375 0.078125 0.034375
223 0.328125 0.4125 0.0484375 0.025
223 0.3609375 0.596875 0.065625 0.034375
223 0.3875 0.5703125 0.059375 0.021875
223 0.46875 0.4015625 0.0640625 0.0265625
223 0.771875 0.384375 0.0984375 0.03125
223 0.9609375 0.265625 0.078125 0.0390625
223 0.39375 0.5734375 0.1984375 0.0375
223 0.821875 0.234375 0.20625 0.3296875
223 0.9640625 0.1625 0.071875 0.325
223 0.95859375 0.71484375 0.0828125 0.3765625
223 0.7890625 0.725 0.25 0.2609375
223 0.578125 0.7671875 0.1734375 0.053125
