117 0.2546875 0.384375 0.096875 0.071875
117 0.3203125 0.528125 0.128125 0.13125
117 0.3296875 0.2453125 0.0859375 0.0765625
117 0.390625 0.3515625 0.1046875 0.13125
117 0.409375 0.26875 0.0453125 0.053125
117 0.4671875 0.4828125 0.115625 0.1125
117 0.4953125 0.3734375 0.103125 0.1125
117 0.515625 0.2453125 0.1140625 0.115625
117 0.5203125 0.6453125 0.121875 0.0875
117 0.596875 0.5203125 0.10625 0.1046875
117 0.5875 0.4078125 0.0765625 0.09375
117 0.6265625 0.2265625 0.1015625 0.0984375
117 0.675 0.3171875 0.1046875 0.1109375
117 0.6828125 0.546875 0.1078125 0.1078125
117 0.6875 0.434375 0.075 0.075
