246 0.34375 0.3546875 0.1765625 0.134375
246 0.5265625 0.3546875 0.1875 0.1453125
246 0.15625 0.3640625 0.1765625 0.1140625
246 0.703125 0.3640625 0.1875 0.134375
246 0.890625 0.3703125 0.2078125 0.134375
246 0.15625 0.46875 0.196875 0.134375
246 0.5265625 0.4890625 0.1875 0.1453125
246 0.890625 0.5 0.196875 0.1453125
246 0.3390625 0.5046875 0.1765625 0.09375
246 0.7078125 0.5046875 0.1875 0.134375
246 0.15625 0.6140625 0.1765625 0.125
246 0.328125 0.625 0.1875 0.125
246 0.515625 0.625 0.1875 0.1453125
246 0.7078125 0.6359375 0.1875 0.15625
246 0.890625 0.65625 0.1875 0.1140625
246 0.140625 0.7609375 0.1875 0.134375
246 0.5203125 0.7609375 0.196875 0.15625
246 0.3234375 0.765625 0.196875 0.134375
246 0.7140625 0.7859375 0.196875 0.125
246 0.9109375 0.796875 0.1765625 0.1140625
246 0.1359375 0.8859375 0.196875 0.1453125
246 0.5203125 0.9015625 0.2078125 0.1765625
246 0.3234375 0.90625 0.1875 0.1453125
246 0.7234375 0.9109375 0.1875 0.15625
246 0.90625 0.921875 0.1875 0.15625
246 0.5265625 0.21875 0.1765625 0.1453125
246 0.171875 0.2296875 0.1765625 0.15625
246 0.3703125 0.234375 0.196875 0.134375
246 0.6984375 0.2453125 0.196875 0.125
246 0.875 0.2453125 0.196875 0.125
