101 0.959375 0.38125 0.08046875 0.11796875
101 0.60390625 0.17578125 0.14375 0.13046875
101 0.93671875 0.59921875 0.12421875 0.128125
101 0.8828125 0.5421875 0.10234375 0.09453125
101 0.80625 0.6515625 0.15 0.14453125
101 0.74609375 0.55234375 0.1125 0.11796875
101 0.56953125 0.5484375 0.134375 0.1265625
101 0.52578125 0.7609375 0.14609375 0.1265625
101 0.3515625 0.71484375 0.1203125 0.11015625
101 0.3484375 0.50390625 0.12265625 0.121875
101 0.41640625 0.43671875 0.1359375 0.14453125
101 0.3296875 0.39140625 0.11640625 0.10390625
101 0.2296875 0.384375 0.1265625 0.11015625
101 0.2140625 0.47734375 0.134375 0.13203125
101 0.33671875 0.2890625 0.1265625 0.12421875
101 0.4953125 0.23984375 0.11640625 0.15
