101 0.9609375 0.528125 0.078125 0.13125
101 0.6640625 0.7984375 0.165625 0.15625
101 0.909375 0.31953125 0.146875 0.15
101 0.86796875 0.38515625 0.11875 0.1125
101 0.771875 0.29296875 0.175 0.1703125
101 0.73125 0.4015625 0.1328125 0.1375
101 0.559375 0.4390625 0.15625 0.15
101 0.47578125 0.2390625 0.1671875 0.1515625
101 0.31328125 0.3171875 0.1390625 0.13125
101 0.35078125 0.525 0.14375 0.14375
101 0.4296875 0.578125 0.1609375 0.1671875
101 0.35390625 0.6390625 0.134375 0.1234375
101 0.25703125 0.66484375 0.1453125 0.1328125
101 0.2234375 0.5765625 0.1578125 0.1546875
101 0.3796875 0.73828125 0.1484375 0.1453125
101 0.5453125 0.75625 0.1421875 0.16875
