246 0.7234375 0.3484375 0.1140625 0.0515625
246 0.5984375 0.5359375 0.0625 0.0828125
246 0.7140625 0.5578125 0.09375 0.071875
246 0.6046875 0.6609375 0.0625 0.0625
246 0.640625 0.6609375 0.0625 0.0625
246 0.1828125 0.6828125 0.09375 0.0828125
246 0.09375 0.7140625 0.09375 0.071875
246 0.2765625 0.71875 0.1140625 0.071875
246 0.71875 0.7234375 0.071875 0.0625
246 0.5890625 0.7453125 0.071875 0.071875
246 0.671875 0.75 0.040625 0.071875
246 0.1875 0.7546875 0.125 0.0828125
246 0.0828125 0.8015625 0.165625 0.103125
246 0.3796875 0.8125 0.09375 0.0515625
246 0.3125 0.84375 0.125 0.0625
246 0.2609375 0.8859375 0.125 0.0625
246 0.1359375 0.9421875 0.21875 0.103125