234 0.7296875 0.115625 0.540625 0.2296875
234 0.19375 0.2890625 0.3875 0.11875
234 0.146875 0.44609375 0.29375 0.1671875
234 0.146875 0.628125 0.2921875 0.178125
234 0.146875 0.80859375 0.29375 0.1765625
234 0.15 0.95 0.3 0.0984375
234 0.38125 0.303125 0.15625 0.146875
234 0.384375 0.9546875 0.1515625 0.090625
234 0.29375 0.575 0.33125 0.1703125
234 0.29375 0.3984375 0.3296875 0.1625
234 0.296875 0.75 0.325 0.1640625
234 0.29375 0.921875 0.33125 0.1546875
234 0.7359375 0.49375 0.38125 0.171875
234 0.7375 0.315625 0.3625 0.171875
234 0.7375 0.8375 0.3875 0.1625
234 0.7359375 0.9578125 0.38125 0.084375
234 0.7328125 0.66875 0.3796875 0.1765625