93 0.1919093734375 0.751174321875 0.1883440296875 0.7994788015625 0.221049603125 0.8350770046875 0.2913351609375 0.8444508953125001 0.31802747187499997 0.792812409375 0.27073050625 0.7355850187499999 0.22763749843749997 0.7268425015625 0.1919093734375 0.751174321875
93 0.527584628125 0.533231665625 0.5186093703125 0.48077628125 0.48569023749999995 0.44503486406250004 0.43039356875 0.459455528125 0.41989237343749997 0.4944190546875 0.4276836765625 0.540792596875 0.46109919218749995 0.5727333671875 0.4968054171875 0.5719877703125 0.527584628125 0.533231665625
93 0.39454136875 0.5215464640625 0.39614929375 0.4775990859375 0.3670187609375 0.43210218125 0.31168952499999997 0.42931304062500003 0.29163851875 0.4723307078125 0.3071968453125 0.5146974125 0.3371313453125 0.5382206265625 0.3740175015625 0.5400800515624999 0.39454136875 0.5215464640625
93 0.3635647109375 0.5657748703125 0.32779100781250003 0.537673715625 0.2770988796875 0.5352647328125 0.235475446875 0.56562066875 0.23757240624999998 0.60636025 0.2599936046875 0.6367932859375001 0.29946015312499996 0.643415078125 0.3557950328125 0.604859003125 0.3635647109375 0.5657748703125
93 0.4619427671875 0.681235159375 0.4373506890625 0.6499473640625 0.367008184375 0.6588998515625 0.3410587609375 0.6855038109375 0.3419620296875 0.7300676375 0.37252155781249996 0.7561067 0.42333453125 0.7492121875 0.45317176562499994 0.722968521875 0.4619427671875 0.681235159375
93 0.6513749453125001 0.40092057187499996 0.6323522734375 0.4359894171875 0.648834178125 0.4838639734375 0.7027829671875 0.49823969218749997 0.75373705625 0.4683347859375 0.785345096875 0.4159931875 0.6971791921875 0.3852525390625 0.6513749453125001 0.40092057187499996
93 0.531951809375 0.32665010156249996 0.494002878125 0.390681315625 0.5178239046875001 0.441626465625 0.58068850625 0.43719413281249997 0.60624488125 0.378222721875 0.59462359375 0.334430721875 0.566554553125 0.3185891296875 0.531951809375 0.32665010156249996
93 0.414885128125 0.27669238281249997 0.41252564375 0.276184675 0.376995875 0.28912814375 0.3659158109375 0.3249297203125 0.3648232859375 0.33227003593750004 0.399891190625 0.37871295 0.45361448906249996 0.3912278375 0.48896379218749997 0.33480449375 0.4617069171875 0.2951463203125 0.414885128125 0.27669238281249997
93 0.47831306875 0.2477661109375 0.5220164734375 0.284114253125 0.5724040687499999 0.28352794062500003 0.5958577093749999 0.2619169546875 0.592693784375 0.223157265625 0.5609346796875 0.1905497859375 0.49441042187499995 0.1835645640625 0.44560478750000004 0.203530721875 0.4677135984375 0.2129725890625 0.47831306875 0.2477661109375
93 0.7200092671875 0.1574248640625 0.671474025 0.11803815312499999 0.6250357421875 0.11939102187499999 0.5981237593750001 0.1415468171875 0.5932489828125 0.1902610609375 0.6203080171875001 0.2283305421875 0.671384134375 0.23461411562499998 0.7130075687499999 0.20425818125 0.7200092671875 0.1574248640625
93 0.7226213296874999 0.33667819374999997 0.750857190625 0.296944209375 0.7539383890625 0.2228423984375 0.7936173906249999 0.17632530156249998 0.7226901703124999 0.1690899140625 0.691437903125 0.12519556406250001 0.6456815390624999 0.1128954703125 0.6029618328125 0.13493303750000002 0.5937951734375 0.16993392812500002 0.61589293125 0.2192547640625 0.6837672968749999 0.2315850265625 0.653246859375 0.262817496875 0.6539827390624999 0.328086184375 0.6860073328125 0.3485260125 0.7226213296874999 0.33667819374999997
