93 0.8080906265625 0.248825678125 0.8116559703125 0.2005211984375 0.778950396875 0.16492299531250001 0.7086648390625 0.1555491046875 0.681972528125 0.20718759062499997 0.72926949375 0.26441498124999996 0.7723625015625 0.2731574984375 0.8080906265625 0.248825678125
93 0.47241537187500005 0.46676833437500004 0.4813906296875 0.51922371875 0.5143097625 0.5549651359375 0.56960643125 0.540544471875 0.5801076265625 0.5055809453125 0.5723163234374999 0.459207403125 0.5389008078125 0.4272666328125 0.5031945828125 0.42801222968749997 0.47241537187500005 0.46676833437500004
93 0.60545863125 0.4784535359375 0.60385070625 0.5224009140625 0.6329812390625 0.56789781875 0.688310475 0.5706869593749999 0.70836148125 0.5276692921875 0.6928031546875 0.4853025875 0.6628686546875 0.4617793734375 0.6259824984375 0.4599199484375 0.60545863125 0.4784535359375
93 0.6364352890625 0.43422512968750004 0.6722089921875 0.462326284375 0.7229011203125 0.46473526718749997 0.764524553125 0.43437933125 0.76242759375 0.39363975 0.7400063953125 0.3632067140625 0.700539846875 0.356584921875 0.6442049671875 0.39514099687500004 0.6364352890625 0.43422512968750004
93 0.5380572328125 0.318764840625 0.5626493109374999 0.35005263593749997 0.632991815625 0.3411001484375 0.6589412390625 0.3144961890625 0.6580379703125 0.26993236249999997 0.6274784421875 0.2438933 0.57666546875 0.2507878125 0.546828234375 0.277031478125 0.5380572328125 0.318764840625
93 0.3486250546875 0.599079428125 0.3676477265625 0.5640105828124999 0.351165821875 0.5161360265625 0.2972170328125 0.5017603078125 0.24626294375 0.5316652140625 0.21465490312500002 0.5840068125 0.3028208078125 0.6147474609375 0.3486250546875 0.599079428125
93 0.46804819062499997 0.6733498984375 0.505997121875 0.609318684375 0.48217609531249994 0.558373534375 0.41931149375 0.5628058671875 0.39375511875 0.6217772781249999 0.40537640625 0.665569278125 0.433445446875 0.6814108703125 0.46804819062499997 0.6733498984375
93 0.585114871875 0.7233076171875 0.58747435625 0.723815325 0.623004125 0.71087185625 0.6340841890625 0.6750702796875 0.6351767140625 0.6677299640625 0.600108809375 0.6212870500000001 0.5463855109375 0.6087721625 0.5110362078125 0.66519550625 0.5382930828125 0.7048536796875 0.585114871875 0.7233076171875
93 0.52168693125 0.7522338890625 0.4779835265625 0.715885746875 0.42759593125000006 0.716472059375 0.404142290625 0.7380830453125 0.40730621562499997 0.776842734375 0.4390653203125 0.8094502140625 0.505589578125 0.8164354359375 0.5543952125 0.796469278125 0.5322864015625 0.7870274109375 0.52168693125 0.7522338890625
93 0.27999073281250003 0.8425751359375001 0.32852597499999997 0.8819618468750001 0.3749642578125 0.8806089781249999 0.40187624062499994 0.8584531828124999 0.4067510171875 0.8097389390625 0.3796919828125 0.7716694578125 0.328615865625 0.765385884375 0.28699243124999996 0.79574181875 0.27999073281250003 0.8425751359375001
93 0.27737867031249996 0.66332180625 0.24914280937500002 0.703055790625 0.2460616109375 0.7771576015624999 0.206382609375 0.8236746984375 0.2773098296875 0.8309100859375 0.30856209687499997 0.8748044359374999 0.35431846093749997 0.8871045296875 0.39703816718749996 0.8650669625 0.4062048265625 0.830066071875 0.38410706875 0.7807452359375 0.31623270312499996 0.7684149734375 0.346753140625 0.737182503125 0.34601726093749996 0.671913815625 0.3139926671875 0.6514739875 0.27737867031249996 0.66332180625
