93 0.26441498124999996 0.27073050625 0.2731574984375 0.22763749843749997 0.248825678125 0.1919093734375 0.2005211984375 0.1883440296875 0.16492299531250001 0.221049603125 0.1555491046875 0.2913351609375 0.20718759062499997 0.31802747187499997 0.26441498124999996 0.27073050625
93 0.4272666328125 0.46109919218749995 0.42801222968749997 0.4968054171875 0.46676833437500004 0.527584628125 0.51922371875 0.5186093703125 0.5549651359375 0.48569023749999995 0.540544471875 0.43039356875 0.5055809453125 0.41989237343749997 0.459207403125 0.4276836765625 0.4272666328125 0.46109919218749995
93 0.4617793734375 0.3371313453125 0.4599199484375 0.3740175015625 0.4784535359375 0.39454136875 0.5224009140625 0.39614929375 0.56789781875 0.3670187609375 0.5706869593749999 0.31168952499999997 0.5276692921875 0.29163851875 0.4853025875 0.3071968453125 0.4617793734375 0.3371313453125
93 0.356584921875 0.29946015312499996 0.39514099687500004 0.3557950328125 0.43422512968750004 0.3635647109375 0.462326284375 0.32779100781250003 0.46473526718749997 0.2770988796875 0.43437933125 0.235475446875 0.39363975 0.23757240624999998 0.3632067140625 0.2599936046875 0.356584921875 0.29946015312499996
93 0.2507878125 0.42333453125 0.277031478125 0.45317176562499994 0.318764840625 0.4619427671875 0.35005263593749997 0.4373506890625 0.3411001484375 0.367008184375 0.3144961890625 0.3410587609375 0.26993236249999997 0.3419620296875 0.2438933 0.37252155781249996 0.2507878125 0.42333453125
93 0.5840068125 0.785345096875 0.6147474609375 0.6971791921875 0.599079428125 0.6513749453125001 0.5640105828124999 0.6323522734375 0.5161360265625 0.648834178125 0.5017603078125 0.7027829671875 0.5316652140625 0.75373705625 0.5840068125 0.785345096875
93 0.665569278125 0.59462359375 0.6814108703125 0.566554553125 0.6733498984375 0.531951809375 0.609318684375 0.494002878125 0.558373534375 0.5178239046875001 0.5628058671875 0.58068850625 0.6217772781249999 0.60624488125 0.665569278125 0.59462359375
93 0.66519550625 0.48896379218749997 0.7048536796875 0.4617069171875 0.7233076171875 0.414885128125 0.723815325 0.41252564375 0.71087185625 0.376995875 0.6750702796875 0.3659158109375 0.6677299640625 0.3648232859375 0.6212870500000001 0.399891190625 0.6087721625 0.45361448906249996 0.66519550625 0.48896379218749997
93 0.796469278125 0.44560478750000004 0.7870274109375 0.4677135984375 0.7522338890625 0.47831306875 0.715885746875 0.5220164734375 0.716472059375 0.5724040687499999 0.7380830453125 0.5958577093749999 0.776842734375 0.592693784375 0.8094502140625 0.5609346796875 0.8164354359375 0.49441042187499995 0.796469278125 0.44560478750000004
93 0.765385884375 0.671384134375 0.79574181875 0.7130075687499999 0.8425751359375001 0.7200092671875 0.8819618468750001 0.671474025 0.8806089781249999 0.6250357421875 0.8584531828124999 0.5981237593750001 0.8097389390625 0.5932489828125 0.7716694578125 0.6203080171875001 0.765385884375 0.671384134375
93 0.671913815625 0.6539827390624999 0.6514739875 0.6860073328125 0.66332180625 0.7226213296874999 0.703055790625 0.750857190625 0.7771576015624999 0.7539383890625 0.8236746984375 0.7936173906249999 0.8309100859375 0.7226901703124999 0.8748044359374999 0.691437903125 0.8871045296875 0.6456815390624999 0.8650669625 0.6029618328125 0.830066071875 0.5937951734375 0.7807452359375 0.61589293125 0.7684149734375 0.6837672968749999 0.737182503125 0.653246859375 0.671913815625 0.6539827390624999
