93 0.1608527125 0.40525678281250005 0.2170542640625 0.3606831390625 0.2248062015625 0.31804748125 0.199612403125 0.281225775 0.151162790625 0.275411821875 0.1162790703125 0.30641957343750004 0.10852713124999999 0.376187015625 0.1608527125 0.40525678281250005
93 0.42248062031250005 0.5118459296875 0.4302325578125 0.5467296515625 0.4748062015625 0.57192345 0.5251937984375 0.5564195734374999 0.554263565625 0.51959786875 0.5290697671875 0.4672722875 0.4922480625 0.4614583328125 0.44767441874999997 0.475024225 0.42248062031250005 0.5118459296875
93 0.4302325578125 0.3955668609375 0.44186046562500003 0.43045058125 0.46705426406250006 0.4440164734375 0.509689921875 0.432388565625 0.5426356593749999 0.39169089218750003 0.5251937984375 0.339365309375 0.4767441859375 0.33355135625 0.44186046562500003 0.3606831390625 0.4302325578125 0.3955668609375
93 0.3178294578125 0.3529312015625 0.3546511625 0.4130087203125 0.393410853125 0.424636628125 0.42248062031250005 0.39169089218750003 0.4263565890625 0.34130329531250003 0.397286821875 0.29672965156250003 0.356589146875 0.2947916671875 0.3255813953125 0.3141715109375 0.3178294578125 0.3529312015625
93 0.2364341078125 0.4963420546875 0.2655038765625 0.525411821875 0.308139534375 0.533163759375 0.3372093015625 0.5079699609375 0.3217054265625 0.43820251875 0.292635659375 0.4130087203125 0.24806201562500002 0.41494670468750006 0.2248062015625 0.4459544578125 0.2364341078125 0.4963420546875
93 0.598837209375 0.7851017437500001 0.6608527125 0.7967296515625 0.655038759375 0.7056443796874999 0.6220930234375001 0.668822675 0.5813953484375001 0.6630087203125 0.5426356593749999 0.6940164734375001 0.550387596875 0.7482800390625 0.598837209375 0.7851017437500001
93 0.65697674375 0.6223110468749999 0.69379845 0.5971172484375 0.6976744187499999 0.566109496875 0.6763565890625001 0.537039728125 0.60077519375 0.5234738375 0.562015503125 0.5622335265625 0.591085271875 0.618435078125 0.65697674375 0.6223110468749999
93 0.6647286828125 0.5060319765625 0.6976744187499999 0.473086240625 0.70542635625 0.42269864375 0.6841085265625 0.38975290625 0.639534884375 0.38393895312500004 0.60077519375 0.42657461249999995 0.60077519375 0.48083817812499996 0.6647286828125 0.5060319765625
93 0.7926356593749999 0.47114825624999995 0.7577519374999999 0.47890019375000004 0.7209302328125 0.51959786875 0.7209302328125 0.5699854656250001 0.7422480625000001 0.5951792640625 0.7810077515625 0.5951792640625 0.8139534890625001 0.566109496875 0.8217054265625 0.5002180234375 0.8023255812500001 0.44983042656250005 0.7926356593749999 0.47114825624999995
93 0.7984496125 0.6552567828125 0.8275193796875 0.6998304265625 0.8740310078125001 0.7114583328124999 0.9147286828125001 0.666884690625 0.9147286828125001 0.6203730625 0.893410853125 0.5913032953124999 0.8449612406250001 0.581613371875 0.8062015499999999 0.6048691859375 0.7984496125 0.6552567828125
93 0.8798449609375 0.7056443796874999 0.9147286828125001 0.666884690625 0.9147286828125001 0.6203730625 0.8817829453125 0.58355135625 0.8449612406250001 0.581613371875 0.8023255812500001 0.6126211234375 0.808139534375 0.68045058125 0.7693798453125 0.6571947671875 0.70542635625 0.670760659375 0.69379845 0.7056443796874999 0.7151162796875 0.738590115625 0.76162790625 0.7579699609375 0.8352713171874999 0.7463420546874999 0.89147286875 0.775411821875 0.8798449609375 0.7056443796874999
