261 0.121875 0.309375 0.096875 0.115625
261 0.878125 0.33125 0.1203125 0.1125
261 0.1125 0.465625 0.1078125 0.10625
261 0.8796875 0.475 0.10625 0.084375
261 0.134375 0.6109375 0.10625 0.0875
261 0.86875 0.634375 0.1078125 0.096875
261 0.165625 0.740625 0.10625 0.121875
261 0.825 0.7796875 0.0984375 0.1421875
261 0.50625 0.08125 0.05625 0.1609375
261 0.7015625 0.0828125 0.0671875 0.153125
261 0.2203125 0.84375 0.0890625 0.1375
261 0.753125 0.865625 0.0765625 0.1734375
261 0.6671875 0.89375 0.06875 0.20625
261 0.290625 0.896875 0.065625 0.1828125
261 0.5765625 0.9046875 0.0625 0.190625
261 0.490625 0.90625 0.05625 0.16875
261 0.3953125 0.909375 0.0625 0.18125
261 0.33125 0.0921875 0.0578125 0.184375
261 0.60625 0.09375 0.05625 0.1734375
261 0.41875 0.09375 0.05 0.1734375
261 0.784375 0.109375 0.0796875 0.1515625
261 0.2359375 0.1109375 0.0671875 0.1828125
261 0.1609375 0.18125 0.096875 0.165625
261 0.8375 0.19375 0.1 0.16875
