261 0.1609375 0.4640625 0.065625 0.3328125
261 0.9 0.55 0.075 0.315625
261 0.44375 0.596875 0.06875 0.325
261 0.675 0.6 0.06875 0.3171875
261 0.2171875 0.6125 0.0671875 0.31875
261 0.7859375 0.64375 0.0671875 0.3171875
261 0.615625 0.6515625 0.071875 0.3375
261 0.278125 0.659375 0.065625 0.30625
261 0.103125 0.66875 0.0671875 0.3140625
261 0.5 0.728125 0.0671875 0.315625
261 0.3875 0.746875 0.0671875 0.3296875
261 0.840625 0.7609375 0.0671875 0.3421875
261 0.559375 0.765625 0.065625 0.321875
261 0.33125 0.7875 0.0578125 0.2875
