261 0.4640625 0.8390625 0.33125 0.065625
261 0.55 0.1 0.315625 0.075
261 0.596875 0.55625 0.325 0.06875
261 0.6 0.325 0.3171875 0.06875
261 0.6125 0.7828125 0.31875 0.0671875
261 0.64375 0.2140625 0.3171875 0.0671875
261 0.6515625 0.384375 0.3375 0.071875
261 0.659375 0.721875 0.30625 0.065625
261 0.66875 0.896875 0.315625 0.0671875
261 0.728125 0.5 0.315625 0.0671875
261 0.746875 0.6125 0.3296875 0.0671875
261 0.7609375 0.159375 0.340625 0.0671875
261 0.765625 0.440625 0.321875 0.065625
261 0.7875 0.66875 0.2875 0.0578125