129 0.053125 0.653125 0.1015625 0.1046875
129 0.175 0.5578125 0.1609375 0.1640625
129 0.059375 0.53125 0.1171875 0.1703125
129 0.04375 0.4234375 0.0859375 0.146875
129 0.7484375 0.1515625 0.315625 0.303125
129 0.5140625 0.2125 0.45625 0.4234375
129 0.690625 0.025 0.19375 0.05
129 0.54375 0.0171875 0.203125 0.034375
129 0.4625 0.553125 0.134375 0.16875
129 0.784375 0.31875 0.1609375 0.134375
129 0.55 0.434375 0.1703125 0.11875
129 0.63125 0.771875 0.1453125 0.1609375
129 0.6875 0.584375 0.1640625 0.1734375
129 0.8078125 0.515625 0.146875 0.14375
129 0.934375 0.35625 0.13125 0.146875