248 0.8379991078125 0.3539268078125 0.8760442671875 0.32366925 0.8967961703125 0.271406196875 0.8552923609375 0.2507760453125 0.8276231562499999 0.22189382968750002 0.7134876828125 0.2328965796875 0.6858184781250001 0.274156884375 0.71002903125 0.32779528125 0.7584501421875001 0.3594281828125 0.7792020453124999 0.40481451718750006 0.8276231562499999 0.386935053125 0.8379991078125 0.3539268078125
248 0.6477733171875 0.3222939109375 0.682359821875 0.2438993296875 0.6754425265624999 0.220518490625 0.6339387140625 0.1902609328125 0.5924349062500001 0.1778828390625 0.5128859421875 0.293411696875 0.5578484015625 0.33467199999999997 0.55438975 0.384184365625 0.5993522046875001 0.37180627187500004 0.6477733171875 0.3222939109375
248 0.3572466609375 0.3044144421875 0.391833165625 0.32504459375 0.4022091203125 0.3635542140625 0.4644648296875 0.3676802453125 0.5163445890625 0.282408946875 0.47138212968750004 0.2438993296875 0.43679562499999997 0.15587734375 0.4160437234375 0.19163627656249999 0.3745399109375 0.16963078125 0.3745399109375 0.2383979546875 0.3572466609375 0.3044144421875
248 0.2915322953125 0.389685740625 0.3399534015625 0.3635542140625 0.3192015 0.294787040625 0.2915322953125 0.2287705484375 0.21890062968750001 0.28515963437499997 0.1843141203125 0.3319213125 0.22235928125 0.37318161562499996 0.236193884375 0.4226939859375 0.2915322953125 0.389685740625
248 0.0667199953125 0.2521513890625 0.09438920468749999 0.283784290625 0.16702087031249999 0.290661009375 0.1739381703125 0.2356472671875 0.16702087031249999 0.20951574062499997 0.22927657968749998 0.15862803125 0.1462689640625 0.15587734375 0.09093055312500001 0.1352471921875 0.059802696875000005 0.1943869640625 0.0667199953125 0.2521513890625
248 0.1000723703125 0.6432851078125 0.094950509375 0.667725803125 0.120559821875 0.6772305171874999 0.159827428125 0.6582210890625 0.1649492859375 0.641927290625 0.1734857234375 0.6018717046875001 0.120559821875 0.5869357234375 0.12226710781250001 0.609339696875 0.0898286515625 0.6086607859375001 0.1000723703125 0.6432851078125
248 0.161534709375 0.7471580671875 0.170071146875 0.7722776703124999 0.192265884375 0.7722776703124999 0.20763146875 0.731543178125 0.2127533296875 0.7077813890625 0.1820221609375 0.688771959375 0.1461691296875 0.715928290625 0.13763269218750002 0.731543178125 0.161534709375 0.7471580671875
248 0.2298262046875 0.7797456609375 0.2451917859375 0.758699509375 0.21104604531249999 0.7227173703124999 0.1939731703125 0.7607362328125 0.1939731703125 0.781103478125 0.1905585984375 0.795360553125 0.21616790625 0.796039459375 0.2298262046875 0.7797456609375
248 0.2537282234375 0.7281486390625 0.24006992343750003 0.7485158843749999 0.23665535312500002 0.7654885890625 0.2622646609375 0.7688831296874999 0.2537282234375 0.7906081921875 0.26909381250000003 0.796039459375 0.28787396875 0.7763511203125 0.3066541296875 0.763451865625 0.3066541296875 0.7356166296875 0.2776302453125 0.720680646875 0.2537282234375 0.7281486390625
0 0.7859375 0.21875 0.215625 0.3765625
0 0.596875 0.1953125 0.196875 0.390625
0 0.41875 0.1875 0.2125 0.3734375
0 0.2828125 0.25 0.1859375 0.353125
0 0.178125 0.15 0.2640625 0.2921875
0 0.2765625 0.71875 0.0765625 0.16875
0 0.209375 0.7171875 0.0734375 0.1765625
0 0.1703125 0.6859375 0.09375 0.184375
0 0.1265625 0.5625 0.1234375 0.2375
