248 0.271406196875 0.8878675984375001 0.32366925 0.8671156968749999 0.3539268078125 0.8290705359375 0.386935053125 0.818694584375 0.40481451718750006 0.7702734734375001 0.3594281828125 0.749521571875 0.32779528125 0.701100459375 0.274156884375 0.67688990625 0.2328965796875 0.7045591109375 0.22189382968750002 0.818694584375 0.2507760453125 0.846363790625 0.271406196875 0.8878675984375001
248 0.3222939109375 0.6388447453125 0.37180627187500004 0.590423634375 0.384184365625 0.545461178125 0.33467199999999997 0.5489198296875 0.293411696875 0.5039573703125 0.1778828390625 0.583506334375 0.1902609328125 0.6250101421875 0.220518490625 0.6665139546875001 0.2438993296875 0.6734312499999999 0.3222939109375 0.6388447453125
248 0.32504459375 0.38290459375 0.3044144421875 0.3483180890625 0.2383979546875 0.3656113390625 0.16963078125 0.3656113390625 0.19163627656249999 0.4071151515625 0.15587734375 0.42786705312500006 0.2438993296875 0.4624535578125 0.282408946875 0.5074160171875 0.3676802453125 0.455536259375 0.3635542140625 0.39328054843750004 0.32504459375 0.38290459375
248 0.4226939859375 0.2272653125 0.37318161562499996 0.213430709375 0.3319213125 0.1753855484375 0.28515963437499997 0.2099720578125 0.2287705484375 0.2826037234375 0.294787040625 0.31027292812499996 0.3635542140625 0.3310248296875 0.389685740625 0.2826037234375 0.4226939859375 0.2272653125
248 0.2521513890625 0.0577914234375 0.1943869640625 0.050874125000000006 0.1352471921875 0.0820019828125 0.15587734375 0.1373403921875 0.15862803125 0.22034800937500001 0.20951574062499997 0.1580922984375 0.2356472671875 0.16500959843750002 0.290661009375 0.1580922984375 0.283784290625 0.085460634375 0.2521513890625 0.0577914234375
248 0.6432851078125 0.0911437984375 0.6086607859375001 0.0809000796875 0.609339696875 0.11333853593750001 0.5869357234375 0.11163125 0.6018717046875001 0.1645571515625 0.641927290625 0.1560207140625 0.6582210890625 0.1508988578125 0.6772305171874999 0.11163125 0.667725803125 0.0860219375 0.6432851078125 0.0911437984375
248 0.731543178125 0.1287041203125 0.715928290625 0.1372405578125 0.688771959375 0.1730935890625 0.7077813890625 0.203824759375 0.731543178125 0.198702896875 0.7722776703124999 0.18333731250000002 0.7722776703124999 0.1611425765625 0.7471580671875 0.1526061390625 0.731543178125 0.1287041203125
248 0.795360553125 0.1816300265625 0.781103478125 0.1850445984375 0.7607362328125 0.1850445984375 0.7227173703124999 0.20211747343750003 0.758699509375 0.2362632140625 0.7797456609375 0.22089763437499998 0.796039459375 0.207239334375 0.795360553125 0.1816300265625
248 0.7485158843749999 0.231141353125 0.7281486390625 0.2447996515625 0.720680646875 0.2687016734375 0.7356166296875 0.2977255578125 0.763451865625 0.2977255578125 0.7763511203125 0.27894539687500003 0.796039459375 0.260165240625 0.7906081921875 0.2447996515625 0.7688831296874999 0.2533360890625 0.7654885890625 0.22772678124999998 0.7485158843749999 0.231141353125
0 0.1515625 0.1734375 0.3015625 0.271875
0 0.2421875 0.284375 0.3578125 0.190625
0 0.1875 0.4359375 0.35 0.2390625
0 0.19375 0.6015625 0.3875 0.2015625
0 0.2203125 0.790625 0.390625 0.215625
0 0.5640625 0.13125 0.2328125 0.1421875
0 0.6875 0.16875 0.1875 0.0859375
0 0.7203125 0.209375 0.171875 0.0578125
0 0.71875 0.2703125 0.190625 0.0734375
