248 0.2207979546875 0.5951854828124999 0.17237684375 0.613064946875 0.1620008921875 0.6460731921875 0.12395573281250001 0.67633075 0.1032038296875 0.728593803125 0.1447076390625 0.7492239546875 0.17237684375 0.7781061703125001 0.28651231718750003 0.7671034203125 0.31418152187500004 0.725843115625 0.28997096875 0.67220471875 0.2415498578125 0.6405718171875 0.2207979546875 0.5951854828124999
248 0.44561025 0.615815634375 0.40064779531249994 0.6281937281250001 0.35222668281249997 0.6777060890625 0.317640178125 0.7561006703125 0.32455747343749997 0.7794815093749999 0.3660612859375 0.8097390671875001 0.40756509375 0.8221171609375 0.4871140578125 0.706588303125 0.44215159843749996 0.6653279999999999 0.44561025 0.615815634375
248 0.6254600890625001 0.8303692187499999 0.6254600890625001 0.7616020453125001 0.6427533390625 0.6955855578125 0.608166834375 0.67495540625 0.5977908796875 0.6364457859375 0.5355351703125 0.6323197546875 0.48365541093750003 0.7175910531249999 0.5286178703125 0.7561006703125 0.563204375 0.84412265625 0.5839562765624999 0.8083637234375001 0.6254600890625001 0.8303692187499999
248 0.7776407187500001 0.626818384375 0.763806115625 0.5773060140624999 0.7084677046875 0.6103142593750001 0.6600465984375 0.6364457859375 0.6807985000000001 0.7052129593750001 0.7084677046875 0.7712294515625 0.7810993703125 0.714840365625 0.8156858796875 0.6680786875 0.7776407187500001 0.626818384375
248 0.909069446875 0.8647528078125 0.9401973031249999 0.8056130359375 0.9332800046875 0.7478486109375 0.9056107953125 0.716215709375 0.8329791296875 0.7093389906249999 0.8260618296875 0.7643527328124999 0.8329791296875 0.790484259375 0.7707234203125 0.8413719687500001 0.8537310359375001 0.84412265625 0.909069446875 0.8647528078125
248 0.8777328921875001 0.390660303125 0.9101713484375 0.3913392140625 0.8999276296875 0.35671489218749997 0.905049490625 0.332274196875 0.8794401781250001 0.3227694828125 0.840172571875 0.3417789109375 0.8350507140625 0.358072709375 0.8265142765625001 0.3981282953125 0.8794401781250001 0.4130642765625 0.8777328921875001 0.390660303125
248 0.8538308703125 0.284071709375 0.8623673078125 0.268456821875 0.8384652906250001 0.2528419328125 0.829928853125 0.2277223296875 0.807734115625 0.2277223296875 0.79236853125 0.268456821875 0.7872466703125001 0.2922186109375 0.8179778390625 0.311228040625 0.8538308703125 0.284071709375
248 0.8094414015625 0.204639446875 0.78383209375 0.20396054062500002 0.7701737953125 0.22025433906249997 0.7548082140625 0.24130049062499997 0.7889539546875 0.2772826296875 0.8060268296875 0.23926376718750003 0.8060268296875 0.218896521875 0.8094414015625 0.204639446875
248 0.6933458703125 0.2643833703125 0.7223697546875 0.279319353125 0.7462717765625 0.2718513609375 0.7599300765625 0.251484115625 0.763344646875 0.2345114109375 0.7377353390625 0.2311168703125 0.7462717765625 0.20939180781250002 0.7309061875 0.20396054062500002 0.71212603125 0.22364887968749997 0.6933458703125 0.236548134375 0.6933458703125 0.2643833703125
0 0.2140625 0.78125 0.215625 0.3765625
0 0.403125 0.8046875 0.196875 0.390625
0 0.58125 0.8125 0.2125 0.3734375
0 0.7171875 0.75 0.1859375 0.353125
0 0.821875 0.85 0.2640625 0.2921875
0 0.7234375 0.28125 0.0765625 0.16875
0 0.790625 0.2828125 0.0734375 0.1765625
0 0.8296875 0.3140625 0.09375 0.184375
0 0.8734375 0.4375 0.1234375 0.2375
