248 0.781077928125 0.7660792046875 0.7551809328125 0.790261740625 0.7206516078125 0.9034799687499999 0.7206516078125 0.946349009375 0.795465146875 0.9870196343750001 0.8932982453125 0.9955357140625001 0.9105629109375 0.9375553609375 0.9019305765625001 0.8551149015625 0.850136584375 0.790261740625 0.781077928125 0.7660792046875
248 0.0962462546875 0.6682498609375 0.1020011421875 0.7221109593749999 0.10775603125 0.790261740625 0.228608678125 0.7836665046875 0.228608678125 0.733103021875 0.1653049109375 0.6638530359375 0.153795134375 0.6055951109375 0.090491365625 0.6088927328125 0.0962462546875 0.6682498609375
248 0.228608678125 0.562726071875 0.2660154515625 0.5968014640625 0.37535832187499996 0.5396427453125 0.291912446875 0.4615991078125 0.24299589687499998 0.4626983171875 0.2055891296875 0.5187578265624999 0.228608678125 0.562726071875
248 0.435784646875 0.47149196406250005 0.41276509843750003 0.5242538578125 0.3724808796875 0.58251178125 0.430029759375 0.6275792328125 0.5249854109375 0.6374720890625001 0.55088240625 0.583610990625 0.5019658609375 0.5220554468749999 0.4875786390625 0.474789584375 0.435784646875 0.47149196406250005
248 0.6026764015625 0.629777646875 0.5997989546875 0.6891347765625 0.7177741609375 0.7001268390625001 0.7494260453125 0.6528609734375 0.6861222765625 0.5495355984375 0.6343282859375 0.5220554468749999 0.573901959375 0.5495355984375 0.6026764015625 0.629777646875
248 0.06747181249999999 0.5429403609375 0.0444522640625 0.5671228968750001 0.038697375 0.6209839953125 0.0473297046875 0.6979284234375001 0.1250206921875 0.6000990796875 0.1307755796875 0.5374443296875 0.06747181249999999 0.5429403609375
0 0.2203125 0.76875 0.259375 0.3328125
0 0.0765625 0.63125 0.078125 0.18125
0 0.303125 0.61875 0.1453125 0.3171875
0 0.484375 0.634375 0.13125 0.3296875
0 0.66875 0.6953125 0.1546875 0.3171875
0 0.8265625 0.878125 0.1609375 0.2421875
