248 0.729580178125 0.09652003125 0.7641095046874999 0.20973825937499999 0.7900065 0.23392079531249999 0.85906515625 0.20973825937499999 0.9108591468749999 0.1448850984375 0.9194914828125 0.062444639062499994 0.9022268171875 0.0044642859375000005 0.8043937187499999 0.012980365625 0.729580178125 0.05365099062499999 0.729580178125 0.09652003125
248 0.1109297140625 0.277889040625 0.10517482656249999 0.3317501390625 0.0994199375 0.3911072671875 0.1627237046875 0.3944048890625 0.1742334828125 0.3361469640625 0.23753725 0.266896978125 0.23753725 0.2163334953125 0.116684603125 0.20973825937499999 0.1109297140625 0.277889040625
248 0.2145177015625 0.48124217343750003 0.25192446875 0.5373016828125 0.3008410171875 0.5384008921875 0.3842868921875 0.4603572546875 0.274944021875 0.4031985359375 0.23753725 0.43727392812500004 0.2145177015625 0.48124217343750003
248 0.42169367031249994 0.4757461421875 0.44471321875000003 0.5285080359375 0.496507209375 0.5252104156249999 0.5108944328125 0.47794455312500006 0.559810978125 0.416389009375 0.5339139828125 0.36252791093750003 0.43895832968750004 0.3724207671875 0.3814094515625 0.41748821875 0.42169367031249994 0.4757461421875
248 0.6116049734375 0.370222353125 0.5828305312500001 0.4504644015625 0.6432568578125 0.47794455312500006 0.6950508484375 0.4504644015625 0.758354615625 0.3471390265625 0.7267027328125 0.2998731609375 0.6087275265625001 0.3108652234375 0.6116049734375 0.370222353125
248 0.1397041515625 0.46255567031249994 0.13394926406250002 0.3999009203125 0.0562582765625 0.3020715765625 0.047625946875000005 0.3790160046875 0.053380834375 0.43287710312499994 0.07640038437499999 0.4570596390625 0.1397041515625 0.46255567031249994
0 0.815625 0.11875 0.1984375 0.2359375
0 0.6640625 0.3109375 0.1578125 0.3296875
0 0.46875 0.3734375 0.1421875 0.303125
0 0.296875 0.378125 0.125 0.3234375
0 0.2140625 0.23125 0.2375 0.3265625
