273 0.79375 0.034375 0.1328125 0.06875
273 0.959375 0.3703125 0.08125 0.2234375
273 0.92109375 0.5796875 0.1578125 0.328125
273 0.7046875 0.3375 0.2046875 0.265625
273 0.646875 0.553125 0.2265625 0.3328125
273 0.159375 0.28125 0.2140625 0.240625
273 0.2890625 0.43125 0.390625 0.553125
273 0.4359375 0.546875 0.2296875 0.3203125
273 0.66875 0.909375 0.275 0.10625
273 0.4234375 0.0203125 0.24375 0.040625
273 0.5875 0.01875 0.1453125 0.0359375
273 0.815625 0.478125 0.3671875 0.5359375
273 0.4875 0.31875 0.209375 0.253125
273 0.1265625 0.503125 0.1984375 0.3328125
