97 0.8578125 0.254296875 0.86015625 0.226953125 0.851171875 0.21484375 0.841796875 0.209375 0.826953125 0.20859375 0.816015625 0.21171875 0.804296875 0.21875 0.79609375 0.229296875 0.79296875 0.241015625 0.7953125 0.260546875 0.805859375 0.2703125 0.81796875 0.271484375 0.842578125 0.26875 0.8578125 0.254296875
97 0.92734375 0.216015625 0.91953125 0.191015625 0.908203125 0.18046875 0.900390625 0.178125 0.892578125 0.17734375 0.880078125 0.18125 0.86953125 0.195703125 0.8734375 0.220703125 0.885546875 0.2328125 0.9109375 0.233984375 0.92265625 0.226953125 0.92734375 0.216015625
97 0.9484375 0.296484375 0.95078125 0.279296875 0.94375 0.258984375 0.927734375 0.2421875 0.915234375 0.23671875 0.894140625 0.23359375 0.873828125 0.2390625 0.86796875 0.246484375 0.86484375 0.261328125 0.86640625 0.267578125 0.869921875 0.2703125 0.887109375 0.2703125 0.896484375 0.2765625 0.903125 0.285546875 0.90703125 0.298046875 0.90625 0.317578125 0.909765625 0.3203125 0.921875 0.319921875 0.938671875 0.3109375 0.9484375 0.296484375
97 0.8859375 0.358984375 0.89921875 0.336328125 0.90546875 0.317578125 0.90703125 0.299609375 0.903125 0.285546875 0.894140625 0.27421875 0.887109375 0.2703125 0.869140625 0.27109375 0.850390625 0.28046875 0.8328125 0.299609375 0.825 0.319921875 0.8234375 0.341796875 0.8296875 0.362109375 0.843359375 0.3765625 0.86015625 0.378515625 0.868359375 0.37578125 0.8859375 0.358984375
97 0.80390625 0.312890625 0.80625 0.308984375 0.80234375 0.305078125 0.80703125 0.301953125 0.80625 0.296484375 0.818359375 0.2921875 0.82265625 0.280078125 0.820703125 0.271875 0.805078125 0.2703125 0.7953125 0.261328125 0.793359375 0.23359375 0.780859375 0.234375 0.770703125 0.23984375 0.7609375 0.250390625 0.75390625 0.269921875 0.75390625 0.294140625 0.7609375 0.319140625 0.766015625 0.325 0.778125 0.326171875 0.794140625 0.32109375 0.80390625 0.312890625
97 0.83984375 0.376171875 0.8265625 0.355859375 0.8234375 0.342578125 0.825 0.319921875 0.834375 0.298046875 0.833203125 0.2953125 0.817578125 0.3015625 0.80625 0.312890625 0.7953125 0.336328125 0.7921875 0.355859375 0.797265625 0.37265625 0.812890625 0.38359375 0.82421875 0.384765625 0.833984375 0.38203125 0.83984375 0.376171875
97 0.97265625 0.276953125 0.97578125 0.265234375 0.97421875 0.250390625 0.958984375 0.22734375 0.941015625 0.2171875 0.930078125 0.21640625 0.91640625 0.235546875 0.931640625 0.2453125 0.94375 0.258984375 0.95 0.274609375 0.95078125 0.291796875 0.95390625 0.292578125 0.963671875 0.28828125 0.97265625 0.276953125
97 0.94765625 0.357421875 0.946875 0.330859375 0.937890625 0.31328125 0.920703125 0.32109375 0.906640625 0.3203125 0.8859375 0.359765625 0.909765625 0.38125 0.9265625 0.384765625 0.94140625 0.373046875 0.94765625 0.357421875
97 0.925 0.448828125 0.9265625 0.427734375 0.92421875 0.418359375 0.908203125 0.39375 0.894140625 0.38515625 0.886328125 0.38515625 0.875 0.393359375 0.88359375 0.414453125 0.8828125 0.430859375 0.878125 0.445703125 0.891015625 0.4609375 0.900390625 0.46484375 0.909375 0.464453125 0.917578125 0.46015625 0.925 0.448828125
97 0.8765625 0.445703125 0.88359375 0.424609375 0.8828125 0.409765625 0.878125 0.398046875 0.864453125 0.384375 0.848046875 0.378125 0.830859375 0.384375 0.825 0.390234375 0.81953125 0.402734375 0.81640625 0.425390625 0.81640625 0.433984375 0.8203125 0.434765625 0.82109375 0.441015625 0.82421875 0.442578125 0.82734375 0.457421875 0.835546875 0.46328125 0.8453125 0.465234375 0.861328125 0.46015625 0.8765625 0.445703125
97 0.8875 0.545703125 0.8953125 0.519921875 0.89609375 0.498828125 0.89296875 0.483984375 0.88671875 0.473828125 0.871484375 0.4625 0.859765625 0.4609375 0.842578125 0.4671875 0.8328125 0.476953125 0.8265625 0.492578125 0.82578125 0.505859375 0.83203125 0.536328125 0.84296875 0.556640625 0.851171875 0.56328125 0.86328125 0.565234375 0.877734375 0.55859375 0.8875 0.545703125
97 0.715625 0.401953125 0.71484375 0.386328125 0.7078125 0.369921875 0.690234375 0.353125 0.678515625 0.35078125 0.662109375 0.3546875 0.653125 0.362890625 0.64921875 0.372265625 0.6484375 0.383984375 0.6515625 0.392578125 0.662109375 0.40390625 0.672265625 0.409375 0.683984375 0.41328125 0.69765625 0.412890625 0.710546875 0.40859375 0.715625 0.401953125
97 0.69296875 0.337890625 0.6953125 0.326171875 0.690625 0.317578125 0.676953125 0.3078125 0.662890625 0.3046875 0.645703125 0.30625 0.637109375 0.3109375 0.62890625 0.322265625 0.628125 0.328515625 0.63203125 0.337890625 0.648046875 0.3484375 0.66953125 0.351171875 0.685546875 0.3453125 0.69296875 0.337890625
97 0.626171875 0.4078125 0.64609375 0.383203125 0.65 0.368359375 0.64921875 0.355078125 0.64609375 0.348046875 0.635546875 0.340625 0.618359375 0.33984375 0.604296875 0.34453125 0.58984375 0.357421875 0.57890625 0.373828125 0.575 0.388671875 0.57734375 0.405078125 0.588671875 0.4171875 0.60078125 0.419140625 0.609765625 0.41796875 0.626171875 0.4078125
97 0.66328125 0.466796875 0.678125 0.419921875 0.676171875 0.4109375 0.663671875 0.40546875 0.650390625 0.39375 0.641015625 0.39453125 0.619140625 0.41328125 0.59609375 0.421484375 0.5984375 0.437890625 0.6140625 0.469140625 0.626953125 0.48203125 0.63828125 0.483203125 0.654296875 0.47578125 0.66328125 0.466796875
97 0.73828125 0.364453125 0.73828125 0.334765625 0.721484375 0.31328125 0.701171875 0.309375 0.68984375 0.316796875 0.69453125 0.323046875 0.6953125 0.333203125 0.68671875 0.344140625 0.6875 0.348046875 0.70625 0.367578125 0.712890625 0.37890625 0.72265625 0.380078125 0.727734375 0.378125 0.73828125 0.364453125
97 0.56171875 0.393359375 0.5796875 0.363671875 0.5796875 0.339453125 0.571484375 0.32890625 0.564453125 0.32578125 0.550390625 0.3265625 0.535546875 0.33671875 0.52734375 0.346484375 0.52109375 0.362109375 0.51953125 0.391015625 0.526171875 0.40234375 0.5421875 0.406640625 0.550390625 0.40390625 0.56171875 0.393359375
97 0.5203125 0.457421875 0.5234375 0.439453125 0.5203125 0.429296875 0.508984375 0.41640625 0.498046875 0.41171875 0.486328125 0.4109375 0.475390625 0.41484375 0.465625 0.423828125 0.46015625 0.442578125 0.4640625 0.455078125 0.473046875 0.46484375 0.49140625 0.469921875 0.512890625 0.465625 0.5203125 0.457421875
97 0.6265625 0.500390625 0.62265625 0.483203125 0.610546875 0.4671875 0.600390625 0.46171875 0.582421875 0.46328125 0.56796875 0.477734375 0.56484375 0.488671875 0.56640625 0.497265625 0.57421875 0.511328125 0.583203125 0.51796875 0.598828125 0.52421875 0.6125 0.523828125 0.625 0.515234375 0.6265625 0.500390625
97 0.56953125 0.591015625 0.571875 0.569140625 0.56796875 0.555859375 0.559375 0.542578125 0.542578125 0.5296875 0.523828125 0.5265625 0.512890625 0.52890625 0.49296875 0.548828125 0.4921875 0.559765625 0.49765625 0.573046875 0.528515625 0.60234375 0.541796875 0.6078125 0.55 0.607421875 0.562890625 0.6015625 0.56953125 0.591015625
97 0.5140625 0.524609375 0.515625 0.505078125 0.508203125 0.49453125 0.499609375 0.48984375 0.482421875 0.4890625 0.470703125 0.49375 0.4625 0.499609375 0.4515625 0.514453125 0.45 0.536328125 0.45234375 0.543359375 0.463671875 0.5546875 0.47265625 0.555859375 0.494140625 0.546875 0.5140625 0.524609375
97 0.55859375 0.489453125 0.549609375 0.47890625 0.538671875 0.4734375 0.529296875 0.4734375 0.519140625 0.478125 0.5109375 0.488671875 0.5109375 0.497265625 0.51640625 0.507421875 0.51640625 0.519921875 0.522265625 0.5265625 0.541015625 0.52890625 0.5609375 0.541796875 0.56484375 0.508984375 0.55859375 0.489453125
97 0.43828125 0.266015625 0.43984375 0.239453125 0.434375 0.221484375 0.419921875 0.203125 0.408984375 0.196875 0.396484375 0.19296875 0.380859375 0.1953125 0.3734375 0.202734375 0.36875 0.216015625 0.371875 0.241796875 0.3890625 0.275390625 0.403515625 0.28671875 0.41640625 0.287109375 0.427734375 0.28203125 0.43828125 0.266015625
97 0.484765625 0.61640625 0.4984375 0.598828125 0.5015625 0.580859375 0.487109375 0.5578125 0.461328125 0.55625 0.4453125 0.567578125 0.43671875 0.582421875 0.43359375 0.598046875 0.4359375 0.614453125 0.444921875 0.628125 0.45546875 0.629296875 0.466015625 0.62734375 0.484765625 0.61640625
97 0.503125 0.683984375 0.5171875 0.658203125 0.51875 0.641015625 0.51640625 0.631640625 0.508203125 0.6234375 0.494921875 0.61796875 0.480859375 0.61953125 0.468359375 0.62734375 0.4609375 0.637890625 0.4546875 0.657421875 0.453125 0.677734375 0.45625 0.691796875 0.463671875 0.7 0.47578125 0.701953125 0.487109375 0.6984375 0.503125 0.683984375
97 0.58046875 0.669140625 0.58203125 0.644140625 0.57734375 0.623046875 0.564453125 0.60390625 0.547265625 0.60859375 0.529296875 0.60546875 0.5171875 0.625390625 0.5203125 0.649609375 0.52734375 0.662890625 0.541015625 0.675 0.5578125 0.680078125 0.569140625 0.678125 0.58046875 0.669140625
97 0.6171875 0.625390625 0.61171875 0.577734375 0.605078125 0.5734375 0.591796875 0.5734375 0.581640625 0.58046875 0.56953125 0.605078125 0.58125 0.636328125 0.591015625 0.64296875 0.5984375 0.643359375 0.607421875 0.64140625 0.6171875 0.625390625
97 0.36875 0.212109375 0.37890625 0.194140625 0.3796875 0.180859375 0.376953125 0.1734375 0.358984375 0.1734375 0.348828125 0.16875 0.339453125 0.1734375 0.32734375 0.187890625 0.321875 0.202734375 0.3234375 0.217578125 0.331640625 0.2265625 0.34140625 0.227734375 0.354296875 0.2234375 0.36875 0.212109375
97 0.321875 0.201953125 0.3296875 0.183984375 0.325 0.175390625 0.3265625 0.167578125 0.293359375 0.16953125 0.277734375 0.1671875 0.2765625 0.198046875 0.2828125 0.221484375 0.293359375 0.2296875 0.31484375 0.230078125 0.32265625 0.219921875 0.321875 0.201953125
