273 0.3890625 0.9578125 0.115625 0.0796875
273 0.103125 0.0609375 0.1171875 0.121875
273 0.103125 0.6703125 0.115625 0.178125
273 0.103125 0.4625 0.115625 0.2796875
273 0.3953125 0.625 0.1171875 0.2140625
273 0.396875 0.4125 0.1078125 0.2796875
273 0.9125 0.55 0.134375 0.18125
273 0.75625 0.440625 0.1953125 0.4640625
273 0.5921875 0.3703125 0.115625 0.2640625
273 0.275 0.05 0.2359375 0.0984375
273 0.915625 0.925 0.1296875 0.1453125
273 0.75 0.934375 0.2140625 0.125
273 0.5875 0.946875 0.121875 0.1015625
273 0.2515625 0.525 0.1921875 0.446875
273 0.6 0.5921875 0.125 0.1953125
273 0.9109375 0.3296875 0.1296875 0.275
