273 0.946875 0.634375 0.0765625 0.1171875
273 0.06875 0.884375 0.1375 0.1234375
273 0.66875 0.903125 0.1765625 0.1234375
273 0.4671875 0.896875 0.275 0.1296875
273 0.628125 0.61875 0.2140625 0.125
273 0.421875 0.6109375 0.2765625 0.121875
273 0.559375 0.115625 0.18125 0.1421875
273 0.453125 0.2625 0.459375 0.21875
273 0.3828125 0.41875 0.2625 0.1296875
273 0.059375 0.71875 0.11875 0.234375
273 0.921875 0.121875 0.140625 0.1375
273 0.928125 0.28125 0.128125 0.2171875
273 0.940625 0.440625 0.0984375 0.125
273 0.5296875 0.75625 0.44375 0.2140625
273 0.5984375 0.4203125 0.19375 0.134375
273 0.346875 0.109375 0.2734375 0.1453125
