97 0.5679057734375 0.3905228765625 0.5722630718749999 0.367647059375 0.5722630718749999 0.3240740734375 0.5602805015625 0.2728758171875 0.5521105671875 0.258169934375 0.54775326875 0.260348584375 0.536860021875 0.2516339875 0.519975490625 0.2641612203125 0.5101715687499999 0.30882352968750004 0.5123502171875 0.33714596874999997 0.5243327890625 0.383986928125 0.5232434640625 0.4068627453125 0.5303240734375 0.41830065312500003 0.5417619828125 0.419934640625 0.5581018515625 0.41122004375000004 0.5679057734375 0.3905228765625
97 0.519975490625 0.2554466234375 0.5145288671875 0.1998910671875 0.5052696078125 0.1851851859375 0.4911083875 0.1786492375 0.4780364921875 0.1830065359375 0.46659858437499996 0.19771241875 0.449169390625 0.258714596875 0.45025871406249995 0.3001089328125 0.4567946625 0.328431371875 0.4715005453125 0.349673203125 0.48838507656249996 0.3513071890625 0.500367646875 0.3338779953125 0.519975490625 0.2554466234375
97 0.732393790625 0.5713507625 0.72585784375 0.5408496734375 0.72367919375 0.4689542484375 0.716053921875 0.43518518593750005 0.7057053375 0.42592592656250006 0.6959014156250001 0.42483660156249997 0.6844635078125 0.43300653593750005 0.6746595859375 0.455882353125 0.6713916125 0.5059912859375 0.6931781046875 0.5582788671875 0.7046160125 0.57298475 0.7215005453125001 0.5811546843750001 0.7264025046875 0.580610021875 0.732393790625 0.5713507625
97 0.6223720046875 0.7576252718750001 0.6343545749999999 0.705337690625 0.6299972765625 0.6650326796875 0.6218273421875 0.652505446875 0.6109340953125 0.6481481484375 0.60004085 0.651416121875 0.5842456421875 0.671568628125 0.571173746875 0.7184095859374999 0.5733523968750001 0.7456427015625 0.588602940625 0.778322440625 0.6022194984375 0.7897603484375 0.6103894328125 0.7913943359375 0.6223720046875 0.7805010890624999 0.6223720046875 0.7576252718750001
97 0.45134803906250004 0.6105664484375 0.44808006562499997 0.5648148140625 0.44481209218749995 0.5561002171875 0.43664215625 0.5501089328125001 0.4213916125 0.5501089328125001 0.41322167812500005 0.5571895421875 0.3990604578125 0.5931372546875 0.393613834375 0.6225490203125 0.395792484375 0.6889978218749999 0.40287309374999997 0.7004357296875 0.4154003265625 0.703159040625 0.428472221875 0.6900871453125 0.45134803906250004 0.6105664484375
97 0.4807598046875 0.7837690625 0.4785811546875 0.760893246875 0.48402777812500003 0.7293028328125 0.4807598046875 0.6672113296875 0.4704112203125 0.6492374734374999 0.45407135 0.64379085 0.44263344218749995 0.649782134375 0.43500817031250005 0.6672113296875 0.428472221875 0.703159040625 0.42956154687500003 0.7347494546875 0.45025871406249995 0.795751634375 0.4616966234375 0.8050108937499999 0.47204520624999996 0.8044662312499999 0.4774918296875 0.8001089328125 0.4807598046875 0.7837690625
97 0.4567946625 0.6323529406249999 0.45189270156249994 0.6165577343749999 0.44481209218749995 0.6399782140625 0.44481209218749995 0.6454248359375 0.44808006562499997 0.6454248359375 0.45352668906250004 0.6432461875000001 0.4567946625 0.6323529406249999
97 0.4894744015625 0.5931372546875 0.4796704796875 0.5724400875 0.4715005453125 0.5653594765625 0.46060729843750003 0.5631808281249999 0.4557053375 0.5648148140625 0.4524373640625 0.5735294125 0.4578839875 0.616013071875 0.465509259375 0.6432461875000001 0.481849128125 0.65849673125 0.490563725 0.6388888890625 0.4894744015625 0.5931372546875
97 0.5167075156250001 0.8534858390625001 0.5286900875 0.8044662312499999 0.5254221140625 0.76960784375 0.5096269062500001 0.7505446625000001 0.4889297390625 0.7527233109375 0.481849128125 0.7576252718750001 0.4796704796875 0.795751634375 0.465509259375 0.811002178125 0.463330609375 0.82298475 0.46441993437500007 0.8578431375 0.47204520624999996 0.8807189546874999 0.48457244062499993 0.8954248359375001 0.5036356203125 0.8981481484374999 0.5156181921874999 0.8818082781250001 0.5167075156250001 0.8534858390625001
97 0.32934368125 0.7870370375 0.340236928125 0.7118736390625 0.33152233125 0.6802832249999999 0.31899509843749996 0.6688453156249999 0.3081018515625 0.6688453156249999 0.2982979296875 0.6721132890625 0.2912173203125 0.6846405234375 0.2803240734375 0.7543572984375 0.28359204843749997 0.7739651421875 0.2923066453125 0.7913943359375 0.305923203125 0.8017429187499999 0.3184504359375 0.8022875812500001 0.3260757078125 0.796840959375 0.32934368125 0.7870370375
