234 0.115625 0.128125 0.1015625 0.2078125
234 0.3125 0.115625 0.075 0.2171875
234 0.5109375 0.096875 0.0890625 0.1921875
234 0.6953125 0.115625 0.1125 0.1734375
234 0.884375 0.1125 0.09375 0.2109375
234 0.1171875 0.4671875 0.08125 0.20625
234 0.290625 0.4671875 0.06875 0.2109375
234 0.478125 0.4609375 0.075 0.2296875
234 0.6828125 0.4484375 0.08125 0.2171875
234 0.840625 0.4625 0.0765625 0.1921875
234 0.921875 0.475 0.071875 0.1921875
234 0.1203125 0.7875 0.1078125 0.184375
234 0.3140625 0.7890625 0.1234375 0.1890625
234 0.5015625 0.7921875 0.1328125 0.1953125
234 0.6984375 0.790625 0.075 0.1375
234 0.89375 0.8125 0.0640625 0.178125