240 0.525 0.9703125 0.453125 0.046875
240 0.5171875 0.828125 0.4046875 0.06875
240 0.546875 0.7296875 0.33125 0.0421875
240 0.565625 0.653125 0.321875 0.0671875
240 0.54375 0.5796875 0.2125 0.04375
240 0.565625 0.50625 0.24375 0.0484375
240 0.53125 0.4375 0.1953125 0.0328125
240 0.53125 0.3890625 0.225 0.028125
240 0.54375 0.334375 0.2140625 0.025
240 0.565625 0.2859375 0.209375 0.034375
240 0.540625 0.2421875 0.1890625 0.015625
240 0.5390625 0.20625 0.2 0.0234375
240 0.559375 0.159375 0.2078125 0.021875