234 0.096875 0.128125 0.15625 0.2140625
234 0.26875 0.134375 0.11875 0.23125
234 0.4234375 0.1359375 0.103125 0.2171875
234 0.571875 0.134375 0.1453125 0.2109375
234 0.74375 0.134375 0.109375 0.2359375
234 0.890625 0.140625 0.1171875 0.209375
234 0.121875 0.3734375 0.159375 0.18125
234 0.28125 0.390625 0.1203125 0.2
234 0.41875 0.409375 0.128125 0.1390625
234 0.56875 0.384375 0.125 0.19375
234 0.709375 0.3734375 0.0890625 0.2421875
234 0.8640625 0.39375 0.1453125 0.20625
234 0.090625 0.628125 0.1390625 0.234375
234 0.25625 0.6609375 0.1390625 0.15
234 0.4109375 0.6515625 0.121875 0.2140625
234 0.565625 0.634375 0.1453125 0.2453125
234 0.721875 0.6609375 0.128125 0.20625
234 0.871875 0.6234375 0.146875 0.1859375
234 0.121875 0.8875 0.1359375 0.175
234 0.2640625 0.88125 0.1 0.178125
234 0.409375 0.8734375 0.13125 0.1703125
234 0.575 0.8734375 0.1390625 0.209375
234 0.7265625 0.86875 0.125 0.196875
234 0.86875 0.8515625 0.1171875 0.253125
