223 0.1984375 0.4140625 0.0421875 0.0421875
223 0.2359375 0.4140625 0.0421875 0.0421875
223 0.253125 0.6484375 0.0421875 0.0375
223 0.5265625 0.6421875 0.0375 0.05
223 0.521875 0.528125 0.0421875 0.05
223 0.51875 0.3953125 0.0375 0.0375
223 0.8 0.39375 0.0375 0.0421875
223 0.8296875 0.396875 0.034375 0.0421875
223 0.8 0.625 0.05 0.0453125
223 0.71875 0.4421875 0.1609375 0.23125
223 0.884375 0.4421875 0.1578125 0.2234375
223 0.7890625 0.61875 0.315625 0.0953125
223 0.51875 0.39375 0.2265625 0.13125
223 0.5234375 0.51875 0.2078125 0.1078125
223 0.5234375 0.6328125 0.2 0.103125
223 0.3109375 0.4578125 0.18125 0.21875
223 0.128125 0.4640625 0.18125 0.23125
223 0.2640625 0.64375 0.3234375 0.0875