311 0.7299710578124999 0.9548470640625 0.6320380250000001 0.899938009375 0.4761058171875 0.9042166375 0.6101694828124999 0.9683960515625 0.7299710578124999 0.9548470640625
311 0.3686647234375 0.654630025 0.4513848578125 0.70383424375 0.5892517484375001 0.70597355625 0.49131871718750003 0.6517776078125 0.3686647234375 0.654630025
311 0.306862325 0.6902852562499999 0.206076875 0.6503513984375 0.10814384218749999 0.6560562359375 0.1623397921875 0.6902852562499999 0.306862325 0.6902852562499999
311 0.10053739375 0.8721269296875 0.2469615390625 0.8036688890624999 0.1052914234375 0.8050950984374999 311 0.8564386296875 0.10053739375 0.8721269296875
311 0.38768084687500004 0.8086606203125 0.3838776234375 0.8022426796875 0.231748640625 0.80652130625 0.10338981093749999 0.86642209375 0.2631252421875 0.864995884375 0.38768084687500004 0.8086606203125
311 0.25932201875 0.8550124203125 0.4057461640625 0.86642209375 0.5027283890625001 0.8115130390624999 0.5055808078124999 0.8058082015625001 0.38482842968750003 0.8022426796875 0.25932201875 0.8550124203125
311 0.5673832078125 0.8585779421874999 0.6748243015625001 0.8022426796875 0.5322033796875 0.7951116328125 0.4066969703125 0.8600041515625 0.5673832078125 0.8585779421874999
311 0.7023976796875 0.8671351968750001 0.8060355484375 0.8115130390624999 0.6729226890625 0.8029557828125 0.5683340140625 0.8585779421874999 0.7023976796875 0.8671351968750001
311 0.599710615625 0.9612650046875 0.47420420625000004 0.9070690562499999 0.3477469890625 0.899938009375 0.43141792968750003 0.9541339593749999 0.599710615625 0.9612650046875
311 0.176601884375 0.90635595 0.180405109375 0.9070690562499999 0.2954526515625 0.9548470640625 0.445680021875 0.956986378125 0.3211244171875 0.8992249046874999 0.176601884375 0.90635595
311 0.0663083734375 0.9092083687500001 0.1176519046875 0.9634043203125 0.2954526515625 0.9555601687499999 0.1689954359375 0.9006511140625 0.0663083734375 0.9092083687500001
