311 1 0.8673348093750001 0.87956755 0.826721984375 0.7349910515625 0.8500304703125 0.8748313140624999 0.8967625765625 1 0.8682230000000001 1 0.8673348093750001
311 0.8523032015625001 0.90625 0.8629386875 0.90625 0.7549846109375 0.83439090625 0.604510609375 0.809375 0.6036060484375 0.809375 0.7087900234375 0.88303680625 0.8523032015625001 0.90625
311 0.5689974640625 0.881572328125 0.7080161390625 0.9063474062499999 0.61696760625 0.83134031875 0.49052151874999994 0.8112565187499999 0.5689974640625 0.881572328125
311 0.3155989359375 0.8518457187499999 0.42526456562500003 0.8976978015625001 0.5875 0.8693316281250001 0.5875 0.8692667875 0.46687528437500003 0.8239018046875 0.3155989359375 0.8518457187499999
311 0.1734375 0.840236421875 0.1734375 0.8408190781249999 0.281155146875 0.8936606687499999 0.421875 0.8824219390625 0.421875 0.8823697312500001 0.3436272546875 0.8351578999999999 0.1734375 0.840236421875
311 0.2264960328125 0.9674120734375 0.399035484375 0.9924572312500001 0.525 0.9559313453125 0.525 0.9559169390625 0.37337303125 0.9239146734375 0.2264960328125 0.9674120734375
311 0.6066720015625 1 0.7076734703125 0.9744022421875 0.8087009593750001 0.90395394375 0.637921815625 0.9281546531249999 0.5578064546875 1 0.6066720015625 1
311 0.44536564843750004 1 0.5590386859375001 0.9728172296875 0.6312071671874999 0.899080075 0.5103736359375 0.9311796125 0.41065823906250004 1 0.44536564843750004 1
311 0.761491775 1 0.8781365828125001 0.9740872843749999 0.92419504375 0.9103289140624999 0.8028003296874999 0.9359493750000001 0.7223261937500001 1 0.761491775 1
311 0.7016300375 0.8218838859375 0.6077619203125 0.7512222937499999 0.5035199718750001 0.7337929875 0.5763494546875 0.7900654265625 0.7016300375 0.8218838859375
