311 0.36057631562500003 0.9077476593749999 0.278836015625 0.984717825 0.39835676875 0.9688817265624999 0.5129117640625 0.8741757781249999 0.36057631562500003 0.9077476593749999
311 0.6221356953125 0.628650625 0.5024349875 0.6555556234375 0.42114916718749995 0.73125 0.422718196875 0.73125 0.55377628125 0.6964050796875 0.6221356953125 0.628650625
311 0.8897655125 0.6474977078124999 0.791707934375 0.6503500046874999 0.6957412625 0.6984375 0.70025498125 0.6984375 0.83875905 0.6863199640625 0.8897655125 0.6474977078124999
311 1 0.8500198859375001 0.892944496875 0.804587725 0.75139389375 0.8105779109375 0.9012001859375 0.8712788843749999 1 0.85051403125 1 0.8500198859375001
311 0.6144077703125 0.8094960406249999 0.6109456484375 0.81610423125 0.7382789140625 0.8658435531249999 0.896875 0.8589511468750001 0.896875 0.8585055234375 0.7665521921875 0.8058069874999999 0.6144077703125 0.8094960406249999
311 0.49430041718749995 0.8079125421875 0.497251965625 0.8135667281250001 0.5951777140625001 0.8667748468750001 0.740625 0.85288360625 0.740625 0.8525092375 0.614972178125 0.80224014375 0.49430041718749995 0.8079125421875
311 0.3228526875 0.8213780359375 0.43708852499999995 0.8622121375 0.5953125 0.8414055171875001 0.5953125 0.8408762328125 0.4630931828125 0.7944673921875001 0.3228526875 0.8213780359375
311 0.199437653125 0.7931503203125 0.2930983453125 0.8643002125000001 0.4268501140625 0.8768204890625 0.33225032187500003 0.8055218578125001 0.199437653125 0.7931503203125
311 0.3997810046875 0.9569993984374999 0.568220040625 0.9557460265625 0.6515625 0.9058028968749999 0.6515625 0.9045496406250001 0.5271023703125 0.907216575 0.3997810046875 0.9569993984374999
311 0.8121612140625001 0.8803706109375 0.8157330671875 0.878882353125 0.6728860703125 0.9019550609375001 0.5671947125 0.98125 0.5766926703124999 0.98125 0.70956134375 0.9510242828125 0.8121612140625001 0.8803706109375
311 0.8755341265625001 0.973832190625 0.9355086625 0.9293753078125 0.8358676 0.9031166359375 0.7017966953125 0.935232434375 0.8755341265625001 0.973832190625