311 0.680526525 0.6844249437500001 0.8128810984375001 0.70307796875 0.859375 0.6583189453125 0.859375 0.6577417921875 0.78125651875 0.6476118375000001 0.680526525 0.6844249437500001
311 0.5282768171875001 0.71249111875 0.6126318625 0.6715852640625 0.5180048953124999 0.645232921875 0.401227084375 0.678244684375 0.5282768171875001 0.71249111875
311 0.310561534375 0.667908459375 0.44359919375 0.7026888062500001 0.496875 0.677517496875 0.496875 0.6772982484375001 0.4299258828125 0.6541903203125 0.310561534375 0.667908459375
311 0.6091861984375 0.79773709375 0.7350503234375 0.8686945328125001 0.868499696875 0.8632102093749999 0.755051859375 0.7971577125 0.6091861984375 0.79773709375
311 0.761963090625 0.772540584375 0.848496315625 0.856427484375 0.9801215921875001 0.8875 0.983378390625 0.8875 0.9036350296875 0.8074461062499999 0.761963090625 0.772540584375
311 0.50805889375 0.7781703171875 0.5671561859375001 0.8463364078125 0.7119799171875 0.890625 0.7156942921875 0.890625 0.65351143125 0.81495788125 0.50805889375 0.7781703171875
311 0.326512996875 0.78852605 0.405970478125 0.8646638765624999 0.5832200000000001 0.8661299093749999 0.4539945921875 0.7842545671875001 0.326512996875 0.78852605
311 0.1875905 0.8096151 0.30980517343749997 0.867935315625 0.409375 0.8420789046875001 0.409375 0.841500234375 0.33895893125 0.7948036093749999 0.1875905 0.8096151
311 0.4173172671875 0.9655488218749999 0.5023646234375 0.8937869968750001 0.3797954859375 0.9058844671875 0.23552331406250002 0.9531357781249999 0.4173172671875 0.9655488218749999
311 0.80088813125 0.9426215765625001 0.63050961875 0.8824453984374999 0.5265625 0.9237901078125 0.5265625 0.9242543031249999 0.6905513453125 0.9607013546875001 0.80088813125 0.9426215765625001
311 0.8724713671875 0.9658054015624999 0.9136948265625 0.913866984375 0.8236683828125001 0.8872096218750001 0.694504103125 0.9423965093750001 0.8724713671875 0.9658054015624999
