311 0.1853634890625 0.7729944843750001 0.2826608703125 0.8543921140625 0.4343067875 0.8779516734374999 0.31954430624999997 0.7896876203125001 0.1853634890625 0.7729944843750001
311 0.6022720484375 0.869258 0.446884196875 0.7885133421875 0.30352812500000004 0.7925856546875 0.4368067578125 0.8629033890625 0.6022720484375 0.869258
311 0.4489499078125 0.940320771875 0.641763925 0.9778000203125 0.7015625 0.9372480359375001 0.7015625 0.9367486015625 0.5533029218750001 0.8993180000000001 0.4489499078125 0.940320771875
311 0.5864319265625 0.8625074890625 0.7180935749999999 0.864018159375 0.5721949359375 0.7987256671875 0.4365568140625 0.793217315625 0.5864319265625 0.8625074890625
311 0.4737885734375 0.9601512515625 0.5621250046874999 0.88428968125 0.4117444609375 0.8881553921875 0.3150777546875 0.9631972875000001 0.4737885734375 0.9601512515625
311 0.6915196828125 0.9167403875 0.6268199390625 0.983323925 0.7990653203125 0.9577513890624999 0.853705871875 0.8933059999999999 0.6915196828125 0.9167403875
311 0.2837190203125 0.8718460453124999 0.141949603125 0.9384771203125 0.3148940515625 0.9567559921875001 0.4006235828125 0.9101747265625001 0.2837190203125 0.8718460453124999
311 0.264759325 0.6503941359375001 0.178109325 0.710948803125 0.3360121484375 0.68111808125 0.3755849203125 0.6187876812499999 0.264759325 0.6503941359375001
311 0.1464023734375 0.6339929765625001 0.044904284375 0.6701934703125 0.1930122390625 0.689828315625 0.303125 0.6433340703125 0.303125 0.6425630171875001 0.14607592187500001 0.6239188421875 0.1464023734375 0.6339929765625001
311 0.4458139296875 0.7046162781249999 0.5272406000000001 0.6646543734375 0.390457915625 0.6329688390625 0.296273921875 0.6750321890625 0.4458139296875 0.7046162781249999
