311 0.367961975 0.899938009375 0.2700289421875 0.9548470640625 0.3898305171875 0.9683960515625 0.5238941828125 0.9042166375 0.367961975 0.899938009375
311 0.5486151421875001 0.70383424375 0.6313352765625 0.654630025 0.5086812828125 0.6517776078125 0.41074825156249994 0.70597355625 0.5486151421875001 0.70383424375
311 0.793923125 0.6503513984375 0.693137675 0.6902852562499999 0.8376602078125 0.6902852562499999 0.8918561578125 0.6560562359375 0.793923125 0.6503513984375
311 0.7530384609375 0.8036688890624999 0.89946260625 0.8721269296875 1 0.8564386296875 0.8947085765624999 0.8050950984374999 0.7530384609375 0.8036688890624999
311 0.8966101890625 0.86642209375 0.768251359375 0.80652130625 0.6161223765625 0.8022426796875 0.612319153125 0.8086606203125 0.7368747578125 0.864995884375 0.8966101890625 0.86642209375
311 0.4944191921875 0.8058082015625001 0.4972716109375 0.8115130390624999 0.5942538359375 0.86642209375 0.74067798125 0.8550124203125 0.6151715703125 0.8022426796875 0.4944191921875 0.8058082015625001
311 0.3251756984375 0.8022426796875 0.43261679218750004 0.8585779421874999 0.5933030296874999 0.8600041515625 0.4677966203125 0.7951116328125 0.3251756984375 0.8022426796875
311 0.1939644515625 0.8115130390624999 0.2976023203125 0.8671351968750001 0.4316659859375 0.8585779421874999 0.3270773109375 0.8029557828125 0.1939644515625 0.8115130390624999
311 0.52579579375 0.9070690562499999 0.400289384375 0.9612650046875 0.5685820703125 0.9541339593749999 0.6522530109375 0.899938009375 0.52579579375 0.9070690562499999
311 0.554319978125 0.956986378125 0.7045473484375 0.9548470640625 0.8195948906250001 0.9070690562499999 0.823398115625 0.90635595 0.6788755828124999 0.8992249046874999 0.554319978125 0.956986378125
311 0.8823480953124999 0.9634043203125 0.9336916265624999 0.9092083687500001 0.8310045640625001 0.9006511140625 0.7045473484375 0.9555601687499999 0.8823480953124999 0.9634043203125