311 0.7791666671875 0.646875 0.68125 0.690625 0.8145833328125001 0.7 0.8583333328125 0.6515625 0.7791666671875 0.646875
311 0.5354166671875 0.7078125 0.6104166671875 0.6515625 0.5125 0.64375 0.40416666718750005 0.6984375 0.5354166671875 0.7078125
311 0.425 0.6484375 0.3125 0.690625 0.45 0.6921875 0.49583333281249997 0.6546875 0.425 0.6484375
311 0.6083333328125 0.8 0.7354166671875 0.86875 0.86875 0.8609375 0.7541666671875 0.796875 0.6083333328125 0.8
311 0.99375 0.8640625 0.8979166671875 0.8015625 0.7520833328125 0.796875 0.8541666671874999 0.8609375 0.99375 0.8640625
311 0.6479166671875001 0.80625 0.49791666718750005 0.803125 0.5708333328124999 0.85625 0.7270833328124999 0.8671875 0.6479166671875001 0.80625
311 0.325 0.7953125 0.40833333281249995 0.8671875 0.5854166671875001 0.859375 0.45208333281249996 0.784375 0.325 0.7953125
311 0.1895833328125 0.8 0.30625 0.86875 0.40833333281249995 0.8515625 0.3416666671875 0.7984375 0.1895833328125 0.8
311 0.4166666671875 0.9671875 0.5041666671875 0.8984375 0.38125 0.90625 0.23541666718749998 0.9484375 0.4166666671875 0.9671875
311 0.6979166671875 0.9546875 0.8020833328125001 0.9140625 0.6229166671875 0.890625 0.5291666671875 0.953125 0.6979166671875 0.9546875
311 0.875 0.9609375 0.9125 0.90625 0.8208333328125 0.8859375 0.6958333328124999 0.95 0.875 0.9609375
