311 0.47422492656250004 0.9129425421875 0.6124389484375 0.9676138109375 0.7296875 0.9459836812500001 0.7296875 0.9451193968749999 0.629478828125 0.89779705625 0.47422492656250004 0.9129425421875
311 0.366118403125 0.681990303125 0.4582849734375 0.7097211359375 0.5921875 0.6785339421875001 0.5921875 0.6783405609375001 0.48443898750000003 0.649549928125 0.366118403125 0.681990303125
311 0.112063315625 0.6407681828125 0.160237425 0.6830539015625 0.2968265921875 0.7046875 0.3013334765625 0.7046875 0.2096830625 0.6504536828124999 0.112063315625 0.6407681828125
311 0.10432561250000001 0.8747288624999999 0.2427918171875 0.7913403515625 0.1020468640625 0.80756730625 0.0026990984375 0.8696355234375 0.10432561250000001 0.8747288624999999
311 0.3869195296875 0.8036650875 0.382894640625 0.7973837875 0.231007653125 0.8069690328125001 0.10677966406249999 0.8703125 0.127626921875 0.8703125 0.2644058734375 0.8643129625 0.3869195296875 0.8036650875
311 0.3822209953125 0.802137715625 0.2607013421875 0.8635337953125 0.4075647046875 0.8647016437499999 0.5004804234375 0.8031612062500001 0.5029279453125 0.797271290625 0.3822209953125 0.802137715625
311 0.6749599374999999 0.802456821875 0.5323390156250001 0.795325775 0.4084635921875 0.859375 0.501843690625 0.859375 0.5675188437500001 0.858792084375 0.6749599374999999 0.802456821875
311 0.6945069359375 0.8695560671875 0.8080008359375 0.83867295 0.680224615625 0.8003911374999999 0.565804278125 0.831060371875 0.6945069359375 0.8695560671875
311 0.5893551546875 0.984375 0.5904508515625 0.984375 0.47817939843749996 0.90762895625 0.35565369687500004 0.8765625 0.355471353125 0.8765625 0.42719881875 0.9456651390624999 0.5893551546875 0.984375
311 0.179816728125 0.8924139484375001 0.183524578125 0.89352069375 0.292947715625 0.9530627125000001 0.424196134375 0.96875 0.43854427031250004 0.96875 0.3242929484375 0.9004286859375 0.179816728125 0.8924139484375001
311 0.06859026875 0.9012970062500001 0.1160282109375 0.9589424828125 0.293943025 0.9635201921875 0.1716241140625 0.8999236843749999 0.06859026875 0.9012970062500001