311 0.55390625 0.50546875 0.175390625 0.08515625
311 0.69609375 0.45703125 0.212890625 0.16796875
311 0.121875 0.76875 0.24375 0.1
311 0.56640625 0.7203125 0.220703125 0.1953125
311 0.74296875 0.71484375 0.250390625 0.19296875
311 0.4625 0.51796875 0.230078125 0.09453125
311 0.07890625 0.5203125 0.1578125 0.084375
311 0.88046875 0.66171875 0.2390625 0.0921875
311 0.740625 0.659375 0.29453125 0.0953125
311 0.17890625 0.66953125 0.2875 0.0765625
311 0.11484375 0.7625 0.2171875 0.096875
311 0.9015625 0.75859375 0.196875 0.1171875
