311 0.157775496875 0.657499434375 0.1928028765625 0.630695875 0.1599075984375 0.6282591875 0.11543805781250001 0.6595300078124999 0.157775496875 0.657499434375
311 0.2238706375 0.6489710296875 0.2515879546875 0.6233858125 0.21869267812499998 0.6241980421875 0.186406571875 0.6510016015625 0.2238706375 0.6489710296875
311 0.206813828125 0.6152635234375 0.24305954999999999 0.60957791875 0.22052019375 0.5860232765625 0.183056128125 0.5888660781249999 0.1848836421875 0.5917088796875001 0.206813828125 0.6152635234375
311 0.2357494875 0.60957791875 0.2762594140625 0.606329003125 0.24976044062499997 0.58196213125 0.2122963734375 0.5843988171875 0.21351471718749998 0.5884599640625 0.2357494875 0.60957791875
311 0.26803559374999997 0.6083595749999999 0.3100684484375 0.6047045453125001 0.284178646875 0.5811499015625 0.24519165156249997 0.5843988171875 0.26803559374999997 0.6083595749999999
311 0.33473990625 0.6018617421875 0.3125051359375 0.577494871875 0.2768685859375 0.5823682453125001 0.3033675578125 0.6067351171875 0.33473990625 0.6018617421875
311 0.43220739531249996 0.595770025 0.40144421875 0.5705909234375001 0.3715948015625 0.5746520687500001 0.390174540625 0.5949577953125 0.43220739531249996 0.595770025
311 0.368853528125 0.6221674703125 0.3661122546875 0.6335386765625 0.390174540625 0.636381478125 0.41819644375 0.6087656906250001 0.38438740937500004 0.6022678578125 0.368853528125 0.6221674703125
311 0.21595140468750001 0.6497832578125 0.256765915625 0.6465343421874999 0.2876052390625 0.6223466375 0.291184121875 0.6172940953125 0.254329228125 0.6177002093749999 0.21595140468750001 0.6497832578125
311 0.3859103390625 0.6315081046875 0.3846919953125 0.6347570203124999 0.425811090625 0.6335386765625 0.44317248749999993 0.6083595749999999 0.41515058437499996 0.6059228875 0.3859103390625 0.6315081046875
