10101 0.278125 0.16640625 0.12421875 0.059375
10101 0.221875 0.1609375 0.10859375 0.04375
10101 0.15078125 0.165625 0.12421875 0.05703125
10101 0.20546875 0.21796875 0.14296875 0.06640625
10101 0.09765625 0.21484375 0.146875 0.07265625
10101 0.1375 0.26953125 0.12734375 0.06640625
10101 0.32890625 0.209375 0.13515625 0.07265625
10101 0.37578125 0.1484375 0.16875 0.0609375
10101 0.41328125 0.09296875 0.13125 0.0609375
101 0.26875 0.10859375 0.165625 0.0609375
101 0.175 0.10390625 0.10546875 0.0515625
10101 0.80625 0.12578125 0.18046875 0.06875
10101 0.73828125 0.19921875 0.1578125 0.059375
10101 0.646875 0.31328125 0.1390625 0.06328125
10101 0.69375 0.35625 0.18046875 0.06875
10101 0.58828125 0.36953125 0.1875 0.0765625
10101 0.43046875 0.35078125 0.15 0.053125
10101 0.434375 0.40234375 0.15 0.05703125
