101 0.9453125 0.1859375 0.08984375 0.04375
101 0.91875 0.1515625 0.05234375 0.02890625
101 0.7890625 0.0046875 0.09375 0.009375
101 0.72734375 0.0171875 0.08984375 0.03359375
101 0.79375 0.0109375 0.06875 0.021875
101 0.68984375 0.1328125 0.06796875 0.03828125
101 0.7328125 0.3765625 0.08671875 0.04375
101 0.61484375 0.39765625 0.08984375 0.04375
101 0.18828125 0.2421875 0.07890625 0.04921875
101 0.24609375 0.23515625 0.0828125 0.05546875
101 0.1171875 0.26953125 0.08671875 0.04765625
101 0.1734375 0.06328125 0.09375 0.05546875
101 0.12265625 0.0546875 0.06015625 0.0265625
