10101 0.1640625 0.61171875 0.0375 0.04375
10101 0.21328125 0.61796875 0.053125 0.0453125
10101 0.26484375 0.60625 0.065625 0.05
10101 0.37890625 0.46328125 0.0578125 0.034375
10101 0.4140625 0.44375 0.05625 0.0328125
10101 0.30234375 0.47265625 0.059375 0.034375
10101 0.29375 0.50703125 0.05625 0.0390625
10101 0.24375 0.4875 0.059375 0.034375
10101 0.16953125 0.50859375 0.0546875 0.0296875
10101 0.1859375 0.525 0.0609375 0.0390625
101 0.25625 0.4609375 0.0625 0.0359375
10101 0.30703125 0.41640625 0.0703125 0.040625
10101 0.41328125 0.38828125 0.0625 0.034375
10101 0.39296875 0.3671875 0.0546875 0.0359375
10101 0.4109375 0.29375 0.0515625 0.0359375
10101 0.4359375 0.275 0.05625 0.0359375
10101 0.46328125 0.259375 0.05 0.0359375
10101 0.50625 0.23984375 0.0515625 0.034375
10101 0.54765625 0.2546875 0.040625 0.028125
10101 0.5390625 0.2828125 0.046875 0.03125
10101 0.40703125 0.21484375 0.059375 0.0359375
10101 0.43515625 0.19453125 0.071875 0.0375
10101 0.409375 0.171875 0.05 0.0375
10101 0.5953125 0.13359375 0.05 0.0421875
10101 0.64375 0.12734375 0.05 0.0390625
10101 0.47421875 0.0296875 0.0375 0.0296875
10101 0.4828125 0.009375 0.040625 0.01875
10101 0.35703125 0.04453125 0.046875 0.025
10101 0.33984375 0.0625 0.034375 0.025
10101 0.371875 0.065625 0.0328125 0.0234375
10101 0.07734375 0.13125 0.03125 0.021875
10101 0.06796875 0.11875 0.0265625 0.0171875
10101 0.01640625 0.175 0.0328125 0.021875
101 0.27265625 0.15625 0.0609375 0.03125
101 0.2796875 0.1828125 0.04375 0.0265625
101 0.315625 0.16171875 0.034375 0.025
10101 0.26796875 0.20546875 0.046875 0.0328125
10101 0.2546875 0.23125 0.05625 0.0390625
10101 0.171875 0.30625 0.0609375 0.03125
10101 0.2046875 0.29921875 0.040625 0.0234375
10101 0.25078125 0.2890625 0.0484375 0.03125
10101 0.3078125 0.29375 0.0234375 0.021875
10101 0.1984375 0.325 0.05625 0.03125
10101 0.26015625 0.3375 0.046875 0.03125
10101 0.0296875 0.4328125 0.0390625 0.028125
10101 0.92421875 0.73515625 0.0265625 0.021875
10101 0.9109375 0.74453125 0.0375 0.0265625
10101 0.89765625 0.75390625 0.0265625 0.0234375
10101 0.88203125 0.72421875 0.028125 0.025
10101 0.775 0.70703125 0.025 0.021875
10101 0.79921875 0.7203125 0.0296875 0.0203125
10101 0.84375 0.784375 0.0203125 0.015625
10101 0.878125 0.775 0.034375 0.0171875
10101 0.87265625 0.79140625 0.021875 0.0171875
101 0.8578125 0.79140625 0.0265625 0.0171875
10101 0.61875 0.43046875 0.04375 0.0234375
10101 0.66875 0.6515625 0.028125 0.015625
10101 0.64609375 0.7234375 0.0234375 0.0234375
10101 0.6328125 0.67421875 0.03125 0.0203125
10101 0.7484375 0.8375 0.0234375 0.01875
