101 0.6875 0.79609375 0.040625 0.0265625
101 0.7 0.81875 0.040625 0.025
101 0.67109375 0.828125 0.0390625 0.0265625
101 0.64453125 0.8046875 0.0375 0.025
101 0.62578125 0.8140625 0.03125 0.021875
101 0.6625 0.85390625 0.034375 0.03125
101 0.68984375 0.85234375 0.046875 0.021875
101 0.71875 0.8484375 0.04375 0.028125
101 0.7484375 0.86015625 0.040625 0.01875
101 0.71640625 0.92890625 0.0375 0.0171875
101 0.6953125 0.93515625 0.0375 0.021875
101 0.7296875 0.9546875 0.0390625 0.01875
101 0.73203125 0.94453125 0.0296875 0.0125
101 0.4609375 0.99140625 0.0375 0.0171875
101 0.49296875 0.96796875 0.0375 0.0234375
101 0.95234375 0.859375 0.0265625 0.0234375
101 0.93984375 0.87890625 0.028125 0.01875
101 0.9578125 0.78671875 0.03125 0.025
101 0.95 0.7015625 0.05 0.0296875
101 0.4234375 0.68203125 0.053125 0.0265625
101 0.4390625 0.7109375 0.0375 0.0234375
101 0.56953125 0.80546875 0.0671875 0.0265625
101 0.41171875 0.8171875 0.04375 0.025
101 0.3796875 0.8265625 0.0375 0.0203125
101 0.365625 0.8078125 0.034375 0.0203125
101 0.303125 0.8171875 0.0296875 0.025
101 0.29375 0.8296875 0.0328125 0.0203125
101 0.34140625 0.93125 0.0359375 0.025
101 0.36484375 0.9359375 0.040625 0.021875
101 0.396875 0.9515625 0.040625 0.0265625
101 0.39375 0.9328125 0.0359375 0.021875
101 0.36484375 0.96796875 0.0265625 0.01875
101 0.01484375 0.75703125 0.0296875 0.0265625
101 0.08359375 0.615625 0.0515625 0.0265625
101 0.015625 0.5765625 0.03125 0.028125
101 0.44140625 0.95625 0.04375 0.0359375
101 0.153125 0.17578125 0.0734375 0.0453125
