10101 0.296875 0.63125 0.0640625 0.040625
10101 0.45703125 0.6375 0.09375 0.0390625
10101 0.5515625 0.36953125 0.078125 0.0453125
10101 0.475 0.33203125 0.0890625 0.0359375
10101 0.63671875 0.315625 0.08125 0.0453125
10101 0.6546875 0.28359375 0.0640625 0.034375
10101 0.55625 0.3046875 0.0640625 0.0359375
10101 0.50234375 0.28203125 0.0640625 0.034375
10101 0.4484375 0.26796875 0.08125 0.03125
10101 0.58359375 0.23203125 0.0484375 0.0359375
10101 0.625 0.2265625 0.046875 0.0265625
10101 0.671875 0.2484375 0.0296875 0.0234375
10101 0.57578125 0.101 0.0640625 0.040625
10101 0.64453125 0.09296875 0.05625 0.0421875
10101 0.71640625 0.10546875 0.0484375 0.028125
