101 0.1171875 0.12265625 0.15625 0.09375
101 0.2734375 0.1171875 0.21875 0.1015625
101 0.19765625 0.17421875 0.14375 0.0875
101 0.609375 0.84765625 0.13125 0.071875
101 0.48828125 0.90546875 0.1234375 0.0734375
101 0.503125 0.83125 0.0953125 0.059375
10101 0.58671875 0.90390625 0.10625 0.059375
10101 0.78515625 0.6359375 0.0546875 0.046875
10101 0.90234375 0.625 0.0734375 0.0484375
10101 0.73203125 0.178125 0.084375 0.059375
10101 0.78125 0.0234375 0.075 0.046875
10101 0.740625 0.01328125 0.053125 0.0265625
10101 0.171875 0.74375 0.1109375 0.0640625
10101 0.065625 0.8546875 0.0453125 0.0359375
10101 0.515625 0.21328125 0.1109375 0.046875
10101 0.46640625 0.71328125 0.065625 0.0546875
