143 0.1234375 0.2953125 0.059375 0.09375
143 0.0921875 0.2140625 0.06875 0.0625
143 0.278125 0.1796875 0.071875 0.084375
143 0.34277799062500003 0.6937092687499999 0.20716336562499998 0.66816935 0.24045321875 0.8275672374999999 0.36437861250000003 0.843688471875 0.34277799062500003 0.6937092687499999
143 0.2328125 0.54375 0.025 0.025
143 0.2515625 0.53125 0.0125 0.0125
143 0.2671875 0.5296875 0.00625 0.009375
143 0.2765625 0.5296875 0.00625 0.009375
143 0.8453125 0.7171875 0.075 0.075
143 0.978125 0.6640625 0.01875 0.01875
143 0.758839646875 0.6992986250000001 0.75149495625 0.6461125937500001 0.697130340625 0.632967415625 0.704085940625 0.682684575 0.758839646875 0.6992986250000001
