101 0.071875 0.55625 0.0453125 0.034375
101 0.1046875 0.54921875 0.0515625 0.0390625
101 0.15546875 0.56796875 0.053125 0.0359375
101 0.14765625 0.53671875 0.0609375 0.034375
101 0.221875 0.521875 0.0546875 0.0328125
101 0.21953125 0.54375 0.04375 0.0265625
101 0.25390625 0.5140625 0.0453125 0.0328125
101 0.04921875 0.45 0.046875 0.028125
101 0.1265625 0.08046875 0.053125 0.0375
101 0.05546875 0.09609375 0.0625 0.0390625
101 0.06015625 0.14453125 0.0625 0.0375
101 0.63828125 0.1140625 0.053125 0.0375
101 0.703125 0.103125 0.0671875 0.0328125
101 0.87421875 0.12265625 0.040625 0.0203125
101 0.44765625 0.378125 0.0375 0.0265625
101 0.4625 0.43828125 0.0515625 0.0375
101 0.6140625 0.65859375 0.040625 0.034375
101 0.1296875 0.7234375 0.0546875 0.025
101 0.16015625 0.77734375 0.053125 0.0390625
