101 0.97578125 0.03671875 0.0484375 0.0734375
101 0.8265625 0.0734375 0.146875 0.07421875
101 0.67109375 0.0890625 0.21015625 0.07265625
101 0.75390625 0.13515625 0.13515625 0.06875
101 0.43984375 0.859375 0.12421875 0.05546875
101 0.56796875 0.9 0.11640625 0.05703125
101 0.54296875 0.828125 0.08984375 0.04765625
101 0.4703125 0.91171875 0.1015625 0.04609375
101 0.23671875 0.67421875 0.04921875 0.03984375
101 0.11875 0.6796875 0.06796875 0.03984375
101 0.22578125 0.21328125 0.07890625 0.04921875
101 0.1546875 0.06640625 0.07109375 0.03828125
101 0.1921875 0.0453125 0.04921875 0.034375
101 0.14296875 0.02734375 0.04921875 0.04375
101 0.85859375 0.69609375 0.10546875 0.04921875
101 0.9796875 0.790625 0.040625 0.03125
101 0.44453125 0.21796875 0.1078125 0.03203125
101 0.56328125 0.70625 0.06015625 0.046875
