97 0.25 0.43793103437500003 0.29827586250000004 0.42068965468749997 0.360344828125 0.42068965468749997 0.365517240625 0.38103448281249996 0.34137931093749996 0.3051724140625 0.3017241375 0.2586206890625 0.2293103453125 0.213793103125 0.1672413796875 0.2034482765625 0.11551724062499999 0.213793103125 0.07241379375 0.25 0.058620689062499995 0.41206896562499995 0.1931034484375 0.515517240625 0.2034482765625 0.48103448281250005 0.25 0.43793103437500003
97 0.5844827593749999 0.4310344828125 0.6672413796875001 0.4172413796875 0.67586206875 0.37413793125 0.662068965625 0.32586206875 0.6051724140625 0.2551724140625 0.539655171875 0.2206896546875 0.47413793125000003 0.21724137968749999 0.384482759375 0.2586206890625 0.3586206890625 0.29137931093749997 0.3586206890625 0.32931034531250003 0.37586206875 0.415517240625 0.46034482812500005 0.45862068906250003 0.52758620625 0.5189655171875 0.5413793109375 0.47413793125000003 0.5844827593749999 0.4310344828125
97 0.9965517234375 0.41206896562499995 0.9793103453124999 0.336206896875 0.9293103453124999 0.27586206875 0.8672413796875 0.24137931093749998 0.7706896546875 0.22758620624999998 0.712068965625 0.24482758593749998 0.686206896875 0.2706896546875 0.67241379375 0.312068965625 0.6896551718749999 0.40862068906250004 0.7706896546875 0.43793103437500003 0.8551724140625 0.5051724140625 0.92241379375 0.43448275937499997 0.9965517234375 0.41206896562499995
97 0.260344828125 0.6413793109375 0.20172413749999998 0.62413793125 0.0948275859375 0.62413793125 97 0.6672413796875001 0.0017241374999999999 0.7965517234374999 0.3827586203125 0.7982758624999999 0.337931034375 0.6948275859375 0.260344828125 0.6413793109375
97 0.6465517234375 0.6551724140624999 0.587931034375 0.6310344828125001 0.4672413796875 0.6310344828125001 0.4068965515625 0.6706896546875 0.3793103453125 0.72241379375 0.3982758625 0.8 0.7413793109375 0.7982758624999999 0.710344828125 0.712068965625 0.6465517234375 0.6551724140624999
97 0.9120689656250001 0.62413793125 0.8465517234375 0.6310344828125001 0.77758620625 0.6551724140624999 0.7413793109375 0.6982758625 0.75 0.8 1 0.7982758624999999 0.9913793109375 0.637931034375 0.9120689656250001 0.62413793125
97 0.213793103125 0.6189655171874999 0.1965517234375 0.5431034484375 0.17241379375000002 0.5051724140625 0.11206896562499999 0.44827586249999996 0.043103448437500004 0.4172413796875 97 0.42241379375 0.0068965515625000005 0.6568965515625 0.0810344828125 0.62413793125 0.213793103125 0.6189655171874999
97 0.43275862031249995 0.6448275859375 0.48448275937499996 0.62413793125 0.5465517234374999 0.62413793125 0.5448275859375 0.57758620625 0.510344828125 0.5086206890625 0.45 0.4551724140625 0.35 0.42068965468749997 0.27758620624999997 0.42758620625 0.2293103453125 0.4551724140625 0.2034482765625 0.487931034375 0.1965517234375 0.52241379375 0.210344828125 0.5810344828125 0.23620689687500002 0.6310344828125001 0.3017241375 0.6586206890625 0.37586206875 0.7258620687499999 0.40344827656250004 0.6706896546875 0.43275862031249995 0.6448275859375
97 0.7810344828125 0.6482758625 0.8844827593750001 0.62413793125 0.8827586203125 0.57758620625 0.8379310343749999 0.4982758625 0.7568965515625 0.43448275937499997 0.6706896546875 0.4172413796875 0.615517240625 0.42413793125000004 0.5448275859375 0.47413793125000003 0.5310344828125 0.5293103453125 0.57413793125 0.62413793125 0.6431034484375 0.6482758625 0.734482759375 0.7258620687499999 0.7482758625 0.67758620625 0.7810344828125 0.6482758625
97 1 0.41896551718749997 0.987931034375 0.4172413796875 0.8982758625 0.462068965625 0.8689655171874999 0.49482758593750004 0.8689655171874999 0.52241379375 0.8982758625 0.6206896546875 1 0.636206896875 1 0.41896551718749997
