101 0.84375 0.1265625 0.3125 0.240625
101 0.49453125 0.0875 0.4109375 0.175
101 0.12109375 0.07109375 0.2171875 0.1421875
101 0.3109375 0.3078125 0.515625 0.2515625
101 0.78359375 0.35625 0.4234375 0.19375
101 0.8578125 0.7296875 0.2765625 0.225
101 0.525 0.6953125 0.4046875 0.20625
101 0.89296875 0.55859375 0.2140625 0.2046875
101 0.56953125 0.49921875 0.4046875 0.2078125
101 0.1953125 0.521875 0.378125 0.18125
101 0.08359375 0.74921875 0.1671875 0.1609375
101 0.2796875 0.83046875 0.3125 0.159375
101 0.584375 0.89296875 0.3546875 0.1875
101 0.84296875 0.85078125 0.290625 0.1578125
101 0.74375 0.97734375 0.328125 0.0453125
101 0.04140625 0.92109375 0.0828125 0.1265625
101 0.2515625 0.95234375 0.30625 0.0890625
