10101 0.77421875 0.02734375 0.3703125 0.0546875
10101 0.1640625 0.340625 0.2140625 0.1484375
10101 0.3734375 0.36953125 0.225 0.1015625
10101 0.04375 0.52109375 0.0875 0.1609375
10101 0.0875 0.67421875 0.159375 0.14375
101 0.37109375 0.25625 0.3421875 0.18125
101 0.7890625 0.19453125 0.384375 0.2140625
101 0.56796875 0.11015625 0.39375 0.209375
101 0.28984375 0.49140625 0.29375 0.2125
101 0.490625 0.4515625 0.1625 0.159375
101 0.28203125 0.61640625 0.2421875 0.1453125
101 0.0859375 0.55390625 0.171875 0.1484375
