101 0.2828125 0.225 0.0390625 0.021875
101 0.26796875 0.20390625 0.0390625 0.02109375
101 0.2953125 0.19140625 0.0375 0.02265625
101 0.32421875 0.2125 0.0359375 0.02109375
101 0.3421875 0.20078125 0.0296875 0.01875
101 0.3015625 0.16484375 0.03203125 0.02734375
101 0.27421875 0.16953125 0.0453125 0.01796875
101 0.24609375 0.1765625 0.04140625 0.02421875
101 0.215625 0.16796875 0.0390625 0.0140625
101 0.23984375 0.09609375 0.0359375 0.01328125
101 0.26015625 0.0875 0.0359375 0.01796875
101 0.22421875 0.071875 0.0375 0.015625
101 0.22265625 0.08203125 0.028125 0.01015625
101 0.4875 0.00703125 0.0359375 0.0140625
101 0.4578125 0.03359375 0.0359375 0.0203125
101 0.0125 0.18984375 0.025 0.02109375
101 0.02265625 0.16953125 0.0265625 0.015625
101 0.01484375 0.2625 0.0296875 0.021875
101 0.03125 0.346875 0.046875 0.025
101 0.55703125 0.3109375 0.05078125 0.02109375
101 0.53828125 0.28359375 0.0359375 0.0203125
101 0.39921875 0.203125 0.065625 0.0203125
101 0.5546875 0.175 0.04140625 0.0203125
101 0.58515625 0.1625 0.0359375 0.0171875
101 0.6015625 0.1796875 0.03359375 0.01640625
101 0.6625 0.1640625 0.028125 0.02265625
101 0.6703125 0.15078125 0.03203125 0.01640625
101 0.6125 0.0546875 0.03359375 0.021875
101 0.5890625 0.05234375 0.0390625 0.0171875
101 0.55546875 0.03984375 0.0390625 0.021875
101 0.56015625 0.05859375 0.03359375 0.01875
101 0.58515625 0.0203125 0.02421875 0.01640625
101 0.9890625 0.128125 0.021875 0.021875
101 0.96484375 0.19296875 0.046875 0.021875
101 0.90234375 0.34140625 0.04921875 0.021875
101 0.978125 0.371875 0.0390625 0.02421875
101 0.5109375 0.03984375 0.04140625 0.03125
101 0.87890625 0.7859375 0.0703125 0.03828125
