101 0.53828125 0.01328125 0.1359375 0.0265625
101 0.36171875 0.040625 0.1859375 0.08125
101 0.70078125 0.196875 0.1390625 0.0953125
101 0.62421875 0.26015625 0.1125 0.0921875
101 0.26484375 0.32109375 0.15625 0.09375
101 0.17265625 0.86171875 0.0828125 0.0609375
101 0.19765625 0.82734375 0.0921875 0.065625
101 0.2796875 0.821875 0.0703125 0.053125
101 0.228125 0.84765625 0.08125 0.065625
101 0.86796875 0.13359375 0.1109375 0.078125
101 0.84921875 0.184375 0.125 0.0796875
101 0.56796875 0.115625 0.0609375 0.0546875
101 0.6671875 0.0609375 0.103125 0.059375
101 0.615625 0.03515625 0.1140625 0.0671875
