10101 0.8765625 0.01015625 0.096875 0.0203125
10101 0.4015625 0.15390625 0.1125 0.065625
10101 0.33984375 0.125 0.096875 0.0625
10101 0.3625 0.20703125 0.0703125 0.0578125
10101 0.87578125 0.22109375 0.14375 0.0890625
10101 0.9453125 0.228125 0.0421875 0.04375
10101 0.56171875 0.64765625 0.109375 0.071875
10101 0.4984375 0.69609375 0.08125 0.053125
10101 0.384375 0.72734375 0.084375 0.0515625
10101 0.35 0.6703125 0.08125 0.0578125
10101 0.309375 0.69140625 0.0640625 0.0609375
10101 0.47890625 0.63203125 0.0828125 0.0421875
10101 0.96484375 0.865625 0.0703125 0.075
10101 0.95390625 0.9125 0.0921875 0.05625
10101 0.86328125 0.9203125 0.1234375 0.0734375
10101 0.60390625 0.91640625 0.1171875 0.0796875
10101 0.1234375 0.059375 0.0796875 0.025
10101 0.57578125 0.5890625 0.059375 0.0578125
