101 0.7546875 0.96171875 0.15625 0.0765625
101 0.6046875 0.9328125 0.21875 0.1046875
101 0.69375 0.9 0.14375 0.0890625
101 0.496875 0.1359375 0.13125 0.0734375
101 0.6296875 0.115625 0.1234375 0.075
101 0.59375 0.1828125 0.096875 0.0609375
101 0.53515625 0.0890625 0.1078125 0.0609375
101 0.2671875 0.28671875 0.0546875 0.046875
101 0.1515625 0.2625 0.0734375 0.05
101 0.184375 0.740625 0.0859375 0.0609375
101 0.09140625 0.87421875 0.0765625 0.0484375
101 0.125 0.90078125 0.0546875 0.0421875
101 0.0734375 0.9109375 0.0546875 0.0515625
101 0.88515625 0.3625 0.1125 0.065625
101 0.40078125 0.76953125 0.1109375 0.0484375
101 0.59453125 0.30625 0.0671875 0.05625
