97 0.1672727265625 0.3617329546875 0.1745454546875 0.2744602265625 0.16363636406249998 0.20900568125 0.1436363640625 0.1708238640625 0.0018181812499999997 0.1708238640625 97 0.44900568124999996 0.08 0.45991477343750004 0.14181818125 0.40900568125000003 0.1672727265625 0.3617329546875
97 0.36 0.3508238640625 0.3636363640625 0.2526420453125 0.33999999999999997 0.1671875 0.2163636359375 0.1671875 0.18181818125 0.22355113593749998 0.1854545453125 0.3144602265625 0.24 0.45991477343750004 0.26181818125 0.4635511359375 0.32 0.4235511359375 0.36 0.3508238640625
97 0.549090909375 0.3944602265625 0.5636363640625001 0.3471875 0.5599999999999999 0.25991477343749997 0.5145454546875 0.1708238640625 0.39818181875 0.1671875 0.370909090625 0.2199147734375 0.3745454546875 0.3108238640625 0.4436363640625 0.456278409375 0.46909090937500003 0.4635511359375 0.5072727265625 0.44718749999999996 0.549090909375 0.3944602265625
97 0.7454545453125 0.3908238640625 0.7563636359375 0.28536931875 0.7272727265625 0.20900568125 0.6927272734375001 0.1708238640625 0.6127272734375 0.1671875 0.5709090906250001 0.22355113593749998 0.5672727265625 0.28900568125000003 0.6036363640625 0.4417329546875 0.6581818187499999 0.456278409375 0.6927272734375001 0.44718749999999996 0.7454545453125 0.3908238640625
97 0.96 0.3944602265625 0.9636363640625 0.28536931875 0.9345454546875 0.21264204531250003 0.8963636359375 0.178096590625 0.809090909375 0.1708238640625 0.7636363640625 0.21264204531250003 0.76 0.3071875 0.85818181875 0.4671875 0.8836363640625 0.4708238640625 0.929090909375 0.4435511359375 0.96 0.3944602265625
97 0.9381818187500001 0.696278409375 0.8945454546875 0.6890056812500001 0.8836363640625 0.5835511359375001 0.8709090906249999 0.5635511359375001 0.8454545453125 0.5635511359375001 0.74181818125 0.6744602265624999 0.74181818125 0.8271875 0.8872727265625 0.8308238640625 0.9272727265625 0.76900568125 0.9381818187500001 0.696278409375
97 0.730909090625 0.6744602265624999 0.7054545453125 0.6599147734375 0.6563636359375 0.5744602265625 0.59818181875 0.6435511359375 0.5454545453125 0.6708238640624999 0.53818181875 0.72536931875 0.5545454546874999 0.8326420453125 0.669090909375 0.8308238640625 0.7127272734375001 0.76900568125 0.730909090625 0.6744602265624999
97 0.530909090625 0.7144602265625 0.5254545453125 0.6726420453124999 0.48 0.6708238640624999 0.47818181875 0.5526420453124999 0.4254545453125 0.6199147734375 0.3672727265625 0.6635511359375 0.3454545453125 0.8199147734375 0.3472727265625 0.8326420453125 0.4472727265625 0.8308238640625 0.49818181875 0.7871875 0.530909090625 0.7144602265625
97 0.36 0.6744602265624999 0.29454545468750004 0.5544602265624999 0.270909090625 0.5453693187499999 0.1745454546875 0.64536931875 0.17090909062499998 0.8308238640625 0.29454545468750004 0.8308238640625 0.349090909375 0.7508238640625 0.36 0.6744602265624999
97 97 0.8308238640625 0.07272727343749999 0.8308238640625 0.1272727265625 0.7762784093749999 0.16 0.7071875000000001 0.16 0.656278409375 0.11636363593750002 0.6417329546875 0.08545454531249999 0.5453693187499999 97 0.6308238640625 97 0.8308238640625
97 0.99818181875 0.396278409375 0.96181818125 0.39991477343750004 0.9254545453125 0.45082386406249997 0.8690909093749999 0.48900568125 0.8945454546875 0.6817329546875001 0.9163636359374999 0.6853693187500001 1 0.64900568125 0.99818181875 0.396278409375
97 0.81818181875 0.6017329546875 0.850909090625 0.5144602265625 0.8400000000000001 0.4417329546875 0.7727272734375 0.3599147734375 0.669090909375 0.478096590625 0.690909090625 0.6271875 0.710909090625 0.6617329546875 0.7345454546875 0.6635511359375 0.769090909375 0.6508238640624999 0.81818181875 0.6017329546875
97 0.609090909375 0.62900568125 0.6618181812499999 0.536278409375 0.6618181812499999 0.4635511359375 0.6 0.4417329546875 0.5836363640625 0.378096590625 0.55818181875 0.3817329546875 0.48 0.478096590625 0.49090909062500004 0.576278409375 0.48 0.6599147734375 0.509090909375 0.6708238640624999 0.550909090625 0.66536931875 0.609090909375 0.62900568125
97 0.4472727265625 0.5908238640625 0.4727272734375 0.5217329546875 0.4727272734375 0.4744602265625 0.4436363640625 0.45991477343750004 0.3836363640625 0.3599147734375 0.3563636359375 0.36900568125 0.27999999999999997 0.4671875 0.28363636406250003 0.5217329546875 0.3127272734375 0.5944602265625 0.34363636406250003 0.6471875 0.370909090625 0.64900568125 0.409090909375 0.6326420453125 0.4472727265625 0.5908238640625
97 0.27272727343750003 0.5108238640625 0.27272727343750003 0.4708238640625 0.24 0.4635511359375 0.20181818125 0.3744602265625 0.169090909375 0.3744602265625 0.090909090625 0.4635511359375 0.090909090625 0.536278409375 0.11636363593750002 0.638096590625 0.1527272734375 0.64900568125 0.2145454546875 0.6126420453125 0.27272727343750003 0.5108238640625
