101 0.15 0.5515625 0.03203125 0.03828125
101 0.196875 0.56640625 0.046875 0.03828125
101 0.25 0.5640625 0.06015625 0.040625
101 0.38671875 0.44296875 0.0546875 0.025
101 0.425 0.4296875 0.05234375 0.02421875
101 0.31015625 0.4390625 0.05625 0.02421875
101 0.2953125 0.47109375 0.05234375 0.0296875
101 0.25 0.44296875 0.05625 0.025
101 0.1734375 0.45078125 0.05234375 0.02109375
101 0.1859375 0.4703125 0.05625 0.0296875
101 0.26640625 0.41953125 0.05859375 0.02578125
101 0.32421875 0.384375 0.065625 0.02890625
101 0.43359375 0.375 0.05859375 0.02421875
101 0.41796875 0.35078125 0.05078125 0.02734375
101 0.4484375 0.28125 0.046875 0.02890625
101 0.47578125 0.2671875 0.05234375 0.02734375
101 0.50546875 0.25625 0.0453125 0.02890625
101 0.5515625 0.2453125 0.046875 0.02734375
101 0.58984375 0.26640625 0.0375 0.02265625
101 0.57578125 0.29296875 0.04296875 0.02421875
101 0.4578125 0.203125 0.0546875 0.02734375
101 0.4890625 0.18828125 0.06796875 0.0265625
101 0.46796875 0.1609375 0.0453125 0.03046875
101 0.6578125 0.15546875 0.0453125 0.034375
101 0.70625 0.1578125 0.0453125 0.03125
101 0.55625 0.03203125 0.03359375 0.025
101 0.56953125 0.01171875 0.0375 0.01796875
101 0.58984375 0.00234375 0.0328125 0.0046875
101 0.68203125 0.003125 0.0375 0.00625
101 0.69375 0.01015625 0.0296875 0.0203125
101 0.43828125 0.0265625 0.0453125 0.0171875
101 0.41796875 0.04140625 0.03203125 0.0203125
101 0.44921875 0.05 0.0296875 0.01796875
101 0.14765625 0.06328125 0.028125 0.01796875
101 0.140625 0.04921875 0.02421875 0.01328125
101 0.07890625 0.09609375 0.0359375 0.015625
101 0.04921875 0.09609375 0.0359375 0.01328125
101 0.03203125 0.1015625 0.0296875 0.0140625
101 0.3359375 0.121875 0.05859375 0.02109375
101 0.33828125 0.14921875 0.04140625 0.0203125
101 0.37734375 0.13515625 0.03203125 0.0203125
101 0.98828125 0.00703125 0.0234375 0.0140625
101 0.32265625 0.16953125 0.04296875 0.025
101 0.3046875 0.19296875 0.05234375 0.0296875
101 0.21015625 0.25234375 0.05859375 0.02109375
101 0.24375 0.25078125 0.0390625 0.01640625
101 0.29140625 0.24921875 0.0453125 0.02421875
101 0.346875 0.26328125 0.0203125 0.01796875
101 0.23359375 0.275 0.05234375 0.02265625
101 0.2921875 0.2984375 0.04296875 0.02421875
101 0.0484375 0.35234375 0.0359375 0.021875
101 0.8765625 0.80546875 0.02421875 0.01796875
101 0.8625 0.8125 0.03359375 0.02109375
101 0.84765625 0.81875 0.02265625 0.0203125
101 0.8375 0.7875 0.02421875 0.02109375
101 0.73515625 0.7515625 0.02265625 0.01796875
101 0.75625 0.76875 0.028125 0.015625
101 0.7890625 0.83984375 0.01875 0.0125
101 0.82421875 0.83671875 0.03203125 0.0125
101 0.81640625 0.8515625 0.0203125 0.01328125
101 0.8015625 0.84921875 0.02421875 0.0125
101 0.9890625 0.73984375 0.021875 0.0171875
101 0.62890625 0.45234375 0.0421875 0.015625
101 0.63984375 0.67890625 0.02578125 0.01171875
101 0.60546875 0.7453125 0.01953125 0.0203125
101 0.60078125 0.69453125 0.02890625 0.015625
101 0.6859375 0.87578125 0.0203125 0.015625
