101 0.1328125 0.36484375 0.0953125 0.0609375
101 0.1484375 0.41171875 0.09296875 0.03046875
101 0.075 0.4375 0.0953125 0.04453125
101 0.11484375 0.42421875 0.0703125 0.053125
101 0.1359375 0.48828125 0.12265625 0.06640625
101 0.2453125 0.6890625 0.0953125 0.053125
101 0.396875 0.225 0.1125 0.05625
101 0.34140625 0.24609375 0.1078125 0.05859375
101 0.32265625 0.18203125 0.15546875 0.04921875
101 0.20625 0.20390625 0.1078125 0.034375
101 0.29296875 0.1296875 0.140625 0.0671875
101 0.18359375 0.01640625 0.1078125 0.0328125
101 0.040625 0.01640625 0.08125 0.0328125
101 0.87265625 0.4859375 0.0375 0.021875
101 0.89140625 0.4703125 0.03515625 0.01796875
101 0.9140625 0.48828125 0.0203125 0.015625
101 0.91640625 0.4640625 0.0296875 0.01640625
101 0.93671875 0.48515625 0.0203125 0.021875
101 0.8109375 0.51171875 0.0296875 0.0140625
101 0.81015625 0.52578125 0.02265625 0.01796875
101 0.86015625 0.578125 0.0375 0.0203125
101 0.90234375 0.64140625 0.0421875 0.01640625
101 0.88515625 0.66015625 0.0421875 0.0140625
101 0.89609375 0.2546875 0.025 0.02421875
101 0.9265625 0.265625 0.0296875 0.02265625
101 0.9265625 0.20078125 0.0296875 0.01796875
101 0.9625 0.140625 0.02734375 0.015625
101 0.9578125 0.15625 0.02734375 0.015625
101 0.9828125 0.15625 0.03359375 0.01875
