10101 0.95546875 0.2015625 0.0890625 0.046875
10101 0.93046875 0.16640625 0.053125 0.03125
10101 0.80625 0.01484375 0.09375 0.0125
10101 0.74375 0.02578125 0.090625 0.0359375
10101 0.8109375 0.021875 0.06875 0.025
10101 0.70234375 0.13984375 0.06875 0.040625
10101 0.73671875 0.384375 0.0875 0.046875
10101 0.61796875 0.4015625 0.090625 0.046875
10101 0.19765625 0.23125 0.08125 0.0515625
10101 0.25546875 0.2265625 0.084375 0.0578125
10101 0.12578125 0.25625 0.0890625 0.05
10101 0.1890625 0.05234375 0.0953125 0.059375
10101 0.13828125 0.04140625 0.0609375 0.028125
