101 0.73515625 0.49921875 0.5296875 0.3828125
101 0.7640625 0.21015625 0.471875 0.3984375
101 0.3375 0.246875 0.615625 0.41875
101 0.23515625 0.48359375 0.46875 0.3421875
101 0.42265625 0.69296875 0.4203125 0.2890625
101 0.71796875 0.86328125 0.4328125 0.2734375
101 0.80390625 0.70390625 0.35 0.271875
101 0.98671875 0.2328125 0.0265625 0.234375
101 0.228125 0.83984375 0.4015625 0.2703125
101 0.53046875 0.91796875 0.3734375 0.1640625
101 0.04453125 0.85703125 0.0890625 0.1015625
101 0.078125 0.63359375 0.15625 0.2078125
101 0.95078125 0.5109375 0.0984375 0.23125
101 0.4890625 0.09921875 0.446875 0.1984375
