101 0.1609375 0.88515625 0.321875 0.2296875
101 0.5203125 0.915625 0.40546875 0.16875
101 0.89375 0.92421875 0.2125 0.1515625
101 0.6953125 0.68515625 0.50703125 0.234375
101 0.221875 0.65390625 0.4171875 0.1796875
101 0.134375 0.2828125 0.26875 0.215625
101 0.46796875 0.30546875 0.3984375 0.19296875
101 0.1046875 0.4546875 0.20859375 0.196875
101 0.43046875 0.503125 0.3984375 0.19453125
101 0.80390625 0.4671875 0.371875 0.16796875
101 0.9125 0.23515625 0.175 0.1546875
101 0.70859375 0.16171875 0.3078125 0.1484375
101 0.40234375 0.11015625 0.34921875 0.17578125
101 0.1453125 0.16171875 0.28515625 0.1484375
101 0.23984375 0.02421875 0.3265625 0.0484375
101 0.9515625 0.06171875 0.09609375 0.1234375
101 0.7328125 0.0390625 0.30390625 0.078125
