101 0.15390625 0.8671875 0.3078125 0.246875
101 0.49765625 0.9109375 0.4140625 0.178125
101 0.87109375 0.93125 0.2203125 0.1375
101 0.68515625 0.6953125 0.51875 0.2609375
101 0.2140625 0.6390625 0.4265625 0.2015625
101 0.14609375 0.2640625 0.2796875 0.2296875
101 0.478125 0.30390625 0.4078125 0.2140625
101 0.10859375 0.43359375 0.2171875 0.2078125
101 0.43046875 0.49921875 0.4078125 0.215625
101 0.80546875 0.4828125 0.3796875 0.1875
101 0.9171875 0.25703125 0.165625 0.1640625
101 0.72578125 0.1734375 0.315625 0.1640625
101 0.42265625 0.10546875 0.3578125 0.19375
101 0.16328125 0.14375 0.2921875 0.1625
101 0.2640625 0.021875 0.328125 0.04375
101 0.9609375 0.0859375 0.078125 0.128125
101 0.75625 0.0515625 0.3078125 0.09375
