101 0.92265625 0.41328125 0.0484375 0.0390625
101 0.88984375 0.41796875 0.0546875 0.04375
101 0.8484375 0.4515625 0.05625 0.040625
101 0.84453125 0.4203125 0.0625 0.040625
101 0.7703125 0.43046875 0.0578125 0.0390625
101 0.7796875 0.45 0.0453125 0.03125
101 0.7375 0.43359375 0.046875 0.0375
101 0.91015625 0.30625 0.05 0.034375
101 0.8921875 0.05859375 0.04375 0.0390625
101 0.8 0.021875 0.065625 0.04375
101 0.24296875 0.1796875 0.05625 0.04375
101 0.178125 0.190625 0.06875 0.0390625
101 0.0234375 0.265625 0.0421875 0.025
101 0.509375 0.36796875 0.0390625 0.0296875
101 0.51484375 0.42890625 0.053125 0.0421875
101 0.44375 0.68671875 0.04375 0.0375
101 0.92265625 0.590625 0.05625 0.03125
101 0.91171875 0.6515625 0.05625 0.0453125
