101 0.25234375 0.4203125 0.13125 0.059375
101 0.24296875 0.5234375 0.14296875 0.0859375
101 0.36640625 0.515625 0.1125 0.078125
101 0.37265625 0.44765625 0.07109375 0.0609375
101 0.3140625 0.26171875 0.0828125 0.0515625
101 0.35703125 0.2171875 0.09375 0.0609375
101 0.9078125 0.21796875 0.1125 0.06640625
101 0.71796875 0.2265625 0.12421875 0.053125
101 0.959375 0.57890625 0.08125 0.0859375
101 0.78359375 0.6625 0.165625 0.0859375
101 0.7125 0.5703125 0.1203125 0.05703125
101 0.759375 0.446875 0.07109375 0.04375
101 0.8984375 0.475 0.1015625 0.04921875
101 0.675 0.64453125 0.1125 0.04921875
