101 0.65625 0.31484375 0.0703125 0.053125
101 0.50078125 0.35546875 0.0984375 0.059375
101 0.4890625 0.63984375 0.0859375 0.0609375
101 0.57265625 0.65390625 0.09375 0.0546875
101 0.42265625 0.71640625 0.0890625 0.0609375
101 0.415625 0.75234375 0.06875 0.0484375
101 0.503125 0.703125 0.06875 0.05
101 0.56171875 0.709375 0.06875 0.0484375
101 0.6171875 0.70703125 0.084375 0.0484375
101 0.4984375 0.78125 0.0546875 0.0453125
101 0.46015625 0.79765625 0.05 0.034375
101 0.40859375 0.790625 0.034375 0.028125
101 0.54453125 0.9046875 0.0703125 0.053125
101 0.48046875 0.93125 0.0640625 0.053125
101 0.40859375 0.940625 0.053125 0.0375
