101 0.5484375 0.38203125 0.0953125 0.04375
101 0.5 0.3625 0.059375 0.046875
101 0.5734375 0.33984375 0.075 0.040625
101 0.51328125 0.328125 0.0640625 0.0359375
101 0.32421875 0.33671875 0.0671875 0.040625
101 0.8421875 0.0125 0.0875 0.025
101 0.87734375 0.6828125 0.0953125 0.0625
101 0.8328125 0.59609375 0.0859375 0.071875
101 0.31328125 0.37421875 0.0359375 0.028125
101 0.28046875 0.846875 0.0765625 0.04375
101 0.41640625 0.86875 0.1109375 0.071875
101 0.5265625 0.87734375 0.115625 0.05625
101 0.5078125 0.82734375 0.1328125 0.0625
