101 0.9625 0.590625 0.075 0.121875
101 0.8484375 0.58125 0.1859375 0.146875
101 0.76796875 0.15 0.2203125 0.171875
101 0.5296875 0.1859375 0.24375 0.1515625
101 0.57890625 0.1328125 0.140625 0.096875
101 0.4953125 0.1125 0.134375 0.0875
101 0.15703125 0.859375 0.084375 0.0671875
101 0.12578125 0.8484375 0.08125 0.065625
101 0.634375 0.953125 0.1265625 0.08125
101 0.71796875 0.884375 0.140625 0.096875
101 0.7828125 0.79609375 0.140625 0.1015625
101 0.775 0.72109375 0.11875 0.0796875
101 0.678125 0.71171875 0.1390625 0.090625
101 0.9703125 0.87421875 0.059375 0.0671875
101 0.77578125 0.94296875 0.13125 0.0421875
101 0.321875 0.97890625 0.101 0.0421875
101 0.90703125 0.8265625 0.1125 0.084375
