101 0.7390625 0.821875 0.1265625 0.065625
101 0.7953125 0.82421875 0.1109375 0.05
101 0.86640625 0.815625 0.1265625 0.0640625
101 0.80859375 0.76640625 0.146875 0.0734375
101 0.91640625 0.7640625 0.15 0.0796875
101 0.87421875 0.7109375 0.13125 0.0734375
101 0.6859375 0.78125 0.1390625 0.0796875
101 0.6421875 0.84453125 0.171875 0.0703125
101 0.6078125 0.9015625 0.134375 0.0671875
101 0.7515625 0.87890625 0.16875 0.06875
101 0.8453125 0.87890625 0.1078125 0.05625
101 0.2140625 0.88984375 0.184375 0.078125
101 0.278125 0.8125 0.1609375 0.0671875
101 0.36328125 0.69453125 0.1421875 0.0703125
101 0.3140625 0.65390625 0.184375 0.078125
101 0.41875 0.63515625 0.190625 0.0859375
101 0.57734375 0.6453125 0.153125 0.0609375
101 0.5703125 0.59375 0.153125 0.0640625
