101 0.25625 0.56171875 0.5125 0.2671875
101 0.2625 0.85703125 0.52421875 0.28046875
101 0.71875 0.70625 0.56171875 0.2921875
101 0.7609375 0.4515625 0.42109375 0.24765625
101 0.528125 0.29375 0.3828125 0.20234375
101 0.1984375 0.19140625 0.396875 0.2
101 0.15546875 0.37578125 0.31015625 0.20234375
101 0.040625 0.8890625 0.08125 0.221875
101 0.68203125 0.1046875 0.36796875 0.18671875
101 0.3609375 0.07265625 0.34921875 0.14453125
101 0.90703125 0.0296875 0.1859375 0.05859375
101 0.90703125 0.2609375 0.1859375 0.16796875
101 0.0421875 0.60234375 0.084375 0.2171875
101 0.61484375 0.9140625 0.42109375 0.15859375
