101 0.21328125 0.78046875 0.134375 0.084375
101 0.1578125 0.7734375 0.115625 0.065625
101 0.0890625 0.7546875 0.1328125 0.08125
101 0.153125 0.71484375 0.153125 0.0953125
101 0.06328125 0.69453125 0.1265625 0.1015625
101 0.09765625 0.65 0.1390625 0.0921875
101 0.271875 0.7484375 0.146875 0.0984375
101 0.30546875 0.81796875 0.178125 0.0953125
101 0.33046875 0.88046875 0.140625 0.0875
101 0.1921875 0.83515625 0.175 0.09375
101 0.101 0.81953125 0.1140625 0.071875
101 0.721875 0.9296875 0.190625 0.1046875
101 0.6703125 0.84375 0.1671875 0.090625
101 0.6046875 0.71328125 0.1484375 0.090625
101 0.659375 0.68125 0.190625 0.1046875
101 0.559375 0.64609375 0.101 0.1140625
101 0.40078125 0.63125 0.1578125 0.0828125
101 0.415625 0.58203125 0.1578125 0.0875
