10101 0.2640625 0.240625 0.040625 0.025
10101 0.24765625 0.22109375 0.040625 0.0234375
10101 0.27421875 0.20625 0.0390625 0.025
10101 0.3046875 0.22578125 0.0375 0.0234375
10101 0.321875 0.2125 0.03125 0.0203125
10101 0.27890625 0.1796875 0.034375 0.0296875
10101 0.2515625 0.1859375 0.046875 0.0203125
10101 0.22421875 0.1953125 0.04375 0.0265625
10101 0.19296875 0.18828125 0.040625 0.0171875
10101 0.2125 0.11484375 0.0375 0.015625
10101 0.23203125 0.10546875 0.0375 0.0203125
10101 0.1953125 0.0921875 0.0390625 0.01875
10101 0.19453125 0.10234375 0.028125 0.0125
10101 0.453125 0.009375 0.0375 0.0171875
10101 0.425 0.0375 0.0375 0.0234375
10101 0.00703125 0.20390625 0.0140625 0.0171875
10101 0.00703125 0.29609375 0.0140625 0.0234375
10101 0.02265625 0.3796875 0.0453125 0.028125
10101 0.54375 0.30703125 0.0515625 0.025
10101 0.5234375 0.28125 0.0375 0.0234375
10101 0.37890625 0.2109375 0.0671875 0.025
10101 0.53203125 0.171875 0.0421875 0.0234375
10101 0.56171875 0.15703125 0.0375 0.0203125
10101 0.57890625 0.1734375 0.034375 0.01875
10101 0.63828125 0.15390625 0.0296875 0.025
10101 0.6453125 0.13984375 0.0328125 0.01875
10101 0.58125 0.04765625 0.034375 0.0234375
10101 0.5578125 0.046875 0.040625 0.0203125
10101 0.5234375 0.03671875 0.040625 0.025
10101 0.52890625 0.05546875 0.034375 0.0203125
10101 0.5515625 0.015625 0.025 0.01875
10101 0.96171875 0.09453125 0.0234375 0.0234375
10101 0.9421875 0.1609375 0.0484375 0.025
10101 0.890625 0.3140625 0.05 0.025
10101 0.96796875 0.3390625 0.040625 0.0265625
101 0.47890625 0.03984375 0.04375 0.034375
10101 0.89765625 0.75859375 0.0734375 0.04375
