10101 0.06875 0.5109375 0.0421875 0.03046875
10101 0.1015625 0.5078125 0.04765625 0.034375
10101 0.15 0.53125 0.05 0.03046875
10101 0.14609375 0.5 0.0578125 0.02890625
10101 0.22109375 0.49296875 0.05234375 0.028125
10101 0.21640625 0.5140625 0.0421875 0.021875
10101 0.25390625 0.48828125 0.0421875 0.028125
10101 0.05703125 0.403125 0.0453125 0.02421875
101 0.01875 0.1578125 0.03671875 0.03203125
101 0.17265625 0.04375 0.05 0.0328125
10101 0.101 0.0515625 0.06015625 0.0328125
10101 0.101 0.10078125 0.06015625 0.03203125
10101 0.678125 0.13046875 0.05 0.0328125
10101 0.74375 0.1265625 0.06484375 0.02578125
10101 0.91171875 0.1640625 0.03984375 0.01640625
10101 0.4609375 0.3734375 0.03515625 0.02265625
10101 0.46953125 0.434375 0.04765625 0.0328125
10101 0.596875 0.66953125 0.0375 0.03046875
10101 0.10859375 0.68359375 0.05234375 0.0203125
10101 0.1328125 0.740625 0.05 0.034375
