101 0.82734375 0.7140625 0.10625 0.08125
101 0.82265625 0.66484375 0.096875 0.05
101 0.9 0.65625 0.103125 0.0640625
101 0.85859375 0.66015625 0.0796875 0.0671875
101 0.85234375 0.59296875 0.134375 0.0921875
101 0.790625 0.3734375 0.1046875 0.0734375
101 0.53828125 0.79140625 0.121875 0.0796875
101 0.59765625 0.7828125 0.11875 0.08125
101 0.6015625 0.85 0.1625 0.0828125
101 0.71953125 0.8546875 0.1125 0.0578125
101 0.61875 0.90703125 0.1515625 0.096875
101 0.13359375 0.4296875 0.0421875 0.0296875
101 0.11171875 0.440625 0.0390625 0.025
101 0.09375 0.41796875 0.0234375 0.0203125
101 0.0859375 0.44140625 0.0328125 0.0234375
101 0.07109375 0.41640625 0.025 0.0265625
101 0.101 0.41875 0.0328125 0.0203125
101 0.20390625 0.40546875 0.0265625 0.021875
101 0.16640625 0.34296875 0.040625 0.028125
101 0.13984375 0.271875 0.0453125 0.025
101 0.1609375 0.25703125 0.04375 0.0234375
101 0.05859375 0.65 0.0296875 0.0296875
101 0.03203125 0.63203125 0.034375 0.028125
101 0.0171875 0.6953125 0.0328125 0.0234375
