10101 0.9109375 0.97734375 0.09375 0.0453125
10101 0.42578125 0.8515625 0.109375 0.0578125
10101 0.36640625 0.88515625 0.09375 0.05625
10101 0.38359375 0.8015625 0.06875 0.053125
10101 0.89453125 0.7515625 0.140625 0.0796875
10101 0.9625 0.740625 0.0390625 0.040625
10101 0.55078125 0.3484375 0.10625 0.065625
10101 0.48515625 0.30390625 0.078125 0.0484375
10101 0.36875 0.28125 0.0828125 0.046875
10101 0.33828125 0.340625 0.078125 0.053125
10101 0.296875 0.321875 0.0609375 0.0578125
10101 0.46953125 0.36953125 0.08125 0.0375
10101 0.95234375 0.10078125 0.0953125 0.0671875
10101 0.93984375 0.0546875 0.1203125 0.046875
10101 0.8328125 0.05546875 0.1203125 0.065625
10101 0.57421875 0.07734375 0.1140625 0.071875
10101 0.1546875 0.965625 0.0796875 0.01875
10101 0.56953125 0.40546875 0.05625 0.0546875
