251 0.375 0.18125 0.028125 0.03125
251 0.4109375 0.2046875 0.0296875 0.03125
251 0.340625 0.203125 0.0234375 0.0265625
251 0.375 0.2265625 0.0265625 0.025
251 0.6015625 0.19375 0.025 0.03125
251 0.640625 0.171875 0.034375 0.021875
251 0.63125 0.2203125 0.0296875 0.03125
251 0.66875 0.203125 0.021875 0.03125
251 0.61875 0.3921875 0.03125 0.0375
251 0.69375 0.4015625 0.028125 0.03125
251 0.6125 0.4390625 0.0328125 0.0375
251 0.6484375 0.4390625 0.034375 0.0359375
251 0.684375 0.44375 0.0296875 0.0359375
251 0.415625 0.4 0.028125 0.0296875
251 0.3375 0.3984375 0.0375 0.0328125
251 0.340625 0.4453125 0.0296875 0.034375
251 0.378125 0.44375 0.03125 0.0375
251 0.415625 0.440625 0.0296875 0.03125