97 0.43636363593749994 0.43264204531250006 0.37818181875 0.4726420453125 0.34181818124999996 0.5671875 0.36 0.6326420453125 0.43636363593749994 0.6217329546875 0.509090909375 0.636278409375 0.5745454546875 0.6144602265625 0.64 0.5599147734375001 0.6581818187499999 0.476278409375 0.64 0.4435511359375 0.6072727265625 0.42536931874999995 0.53818181875 0.42536931874999995 0.43636363593749994 0.43264204531250006
97 0.3272727265625 0.6508238640624999 0.2872727265625 0.6944602265625 0.3127272734375 0.7671875 0.370909090625 0.8326420453125 0.650909090625 0.8326420453125 0.6545454546875 0.78900568125 0.64 0.7526420453125 0.5636363640625001 0.6726420453124999 0.4727272734375 0.62536931875 0.39272727343749997 0.6217329546875 0.3272727265625 0.6508238640624999
97 97 0.8071875000000001 0.018181818750000002 0.8326420453125 0.3127272734375 0.8326420453125 0.3454545453125 0.8108238640625001 0.290909090625 0.7017329546875 0.25818181875 0.6726420453124999 0.1854545453125 0.6435511359375 0.10181818125 0.6399147734375 0.0363636359375 0.66900568125 97 0.7053693187500001 97 0.8071875000000001
97 0.12 0.26536931875 0.07272727343749999 0.33446022656249996 0.05818181875 0.42900568124999994 0.0763636359375 0.4871875 0.18181818125 0.45082386406249997 0.27272727343750003 0.44718749999999996 0.28363636406250003 0.34900568125000003 0.2545454546875 0.3308238640625 0.2254545453125 0.2544602265625 0.1745454546875 0.24718749999999998 0.12 0.26536931875
97 0.12 0.46900568125 0.04 0.5271874999999999 0.0254545453125 0.5671875 0.05818181875 0.6144602265625 0.0945454546875 0.6326420453125 0.14181818125 0.6326420453125 0.189090909375 0.6144602265625 0.3054545453125 0.6035511359375 0.34181818124999996 0.5817329546875001 0.36 0.5017329546875 0.33818181875 0.476278409375 0.27999999999999997 0.45446022656249996 0.189090909375 0.45446022656249996 0.12 0.46900568125
97 0.3854545453125 0.2835511359375 0.33090909062499996 0.3526420453125 0.32 0.42536931874999995 0.3527272734375 0.46173295468750003 0.3854545453125 0.46900568125 0.43636363593749994 0.436278409375 0.5454545453125 0.4217329546875 0.5672727265625 0.356278409375 0.549090909375 0.2944602265625 0.49818181875 0.258096590625 0.43636363593749994 0.2544602265625 0.3854545453125 0.2835511359375
97 0.28363636406250003 0.34536931875 0.3454545453125 0.338096590625 0.410909090625 0.26900568125 0.43272727343749995 0.2071875 0.43272727343749995 0.1671875 0.1927272734375 0.1671875 0.250909090625 0.3271875 0.28363636406250003 0.34536931875
97 0.64 0.2908238640625 0.58181818125 0.3308238640625 0.549090909375 0.396278409375 0.5636363640625001 0.42900568124999994 0.629090909375 0.4399147734375 0.650909090625 0.46536931875 0.6545454546875 0.498096590625 0.7927272734375 0.4399147734375 0.81818181875 0.38536931874999997 0.8145454546875 0.3271875 0.789090909375 0.298096590625 0.69818181875 0.27264204531249997 0.64 0.2908238640625
97 0.81818181875 0.33446022656249996 0.9272727265625 0.356278409375 0.9636363640625 0.31991477343749997 0.9818181812500001 0.26536931875 0.9672727265625 0.1671875 0.7054545453125 0.1671875 0.7272727265625 0.2544602265625 0.81818181875 0.33446022656249996
97 0.73818181875 0.45446022656249996 0.6581818187499999 0.50536931875 0.629090909375 0.578096590625 0.6581818187499999 0.62536931875 0.7345454546875 0.6508238640624999 0.890909090625 0.6399147734375 0.9236363640624999 0.5526420453124999 0.9672727265625 0.516278409375 0.970909090625 0.498096590625 0.9236363640624999 0.458096590625 0.82181818125 0.43264204531250006 0.73818181875 0.45446022656249996
97 0.69818181875 0.66536931875 0.6545454546875 0.6944602265625 0.6472727265625 0.756278409375 0.669090909375 0.8326420453125 0.9199999999999999 0.8326420453125 0.8872727265625 0.756278409375 0.8872727265625 0.6471875 0.8363636359375001 0.6399147734375 0.69818181875 0.66536931875
97 0.930909090625 0.5344602265625 0.8872727265625 0.6399147734375 0.8872727265625 0.7526420453125 0.9199999999999999 0.8326420453125 1 0.8326420453125 0.9963636359375 0.4944602265625 0.930909090625 0.5344602265625
