101 0.7203125 0.61796875 0.559375 0.3828125
101 0.64296875 0.85234375 0.5765625 0.2953125
101 0.27265625 0.646875 0.5453125 0.41875
101 0.25859375 0.38984375 0.46875 0.3421875
101 0.52265625 0.29296875 0.4203125 0.2890625
101 0.825 0.2734375 0.35 0.290625
101 0.84453125 0.4625 0.3109375 0.271875
101 0.85078125 0.93515625 0.1328125 0.1296875
101 0.41796875 0.10390625 0.4015625 0.2078125
101 0.73828125 0.11875 0.3734375 0.225
101 0.16328125 0.16953125 0.2203125 0.2078125
101 0.91953125 0.71015625 0.134375 0.23125
101 0.2875 0.87265625 0.446875 0.2546875
