101 0.3015625 0.63828125 0.0625 0.03828125
101 0.46171875 0.6390625 0.09296875 0.0359375
101 0.546875 0.36796875 0.07734375 0.0421875
101 0.46953125 0.3328125 0.0875 0.0328125
101 0.63046875 0.3109375 0.08046875 0.0421875
101 0.646875 0.278125 0.0625 0.0328125
101 0.54921875 0.303125 0.0625 0.034375
101 0.49453125 0.28203125 0.0625 0.0328125
101 0.440625 0.26953125 0.08046875 0.028125
101 0.57421875 0.22890625 0.04765625 0.034375
101 0.615625 0.22265625 0.0453125 0.02421875
101 0.66328125 0.24296875 0.0296875 0.021875
101 0.56171875 0.09765625 0.0625 0.03828125
101 0.63046875 0.08828125 0.05546875 0.040625
101 0.70234375 0.0984375 0.04765625 0.02578125
