10101 0.9515625 0.303125 0.09609375 0.103125
10101 0.82109375 0.3421875 0.165625 0.1125
10101 0.83984375 0.78046875 0.1953125 0.13125
10101 0.59921875 0.79921875 0.22578125 0.103125
10101 0.659375 0.83984375 0.12734375 0.0703125
10101 0.5828125 0.87890625 0.12421875 0.0609375
10101 0.08515625 0.22734375 0.075 0.0515625
10101 0.05703125 0.24453125 0.07109375 0.0515625
10101 0.52890625 0.028125 0.1171875 0.05625
10101 0.62578125 0.0765625 0.12734375 0.0703125
10101 0.70859375 0.14765625 0.12734375 0.07421875
10101 0.71796875 0.22265625 0.10859375 0.05703125
10101 0.62578125 0.25390625 0.12734375 0.06328125
10101 0.9 0.02265625 0.10546875 0.0453125
10101 0.96015625 0.01484375 0.0765625 0.0296875
10101 0.66875 0.00625 0.13125 0.0125
10101 0.21640625 0.05859375 0.08984375 0.053125
10101 0.8234375 0.08984375 0.1015625 0.06328125
