10101 0.09609375 0.17734375 0.12734375 0.07265625
10101 0.21796875 0.25234375 0.10859375 0.06640625
10101 0.3890625 0.30546875 0.1203125 0.059375
10101 0.51875 0.23046875 0.10859375 0.09140625
10101 0.8515625 0.09140625 0.10546875 0.06484375
10101 0.7984375 0.12265625 0.10546875 0.06328125
10101 0.6875 0.06328125 0.05625 0.05546875
10101 0.93984375 0.11875 0.10859375 0.08203125
10101 0.82109375 0.46796875 0.12734375 0.0859375
10101 0.834375 0.52421875 0.15390625 0.09140625
10101 0.75 0.55546875 0.1125 0.07421875
10101 0.8515625 0.6015625 0.12734375 0.08203125
10101 0.72734375 0.59765625 0.13515625 0.07421875
10101 0.95390625 0.5234375 0.0921875 0.09765625
10101 0.7234375 0.30234375 0.08984375 0.04765625
10101 0.10390625 0.8921875 0.09765625 0.06875
10101 0.29140625 0.79921875 0.1125 0.0609375
10101 0.415625 0.7484375 0.12734375 0.06328125
10101 0.4625 0.7875 0.11640625 0.053125
10101 0.5453125 0.7046875 0.0640625 0.0515625
10101 0.5 0.65390625 0.08671875 0.053125
10101 0.58828125 0.74765625 0.12734375 0.053125
10101 0.63359375 0.70234375 0.1125 0.0703125
10101 0.76640625 0.740625 0.10859375 0.059375
10101 0.85859375 0.70078125 0.0828125 0.07421875
101 0.101 0.79140625 0.13515625 0.0609375
10101 0.021875 0.51171875 0.04375 0.059375
10101 0.08671875 0.48671875 0.12421875 0.06328125
10101 0.01640625 0.428125 0.03203125 0.025
10101 0.51875 0.48828125 0.1015625 0.07265625
10101 0.02734375 0.88828125 0.0546875 0.06875
