188 0.71953125 0.5046875 0.03984375 0.025
188 0.9625 0.5140625 0.040625 0.03515625
188 0.47109375 0.5328125 0.0359375 0.0296875
188 0.271875 0.54453125 0.0484375 0.0296875
188 0.94375 0.55703125 0.03046875 0.0375
188 0.46015625 0.575 0.025 0.028125
188 0.853125 0.59453125 0.0328125 0.03515625
188 0.55234375 0.60234375 0.034375 0.028125
188 0.7078125 0.61171875 0.0234375 0.0296875
188 0.4046875 0.66875 0.04765625 0.0375
188 0.628125 0.67421875 0.0390625 0.04296875
188 0.1859375 0.67734375 0.0671875 0.04609375
188 0.26171875 0.70859375 0.0390625 0.03515625
188 0.46015625 0.71171875 0.0546875 0.03828125
188 0.40859375 0.75859375 0.05 0.04375
188 0.11015625 0.771875 0.04765625 0.040625
188 0.128125 0.81171875 0.0421875 0.0515625
188 0.6390625 0.84765625 0.0921875 0.090625
188 0.1375 0.88515625 0.059375 0.06328125