246 0.5515625 0.6359375 0.09375 0.34375
246 0.8171875 0.6359375 0.134375 0.3015625
246 0.6296875 0.640625 0.09375 0.34375
246 0.4484375 0.6453125 0.103125 0.3125
246 0.7390625 0.6453125 0.1140625 0.3015625
246 0.359375 0.6515625 0.09375 0.321875
246 0.25 0.65625 0.1140625 0.34375
246 0.1671875 0.6671875 0.125 0.353125
246 0.59375 0.3859375 0.0828125 0.2390625
246 0.53125 0.390625 0.0828125 0.25
246 0.7390625 0.3953125 0.09375 0.21875
246 0.6828125 0.3953125 0.0828125 0.21875
246 0.296875 0.3953125 0.09375 0.2390625
246 0.234375 0.4015625 0.09375 0.21875
246 0.3796875 0.40625 0.071875 0.21875
246 0.4375 0.40625 0.0828125 0.228125
