264 0.790625 0.790625 0.1609375 0.1609375
264 0.8 0.64375 0.1234375 0.1171875
264 0.809375 0.3140625 0.171875 0.134375
264 0.8 0.490625 0.1765625 0.11875
264 0.678125 0.2796875 0.10625 0.134375
264 0.675 0.409375 0.11875 0.0875
264 0.66875 0.5296875 0.103125 0.1078125
264 0.675 0.65625 0.1203125 0.1125
264 0.665625 0.7875 0.125 0.1140625
264 0.553125 0.7625 0.0859375 0.103125
264 0.565625 0.63125 0.071875 0.0875
264 0.571875 0.521875 0.0640625 0.09375
264 0.578125 0.4078125 0.103125 0.096875
264 0.578125 0.290625 0.0828125 0.1046875