129 0.1125 0.54375 0.225 0.2921875
129 0.3015625 0.5 0.20625 0.2109375
129 0.2625 0.6625 0.278125 0.296875
129 0.26875 0.9078125 0.228125 0.184375
129 0.415625 0.7234375 0.2703125 0.271875
129 0.471875 0.603125 0.2015625 0.2015625
129 0.3546875 0.25625 0.5625 0.5125
129 0.4984375 0.125 0.375 0.25
129 0.48125 0.3796875 0.471875 0.446875
129 0.58125 0.221875 0.4796875 0.4421875
129 0.75859375 0.6640625 0.4828125 0.496875
129 0.68046875 0.82421875 0.5109375 0.3515625
129 0.8359375 0.378125 0.328125 0.4421875
129 0.896875 0.2625 0.1890625 0.3140625