47 0.134375 0.61875 0.0875 0.0796875
47 0.1546875 0.5109375 0.0484375 0.071875
47 0.2109375 0.5796875 0.0359375 0.078125
47 0.3328125 0.5171875 0.059375 0.075
47 0.3375 0.5765625 0.034375 0.0703125
47 0.3796875 0.565625 0.04375 0.1140625
47 0.4234375 0.5703125 0.071875 0.10625
47 0.465625 0.5296875 0.0828125 0.0515625
47 0.4703125 0.60625 0.05625 0.0921875
47 0.553125 0.5859375 0.046875 0.1078125
47 0.6203125 0.5578125 0.053125 0.1046875
47 0.8703125 0.54375 0.078125 0.0828125
47 0.90625 0.540625 0.0671875 0.1140625
