246 0.859375 0.578125 0.28125 0.2390625
246 0.7859375 0.734375 0.3015625 0.2703125
246 0.8546875 0.4421875 0.290625 0.2390625
246 0.671875 0.8015625 0.2703125 0.2703125
246 0.78125 0.3015625 0.259375 0.259375
246 0.5203125 0.84375 0.2390625 0.290625
246 0.6671875 0.1984375 0.2078125 0.28125
246 0.375 0.8546875 0.228125 0.290625
246 0.5578125 0.1359375 0.21875 0.2703125
246 0.4578125 0.1359375 0.228125 0.2703125
246 0.2609375 0.7703125 0.25 0.28125
246 0.34375 0.171875 0.2703125 0.25
246 0.171875 0.671875 0.28125 0.28125
246 0.140625 0.546875 0.28125 0.2390625
246 0.2296875 0.2546875 0.3015625 0.21875
246 0.1359375 0.4484375 0.2703125 0.2078125
246 0.1609375 0.3546875 0.290625 0.196875
