246 0.65625 0.15625 0.28125 0.3015625
246 0.7921875 0.265625 0.3125 0.321875
246 0.515625 0.1453125 0.28125 0.290625
246 0.8328125 0.390625 0.3015625 0.3015625
246 0.3640625 0.1828125 0.28125 0.28125
246 0.8390625 0.5515625 0.3015625 0.28125
246 0.2390625 0.2703125 0.290625 0.25
246 0.8234375 0.6984375 0.3015625 0.2703125
246 0.15625 0.359375 0.3015625 0.25
246 0.1359375 0.453125 0.2703125 0.259375
246 0.7140625 0.7921875 0.3015625 0.28125
246 0.1515625 0.5828125 0.2703125 0.290625
246 0.5984375 0.8546875 0.3015625 0.290625
246 0.46875 0.8546875 0.2703125 0.290625
246 0.203125 0.7140625 0.259375 0.3125
246 0.375 0.8484375 0.25 0.290625
246 0.2859375 0.796875 0.25 0.3015625
