246 0.53125 0.125 0.1765625 0.25
246 0.359375 0.15625 0.21875 0.25
246 0.65625 0.1765625 0.1765625 0.25
246 0.2609375 0.2453125 0.21875 0.21875
246 0.7703125 0.2859375 0.2078125 0.2078125
246 0.1765625 0.3796875 0.25 0.1765625
246 0.8390625 0.4265625 0.259375 0.1453125
246 0.125 0.515625 0.25 0.165625
246 0.8703125 0.546875 0.259375 0.1453125
246 0.84375 0.640625 0.2390625 0.165625
246 0.171875 0.6515625 0.2390625 0.1875
246 0.765625 0.7453125 0.196875 0.228125
246 0.2390625 0.765625 0.21875 0.228125
246 0.3484375 0.828125 0.1765625 0.25
246 0.65625 0.8328125 0.1453125 0.2703125
246 0.4421875 0.8640625 0.1453125 0.25
246 0.5421875 0.8640625 0.134375 0.2703125
