223 0.6421875 0.6609375 0.121875 0.159375
223 0.54375 0.3671875 0.0984375 0.125
223 0.396875 0.6109375 0.1421875 0.0265625
223 0.3984375 0.6875 0.1453125 0.0578125
223 0.5234375 0.696875 0.1015625 0.053125
223 0.521875 0.63125 0.1015625 0.0640625
223 0.5234375 0.5875 0.09375 0.0296875
223 0.3921875 0.640625 0.1359375 0.0265625
223 0.4015625 0.671875 0.040625 0.0125
223 0.3015625 0.634375 0.05 0.1421875
223 0.6453125 0.59375 0.0609375 0.015625
223 0.3984375 0.5828125 0.1421875 0.0234375
223 0.5234375 0.5859375 0.046875 0.0125
223 0.2671875 0.5484375 0.015625 0.040625
223 0.5234375 0.6828125 0.046875 0.015625
223 0.3984375 0.609375 0.04375 0.0125
223 0.51875 0.615625 0.046875 0.015625
223 0.3984375 0.64375 0.040625 0.0125
223 0.7765625 0.5984375 0.0703125 0.015625
223 0.3 0.5484375 0.0328125 0.0125
223 0.771875 0.66875 0.125 0.165625
223 0.3 0.575 0.0328125 0.0125
223 0.58125 0.3984375 0.0203125 0.04375
223 0.7125 0.359375 0.053125 0.015625
223 0.265625 0.3640625 0.015625 0.040625
223 0.3015625 0.4375 0.05 0.240625
223 0.228125 0.3609375 0.090625 0.0703125
223 0.228125 0.609375 0.09375 0.1765625
223 0.7171875 0.3359375 0.2546875 0.0734375
