223 0.4203125 0.5875 0.225 0.159375
223 0.4203125 0.73125 0.225 0.140625
223 0.6078125 0.58125 0.1484375 0.146875
223 0.41875 0.4734375 0.228125 0.071875
223 0.6078125 0.7265625 0.146875 0.1375
223 0.41875 0.6796875 0.0609375 0.025
223 0.6046875 0.675 0.059375 0.028125
223 0.4171875 0.5296875 0.0609375 0.025
223 0.6078125 0.528125 0.0625 0.028125
223 0.609375 0.465625 0.15 0.071875
223 0.415625 0.2359375 0.234375 0.40625
223 0.41875 0.45 0.0640625 0.021875
223 0.6125 0.45 0.0640625 0.025
223 0.1875 0.41875 0.034375 0.0296875
223 0.6109375 0.2328125 0.1453125 0.4
