223 0.8625 0.309375 0.275 0.1203125
223 0.16875 0.46875 0.178125 0.26875
223 0.8578125 0.559375 0.2828125 0.3453125
223 0.0359375 0.4515625 0.0703125 0.2453125
223 0.3578125 0.2796875 0.1984375 0.096875
223 0.5875 0.290625 0.2375 0.103125
223 0.5875 0.290625 0.0828125 0.0296875
223 0.165625 0.2734375 0.0625 0.0265625
223 0.9171875 0.30625 0.10625 0.0328125
223 0.16875 0.271875 0.1703125 0.09375
223 0.35625 0.28125 0.0734375 0.0265625
223 0.2296875 0.4 0.0296875 0.0796875
223 0.0515625 0.3859375 0.0265625 0.0703125
223 0.0359375 0.2703125 0.0703125 0.0875
223 0.0203125 0.271875 0.0390625 0.0234375
223 0.265625 0.403125 0.0296875 0.090625
223 0.3875 0.5390625 0.18125 0.35
223 0.3578125 0.4796875 0.2015625 0.2859375
