223 0.5421875 0.240625 0.1140625 0.0515625
223 0.5390625 0.309375 0.3796875 0.0765625
223 0.546875 0.23125 0.39375 0.0859375
223 0.5390625 0.384375 0.3546875 0.071875
223 0.5375 0.4546875 0.3359375 0.0671875
223 0.53125 0.5171875 0.3171875 0.05625
223 0.5296875 0.571875 0.30625 0.05625
223 0.525 0.6203125 0.2875 0.0515625
223 0.525 0.6703125 0.278125 0.046875
223 0.525 0.71875 0.26875 0.0421875
223 0.521875 0.7578125 0.2546875 0.046875
223 0.5375 0.3203125 0.11875 0.0515625
223 0.534375 0.396875 0.109375 0.0625
223 0.5265625 0.4640625 0.109375 0.0515625
223 0.525 0.521875 0.1046875 0.0515625
223 0.525 0.5796875 0.1 0.046875
223 0.525 0.6296875 0.0953125 0.046875
223 0.5203125 0.678125 0.090625 0.0421875
223 0.5171875 0.7234375 0.0859375 0.0421875
223 0.5203125 0.76875 0.08125 0.046875