223 0.2828125 0.26875 0.1453125 0.1453125
223 0.1515625 0.26875 0.1171875 0.1453125
223 0.415625 0.6265625 0.1625 0.046875
223 0.53125 0.684375 0.0296875 0.0734375
223 0.7125 0.5953125 0.0265625 0.08125
223 0.1234375 0.6484375 0.121875 0.1453125
223 0.19375 0.30625 0.0265625 0.0640625
223 0.1625 0.621875 0.0296875 0.0609375
223 0.225 0.303125 0.0234375 0.0609375
223 0.5625 0.2984375 0.0234375 0.0734375
223 0.246875 0.5640625 0.1421875 0.04375
223 0.5953125 0.6140625 0.171875 0.053125
223 0.7125 0.2234375 0.0328125 0.05625
223 0.5921875 0.6109375 0.0640625 0.0296875
223 0.2390625 0.5703125 0.05 0.0234375
223 0.61875 0.2734375 0.1421875 0.1484375
223 0.6046875 0.71875 0.171875 0.1625
223 0.115625 0.5515625 0.1171875 0.0359375
223 0.8171875 0.534375 0.2640625 0.5421875
223 0.83125 0.2296875 0.2875 0.0671875
