223 0.1984375 0.1671875 0.18125 0.240625
223 0.5484375 0.1671875 0.1609375 0.2359375
223 0.228125 0.7984375 0.1765625 0.2578125
223 0.409375 0.7875 0.1609375 0.246875
223 0.3796875 0.178125 0.1609375 0.240625
223 0.575 0.828125 0.1546875 0.1171875
223 0.578125 0.6671875 0.1609375 0.0578125
223 0.575 0.73125 0.1546875 0.0578125
223 0.29375 0.7125 0.0203125 0.0796875
223 0.578125 0.6671875 0.0640625 0.0265625
223 0.7796875 0.771875 0.225 0.18125
223 0.340625 0.70625 0.0265625 0.06875
223 0.2640625 0.2546875 0.0265625 0.075
223 0.578125 0.73125 0.0578125 0.0265625
223 0.6859375 0.7765625 0.0265625 0.0796875
223 0.309375 0.253125 0.0265625 0.0796875
223 0.4859375 0.253125 0.0203125 0.0796875
223 0.578125 0.79375 0.0640625 0.0265625
223 0.6796875 0.4921875 0.0203125 0.075
223 0.7765625 0.5 0.2296875 0.38125
