223 0.4265625 0.2046875 0.153125 0.1578125
223 0.41875 0.61875 0.0625 0.0265625
223 0.41875 0.7234375 0.1609375 0.2640625
223 0.2546875 0.5515625 0.165625 0.0546875
223 0.7984375 0.209375 0.1171875 0.165625
223 0.08125 0.55 0.1609375 0.0578125
223 0.6328125 0.5796875 0.209375 0.034375
223 0.41875 0.5484375 0.0671875 0.0265625
223 0.109375 0.2078125 0.153125 0.165625
223 0.4125 0.55 0.1609375 0.05
223 0.2484375 0.5484375 0.0625 0.0265625
223 0.909375 0.209375 0.1140625 0.165625
223 0.828125 0.5484375 0.0625 0.0265625
223 0.953125 0.5484375 0.0671875 0.0265625
223 0.8875 0.5515625 0.225 0.0546875
223 0.26875 0.2078125 0.1578125 0.165625
223 0.434375 0.2734375 0.0828125 0.01875
223 0.2515625 0.715625 0.16875 0.228125
223 0.08125 0.715625 0.1609375 0.225
223 0.8296875 0.7203125 0.134375 0.2359375
223 0.9484375 0.7203125 0.1015625 0.240625
223 0.0796875 0.55 0.075 0.0234375
223 0.1046875 0.271875 0.0671875 0.0234375
223 0.2609375 0.2734375 0.0703125 0.01875
223 0.625 0.1625 0.075 0.0265625
223 0.7984375 0.26875 0.0671875 0.0265625
223 0.909375 0.2734375 0.0703125 0.01875
223 0.61875 0.15 0.2328125 0.05
