223 0.4609375 0.2953125 0.1546875 0.1953125
223 0.284375 0.2734375 0.184375 0.1765625
223 0.6125 0.3078125 0.1359375 0.190625
223 0.7734375 0.609375 0.0875 0.06875
223 0.7734375 0.6859375 0.084375 0.0671875
223 0.775 0.5546875 0.0890625 0.0359375
223 0.5328125 0.3875 0.0125 0.025
223 0.6546875 0.5640625 0.1515625 0.0375
223 0.36875 0.346875 0.015625 0.0265625
223 0.725 0.3140625 0.078125 0.18125
223 0.6609375 0.559375 0.015625 0.01875
223 0.7796875 0.590625 0.0125 0.0171875
223 0.5515625 0.3875 0.015625 0.025
223 0.6921875 0.3859375 0.0171875 0.025
223 0.784375 0.55 0.0203125 0.021875
223 0.78125 0.6671875 0.0234375 0.025
223 0.590625 0.6078125 0.01875 0.0171875
223 0.5703125 0.565625 0.0109375 0.0203125
223 0.490625 0.6640625 0.171875 0.21875
223 0.653125 0.6640625 0.1546875 0.159375
223 0.2953125 0.621875 0.140625 0.034375
