223 0.6578125 0.790625 0.2 0.084375
223 0.4703125 0.715625 0.15 0.2296875
223 0.3328125 0.390625 0.084375 0.0296875
223 0.659375 0.690625 0.2 0.084375
223 0.6578125 0.6171875 0.19375 0.04375
223 0.65 0.6171875 0.0796875 0.025
223 0.646875 0.771875 0.0796875 0.0296875
223 0.6453125 0.6671875 0.084375 0.025
223 0.4578125 0.6203125 0.0890625 0.025
223 0.4328125 0.3921875 0.075 0.025
223 0.2171875 0.578125 0.0296875 0.275
223 0.3328125 0.615625 0.0890625 0.025
223 0.809375 0.3703125 0.075 0.0296875
223 0.8703125 0.2828125 0.2046875 0.225
223 0.4671875 0.2921875 0.15 0.2296875
223 0.3171875 0.290625 0.15 0.2296875
223 0.315625 0.7171875 0.159375 0.234375
223 0.8671875 0.7203125 0.2140625 0.24375
223 0.8078125 0.6203125 0.0796875 0.025