223 0.4953125 0.2609375 0.1875 0.2640625
223 0.321875 0.25625 0.1296875 0.2546875
223 0.7109375 0.259375 0.2359375 0.26875
223 0.6671875 0.7640625 0.23125 0.20625
223 0.4484375 0.8015625 0.0671875 0.0296875
223 0.5734375 0.35 0.0265625 0.071875
223 0.6078125 0.3515625 0.0265625 0.075
223 0.2546875 0.3421875 0.0265625 0.0625
223 0.5640625 0.7 0.021875 0.0703125
223 0.2796875 0.3421875 0.0265625 0.0625
223 0.1625 0.6578125 0.128125 0.2078125
223 0.2921875 0.6671875 0.1375 0.2109375
223 0.2140625 0.5859375 0.0265625 0.0625
223 0.4578125 0.80625 0.1640625 0.0390625
223 0.671875 0.6390625 0.234375 0.046875
223 0.4484375 0.6421875 0.1359375 0.04375
223 0.665625 0.6359375 0.0828125 0.025
223 0.2328125 0.5890625 0.025 0.0625
223 0.190625 0.2515625 0.153125 0.246875
