223 0.4609375 0.653125 0.209375 0.2125
223 0.246875 0.646875 0.209375 0.20625
223 0.06875 0.6421875 0.1359375 0.203125
223 0.04375 0.5109375 0.0875 0.021875
223 0.0671875 0.5125 0.1328125 0.05
223 0.2453125 0.51875 0.21875 0.053125
223 0.2390625 0.515625 0.090625 0.021875
223 0.109375 0.603125 0.03125 0.075
223 0.325 0.6078125 0.03125 0.075
223 0.5375 0.6125 0.028125 0.08125
223 0.9640625 0.7125 0.046875 0.1078125
223 0.4609375 0.5234375 0.215625 0.053125
223 0.6921875 0.66875 0.25 0.209375
223 0.9484375 0.5734375 0.05625 0.046875
223 0.93125 0.7 0.1359375 0.1703125
223 0.94375 0.571875 0.1109375 0.084375