223 0.31875 0.365625 0.096875 0.128125
223 0.190625 0.665625 0.109375 0.1203125
223 0.2953125 0.675 0.1015625 0.125
223 0.540625 0.615625 0.1171875 0.03125
223 0.296875 0.590625 0.096875 0.0265625
223 0.4359375 0.3265625 0.1328125 0.0703125
223 0.509375 0.646875 0.0546875 0.01875
223 0.55625 0.3609375 0.1015625 0.140625
223 0.5453125 0.6125 0.0625 0.01875
223 0.271875 0.6234375 0.046875 0.015625
223 0.2953125 0.5875 0.046875 0.015625
223 0.2953125 0.41875 0.0390625 0.015625
223 0.409375 0.6234375 0.1171875 0.01875
223 0.1875 0.584375 0.109375 0.0265625
223 0.6953125 0.334375 0.0625 0.015625
223 0.43125 0.346875 0.046875 0.015625
223 0.640625 0.61875 0.0703125 0.0234375
223 0.6953125 0.484375 0.1671875 0.2453125
223 0.6484375 0.5921875 0.0625 0.0234375
223 0.5296875 0.4203125 0.0546875 0.01875
223 0.25 0.41875 0.0421875 0.015625
223 0.221875 0.6171875 0.046875 0.0234375
223 0.7 0.3125 0.1796875 0.08125
223 0.6890625 0.7015625 0.171875 0.1953125
223 0.5390625 0.703125 0.128125 0.1484375
223 0.2171875 0.3671875 0.1015625 0.1203125