82 0.74639423125 0.46634615312500005 0.7115384609375 0.515625 0.71875 0.618990384375 0.7956730765625 0.7271634609375 0.8449519234375 0.7043269234375 0.8834134609375001 0.65625 0.908653846875 0.643028846875 0.9230769234375 0.606971153125 0.9230769234375 0.5540865390625 0.903846153125 0.50360576875 0.828125 0.45673076874999996 0.74639423125 0.46634615312500005
82 0.42668269218750005 0.3918269234375 0.375 0.4459134609375 0.372596153125 0.48677884687499995 0.396634615625 0.5324519234375 0.462740384375 0.603365384375 0.525240384375 0.646634615625 0.55048076875 0.650240384375 0.5673076921875 0.611778846875 0.5625 0.5637019234375 0.5793269234375 0.537259615625 0.5480769234375 0.4987980765625 0.5625 0.40264423125000004 0.50360576875 0.377403846875 0.4699519234375 0.3918269234375 0.42668269218750005 0.3918269234375
82 0.2644230765625 0.6334134609375 0.26923076875 0.681490384375 0.2884615390625 0.7295673078125 0.328125 0.76923076875 0.372596153125 0.77764423125 0.4230769234375 0.7271634609375 0.43990384687499995 0.68389423125 0.43269230781249995 0.62860576875 0.384615384375 0.580528846875 0.400240384375 0.54326923125 0.359375 0.5697115390625 0.3040865390625 0.5769230765625 0.2644230765625 0.6334134609375
82 0.537259615625 0.8293269234375 0.584134615625 0.8425480765625 0.631009615625 0.8269230765625 0.658653846875 0.77764423125 0.6454326921875 0.752403846875 0.587740384375 0.716346153125 0.5396634609375 0.75 0.5144230765625 0.78485576875 0.5168269234375 0.80889423125 0.537259615625 0.8293269234375
82 0.8016826921875 0.290865384375 0.85576923125 0.3545673078125 0.89423076875 0.3137019234375 0.8798076921875 0.275240384375 0.7920673078125 0.1923076921875 0.743990384375 0.177884615625 0.705528846875 0.189903846875 0.677884615625 0.234375 0.7391826921875 0.25 0.8016826921875 0.290865384375
82 0.0480769234375 0.2728365390625 0.021634615625 0.3112980765625 0.025240384375 0.33173076875 0.1610576921875 0.3449519234375 0.22235576875000002 0.3269230765625 0.3112980765625 0.271634615625 0.34735576875 0.271634615625 0.34375 0.21274038437499998 0.306490384375 0.1947115390625 0.234375 0.1923076921875 0.078125 0.25 0.0480769234375 0.2728365390625
82 0.4831730765625 0.205528846875 0.46394230781249995 0.150240384375 0.4290865390625 0.1298076921875 0.3545673078125 0.127403846875 0.2884615390625 0.162259615625 0.31610576875 0.1923076921875 0.4302884609375 0.21514423124999998 0.4831730765625 0.205528846875
82 0.5108173078125 0.10096153906250001 0.4675480765625 0.08653846093749999 0.431490384375 0.08653846093749999 0.42548076874999996 0.11177884687499999 0.47355769218750005 0.162259615625 0.4831730765625 0.21274038437499998 0.506009615625 0.20913461562500002 0.528846153125 0.1862980765625 0.537259615625 0.1490384609375 0.549278846875 0.1706730765625 0.62860576875 0.12019230781250001 0.634615384375 0.10697115312500001 0.59014423125 0.09375 0.5108173078125 0.10096153906250001
82 0.69110576875 0.177884615625 0.7043269234375 0.150240384375 0.671875 0.1514423078125 0.6334134609375 0.16826923124999998 0.6177884609375 0.200721153125 0.6201923078125 0.21754807656250003 0.627403846875 0.21754807656250003 0.69110576875 0.177884615625
82 0.5108173078125 0.2235576921875 0.509615384375 0.2391826921875 0.5300480765625 0.2572115390625 0.5360576921875 0.25360576875 0.5360576921875 0.2824519234375 0.56610576875 0.2884615390625 0.572115384375 0.30889423125 0.584134615625 0.3137019234375 0.6730769234375 0.2608173078125 0.643028846875 0.23317307656250003 0.6141826921875 0.221153846875 0.5925480765625 0.22836538437499998 0.5516826921875 0.2139423078125 0.5420673078125 0.2235576921875 0.52764423125 0.216346153125 0.5108173078125 0.2235576921875
82 0.3076923078125 0.578125 0.33173076875 0.5709134609375 0.33173076875 0.53485576875 0.3798076921875 0.50360576875 0.3665865390625 0.46394230781249995 0.34375 0.474759615625 0.3125 0.5228365390625 0.30048076875 0.55889423125 0.3076923078125 0.578125
