82 0.3157226265625 0.239825859375 0.3167208875 0.2673176078125 0.3242822671875 0.30313985312499997 0.328526428125 0.3778766 0.3391756015625 0.43743234375 0.34976897500000004 0.4705469 0.38481980781249997 0.5603469421875 0.3890949796875 0.5640979078125 0.40252504843750003 0.501960621875 0.46642635468750004 0.3824511515625 0.5101360625 0.3084106921875 0.5488823484375 0.2643476734375 0.5728437875 0.2230809109375 0.587414728125 0.17033196718750002 0.5894546640625 0.1259353734375 0.58547711875 0.057583282812500004 0.57861328125 0.0438446921875 0.43115234375 0.0326707703125 0.38007966875 0.079226765625 0.3695978953125 0.098994584375 0.35332495 0.11636527968749999 0.3385277 0.1475558484375 0.323355321875 0.18948860625 0.3157226265625 0.239825859375
82 0.09102335 0.1973413546875 0.08256290625 0.2153040453125 0.06167685625 0.3086986171875 0.06396789375 0.383287365625 0.0725740390625 0.417230484375 0.0844849984375 0.44065341562500004 0.100909846875 0.460991375 0.1238358125 0.4774158 0.2683081515625 0.5461329109374999 0.359354775 0.5745732359375 0.3691204 0.57531323125 0.3703015765625 0.56952785625 0.3369124453125 0.53027978125 0.32463876406250003 0.489204725 0.3023948453125 0.45324905 0.254468896875 0.31155776562500004 0.22459539374999998 0.24173297031250002 0.209754746875 0.218088040625 0.1716874171875 0.17261059375 0.1410512578125 0.152664484375 0.12926430312499998 0.153729615625 0.114541459375 0.1687699046875 0.11123664687499998 0.17929009375 0.09102335 0.1973413546875
82 82 0.690419246875 0.014963012500000001 0.7070985421875 0.056170846875 0.73274145625 0.08509259687500001 0.745703628125 0.113242396875 0.7527324265625001 0.134760875 0.7533838515625 0.16416005625000002 0.7526741484375 0.22030155156250003 0.7432202453125 0.2710270015625 0.72062703125 0.3137756421875 0.6881274765625001 0.337225546875 0.661509153125 0.374365934375 0.593335353125 0.3725492171875 0.5892811046875 0.292142475 0.564584459375 0.216311621875 0.5490468749999999 0.1567072078125 0.54550946875 0.09487685 0.5496365640625 0.0622751609375 0.55793676875 0.032801571875000005 0.574796753125 0.0050020875 0.6138143921875 82 0.626464853125 82 0.690419246875
82 0.419033596875 0.5619603609375 0.41973734062499996 0.5698468609375 0.452912565625 0.5591422500000001 0.48632030468750004 0.5557988578125 0.5366706296875 0.54394783125 0.6203263859375 0.5316830984375 0.6889585796875 0.5290505624999999 0.7402172625000001 0.5192266609375 0.78481051875 0.5040019499999999 0.82967659375 0.4809647390625 0.8519794234375 0.45915522812500004 0.8639027875 0.454183846875 0.8822311640624999 0.4340314625 0.8977259562500001 0.4249245484375 0.9182802765625 0.39710766249999996 0.9257300546874999 0.380047534375 0.94112874375 0.3596731515625 0.969520371875 0.2756596375 0.9913643765625 0.22493053281250003 0.983756490625 0.2184791625 0.9312267296875 0.208623815625 0.9148297812499999 0.20150644843749999 0.8358987296875 0.190629678125 0.7522770765625 0.2019178484375 0.7086262796875 0.2181931203125 0.6617047734375 0.24401202031250002 0.6250542234375 0.2701196328125 0.565992334375 0.3351636 0.47531461249999996 0.4643938328125 0.44996738281250004 0.5173053453125 0.419033596875 0.5619603609375
82 0.44821264843749997 0.67971071875 0.4910263828125 0.7294644140625001 0.5713525171875 0.7845084953125 0.6418231234375 0.8133479578125 0.67415199375 0.812860253125 0.6993380046875 0.8206436140625 0.724899140625 0.8176847890625 0.7512322265625 0.8206593375000001 0.7847763750000001 0.81340969375 0.7997317328125 0.8057306234375 0.850013853125 0.795832721875 0.9074729328125001 0.7766871921875 0.9437080531250001 0.7764954859375 0.9448892296875 0.7707101109375001 0.9188692671875 0.74474934375 0.8949109390625001 0.70180973125 0.8512911546874999 0.6470992250000001 0.7967865703125 0.6096781296875 0.7331519015625 0.5813566640625 0.6554020265625 0.5646945171875 0.5839424531249999 0.5641753671874999 0.5495922531249999 0.5664681984375 0.48553595156249996 0.5782597953125 0.4389895703125 0.59333650625 0.40514470312500006 0.59517805625 0.44821264843749997 0.67971071875
82 0.5321318890625 0.9122526078125001 0.5487458562499999 0.8851162859375 0.560545215625 0.85565684375 0.5698303171875 0.8000594953125001 0.5677810875 0.788644028125 0.5597360734375 0.7806908140625 0.528225659375 0.75774101875 0.5165410125000001 0.7558764625000001 0.4816110734375 0.77477085625 0.45846188750000005 0.8067972734375 0.4424834609375 0.84377321875 0.43805327031249996 0.8865199703125001 0.4407318375 0.92197221875 0.4538735703125 0.9802481171874999 0.5051787609375 0.941053340625 0.5321318890625 0.9122526078125001
82 0.391826215625 0.8644133078125 0.38364479218750003 0.86036634375 0.3767003453125 0.8769751906250001 0.378048921875 0.9505133765625 0.3963927921875 0.971975896875 0.41076841093749994 0.9808983890625 0.43598852499999996 0.9877051890624999 0.44878614531250005 0.98573749375 0.4489907578125 0.97987811875 0.42335832656249994 0.914780853125 0.391826215625 0.8644133078125
82 0.647759996875 0.867650890625 0.623209525 0.869707153125 0.5888872265625 0.885220578125 0.601644540625 0.8984266015625 0.6475646765625 0.9293223265625 0.667458646875 0.9484544421875001 0.6829131359375 0.9545212453125 0.6961602874999999 0.9256610828125 0.7236249515625001 0.8822119125000001 0.69264776875 0.8720314296874999 0.647759996875 0.867650890625
82 0.5688889078125 1 0.5708223546875 0.9959639921875001 0.5731816171874999 0.9143840234375 0.570394540625 0.89605861875 0.5534860578125 0.903589690625 0.52528975 0.9259317671874999 0.515517921875 0.9393889281250001 0.46299745468750003 0.9853456421875 0.5142532421875 1 0.5688889078125 1
82 0.6899758359375 1 0.6880842609375 0.9886936484375 0.6726080750000001 0.9552090953124999 0.6256152734375 0.9129719015625 0.599691415625 0.8982786031250001 0.57606170625 0.8739676781249999 0.5706580453125001 0.9866496484375 0.5716144703125 1 0.6899758359375 1
82 0.821786428125 1 0.83016325625 0.9857516984375 0.8464207046875 0.926766096875 0.8395816765624999 0.8562388828125 0.8435003312499999 0.82814056875 0.8498371390624999 0.814912690625 0.8445854031250001 0.8110877249999999 0.749731725 0.8636280875000001 0.7259469984375 0.8858148796875 0.7033372484375 0.9164134546874999 0.686416359375 0.9523388374999999 0.6845872390625 0.9766788999999999 0.6932174890625 1 0.821786428125 1
82 0.347998725 0.7455529578125 0.3722670859375 0.6954971343749999 0.3829503828125 0.5998607234375 0.3781698765625 0.5965610390625 0.371668759375 0.6004745734375 0.3371573421875 0.663462278125 0.30760934687499997 0.6964725421875 0.286958921875 0.713021959375 0.2356258328125 0.7389961421875 0.2298563609375 0.7640167703125 0.22869688125 0.7972198953125 0.23182498125 0.8057796749999999 0.273352140625 0.794239215625 0.3152203234375 0.7729331312500001 0.347998725 0.7455529578125
82 0.3614783703125 0.8782696046874999 0.36452276875 0.8471676031250001 0.3617976953125 0.8410862296875001 0.3311615375 0.821140121875 0.29638041249999997 0.8077339531250001 0.250516078125 0.803279415625 0.23074611093750003 0.8086353624999999 0.2281512453125 0.8128448953125 0.2333626765625 0.8318435796875001 0.248776859375 0.853084103125 0.27459841093750004 0.8707070890624999 0.3016352390625 0.8815681359375 0.33584902968749997 0.8831815562499999 0.3614783703125 0.8782696046874999
82 0.22436899999999999 0.837036959375 0.22471622500000002 0.813074178125 0.20900132343750003 0.7864255625000001 0.203913896875 0.7919149390625 0.1760028109375 0.7780502046875 0.159770171875 0.7802471828125 0.149037278125 0.83524525 0.1523358890625 0.838922215625 0.1656047375 0.837479803125 0.1585176796875 0.87219205625 0.168537515625 0.90771101875 0.1932306 0.8875513500000001 0.21368261249999998 0.8626641515625 0.22436899999999999 0.837036959375
82 0.22411478749999997 0.8022579921874999 0.2221182671875 0.74727449375 0.19763599999999998 0.74737763125 0.1674927703125 0.755374553125 0.1705185625 0.7668640203125 0.2201403328125 0.80391511875 0.22411478749999997 0.8022579921874999
82 0.06501752968749999 1 0.0812173171875 0.9828530328125 0.10180573906249998 0.9540595843749999 0.12482471718749999 0.9117422609375 0.1469818453125 0.8380269374999999 0.153160546875 0.8012875609375 0.1516166484375 0.7894208109374999 0.160889346875 0.762217775 0.12186094843749999 0.758281234375 0.08919105625 0.7685345640625 0.069551296875 0.7841814171875 0.060250700000000004 0.798163859375 0.058864909374999996 0.809808609375 82 0.8535632671875 82 1 0.06501752968749999 1
82 0.8380904890625 0.800804103125 0.821250209375 0.8063820500000001 0.8036038812499999 0.807003184375 0.7866271921875 0.81648738125 0.76692543125 0.819890203125 0.7642964625 0.8250762984375 0.7687018421875 0.8391181703124999 0.7738853734375 0.8448962625 0.7867170953125 0.8419520046875 0.8506493921875 0.805672346875 0.8517623640625 0.8018400968750001 0.8380904890625 0.800804103125
82 0.8375758843750001 0.5912277328125 0.8317320046875001 0.6323986421875001 0.8599097046875 0.6526480328125001 0.8864629 0.6913781109375 0.8964610390625 0.699479325 0.9009067234374999 0.698347478125 0.9010493343749999 0.680244071875 0.879050334375 0.6232553046875 0.8559259578124999 0.5984930984375 0.8375758843750001 0.5912277328125
82 0.8566513578125001 0.942228528125 0.8951682203125 0.9608135078125001 0.9059104078125 0.961627503125 0.9071938921875 0.9529124390625 0.9021467703124999 0.9432280984375 0.9016135375 0.9304587859375 0.90861069375 0.8702819093749999 0.909010628125 0.802751096875 0.9009997171874999 0.7938213203125 0.86978381875 0.790476775 0.8532783609375001 0.8004862515625 0.852800928125 0.8141581265625 0.8420463359375001 0.8417384453125001 0.8411255734375 0.8681056328125001 0.8486745484375 0.9323221890625 0.8566513578125001 0.942228528125
