82 0.5093155984375 0.3374587 0.4764191453125 0.29397112812500004 0.43281403125000006 0.29941958125 0.417159384375 0.32527419375 0.371848525 0.341490978125 0.3481986125 0.38387866718749997 0.33282055312500003 0.45550430468750003 0.3306340015625 0.554159946875 0.3844076765625 0.6406453437499999 0.40805096093750004 0.7018189390625 0.46993848906249996 0.66580613125 0.5040994734375001 0.6045794703125 0.531720684375 0.5286358859375 0.5264191109375 0.383915371875 0.5093155984375 0.3374587
82 0.4058973703125 0.72220265625 0.4003059515625 0.73883368125 0.3849345203125 0.7068980375 0.3581826625 0.7383214921875 0.3415203671875 0.7858107203125 0.33665337968750003 0.8385973874999999 0.3466573140625 0.8823563640625001 0.42562202187500003 0.8675108671875 0.44460253437499997 0.84781279375 0.464900246875 0.7739792078125001 0.4422909453125 0.71646035625 0.4058973703125 0.72220265625
82 0.7447803828125 0.7889960625 0.736172646875 0.76696965 0.7171658 0.7613783640625 0.658828059375 0.79874001875 0.605936815625 0.90014641875 0.6114426078124999 0.9112085984375 0.6410988203125 0.9208464265625 0.683222109375 0.9213586140625001 0.749443153125 0.8698677296874999 0.7654336828125 0.8368015796874999 0.7643470359375 0.7825681171875 0.7447803828125 0.7889960625
82 0.6612714953125 0.6170047609375 0.642264646875 0.611413475 0.6459790625 0.6609371937499999 0.7398343953125 0.76591465 0.7599608531250001 0.747467475 0.7578402234375 0.68957926875 0.7108565765625 0.6382924625 0.6749108453125 0.6344193796875001 0.6612714953125 0.6170047609375
82 0.818522515625 0.705298128125 0.787720359375 0.694409403125 0.765921115625 0.6453529875 0.7395051406250001 0.6695649046875001 0.760020146875 0.6944849109375 0.7608565406250001 0.7282367046875 0.7926597171875 0.8210520984375 0.8235475015624999 0.8042476171875 0.8502993578125 0.7728241609375 0.8504706140625 0.71743775 0.8407169359375001 0.6941604406249999 0.818522515625 0.705298128125
82 0.42099901875 0.16527150156249998 0.406437646875 0.1417982921875 0.3799953390625 0.14072085 0.3516233625 0.15521943437500002 0.2811214703125 0.2727671125 0.248415978125 0.3027437734375 0.2366733359375 0.348025053125 0.270300846875 0.3241069828125 0.3036188109375 0.3326898109375 0.3359620875 0.2846353296875 0.42574741562499996 0.21844996249999998 0.42099901875 0.16527150156249998
82 0.47075535625000003 0.13117279375 0.47168400312500003 0.033670099999999994 0.413458225 0.0686279078125 0.3620224734375 0.1387843078125 0.3727838 0.140427003125 0.392798296875 0.12438367343750001 0.426116259375 0.1329665015625 0.45552221875 0.12212266093749999 0.47075535625000003 0.13117279375
82 0.953645215625 0.20865084375 0.9679629609375 0.10808110312500001 0.927407125 0.0739150671875 0.9140180296875 0.076982115625 0.8945896718749999 0.106295575 0.88016659375 0.10570787968749999 0.8576955859375 0.071074540625 0.8238178171874999 0.07451094375 0.7644724296875001 0.1335072125 0.729079875 0.22117618125 0.723653084375 0.285982078125 0.7581893609375 0.4752451640625 0.7729483218750001 0.4686213203125 0.7971580390625 0.414214403125 0.9124373203125 0.317758528125 0.9280919687500001 0.291903915625 0.953645215625 0.20865084375
82 82 0.743182284375 0.0616665640625 0.7960832265625 0.0902954234375 0.6985050265625 0.08772695 0.6502322046875 0.0690559859375 0.6374293796875 0.07246748125 0.6158927140625 0.08482259375 0.609170921875 0.0801861578125 0.5535886125 0.0496672171875 0.48490962968750007 0.00189984375 0.4504497484375 82 0.447424596875 82 0.743182284375
82 0.4452021078125 0.2144258640625 0.44156669062500004 0.24077022343749999 0.451992134375 0.24962445781249998 0.469154940625 0.2430985625 0.481760309375 0.2568584375 0.4990350765625 0.247928696875 0.5006025296875001 0.2142748515625 0.4862650796875 0.18599395000000002 0.46943815625 0.18530830625 0.4452021078125 0.2144258640625
82 0.8809565921875 0.8643886546875 0.8543166953125001 0.8934082640625001 0.8826557109375001 0.9571816046875 0.9128717312499999 0.9548002015625 0.9473949296875 0.9116513625 0.9393469984375 0.8776057187499999 0.9124305140625 0.8608543031250001 0.8809565921875 0.8643886546875
82 0.8325935484375 1 0.8384381265625 0.92407056875 0.851688928125 0.898118009375 0.8522487328125001 0.8860987781249999 0.8371275578124999 0.8746447999999999 0.79866601875 0.8730776125 0.787456846875 0.8810503015625001 0.776230621875 1 0.8176850921875 1 0.8195102796875 0.9943473624999999 0.8276110234375 1 0.8325935484375 1
82 0.8384807578125001 1 0.8385171265625001 0.9999386484375 0.8702149703125001 0.9915966031250001 0.8816480625 0.9788162203124999 0.8741599359375 0.932751346875 0.8395314031250001 0.87474275 0.79866601875 0.8730776125 0.787456846875 0.8810503015625001 0.776230621875 1 0.8384807578125001 1
