82 0.5108173078125 0.2740384609375 0.4759615390625 0.31610576875 0.45673076874999996 0.361778846875 0.4447115390625 0.506009615625 0.46875 0.5829326921875 0.5 0.6454326921875 0.560096153125 0.68389423125 0.5865384609375 0.6237980765625 0.64423076875 0.5396634609375 0.646634615625 0.44110576874999996 0.634615384375 0.368990384375 0.61298076875 0.325721153125 0.568509615625 0.3076923078125 0.5540865390625 0.28125 0.5108173078125 0.2740384609375
82 0.5 0.75360576875 0.5168269234375 0.828125 0.53485576875 0.8485576921875 0.61298076875 0.8665865390624999 0.625 0.8233173078125 0.622596153125 0.7704326921875 0.6081730765625 0.72235576875 0.5829326921875 0.689903846875 0.56610576875 0.721153846875 0.5612980765625 0.7043269234375 0.525240384375 0.697115384375 0.5 0.75360576875
82 0.197115384375 0.8040865390624999 0.2115384609375 0.8377403843750001 0.275240384375 0.8918269234375 0.3173076921875 0.893028846875 0.34735576875 0.8846153843750001 0.353365384375 0.8737980765625 0.3052884609375 0.7704326921875 0.24879807656250003 0.73076923125 0.2295673078125 0.7355769234375 0.21995192343749997 0.7572115390625 0.200721153125 0.75 0.197115384375 0.8040865390624999
82 0.2259615390625 0.734375 0.32451923125 0.6334134609375 0.330528846875 0.584134615625 0.3112980765625 0.5889423078125 0.296875 0.60576923125 0.2608173078125 0.6081730765625 0.2115384609375 0.6574519234375 0.20673076875000002 0.71514423125 0.2259615390625 0.734375
82 0.11778846093749999 0.681490384375 0.11538461562499999 0.736778846875 0.140625 0.76923076875 0.1706730765625 0.787259615625 0.20673076875000002 0.6959134609375 0.20913461562500002 0.662259615625 0.23076923124999998 0.638221153125 0.205528846875 0.61298076875 0.181490384375 0.6610576921875 0.150240384375 0.6706730765625 0.12860576875000002 0.658653846875 0.11778846093749999 0.681490384375
82 0.6514423078125 0.2704326921875 0.681490384375 0.3197115390625 0.71514423125 0.3125 0.747596153125 0.337740384375 0.73798076875 0.2920673078125 0.70673076875 0.2608173078125 0.6418269234375 0.140625 0.6141826921875 0.125 0.587740384375 0.125 0.572115384375 0.1478365390625 0.564903846875 0.200721153125 0.6514423078125 0.2704326921875
82 0.6322115390625 0.1237980765625 0.584134615625 0.051682692187500004 0.52764423125 0.014423076562500001 0.5240384609375 0.11177884687499999 0.5396634609375 0.10336538437500001 0.568509615625 0.11538461562499999 0.6021634609375 0.1081730765625 0.62139423125 0.125 0.6322115390625 0.1237980765625
82 0.08413461562499999 0.0396634609375 0.07091346093749999 0.036057692187500004 0.028846153125000003 0.06850961562499999 0.0384615390625 0.169471153125 0.060096153124999996 0.25360576875 0.07451923125 0.2800480765625 0.185096153125 0.381009615625 0.20673076875000002 0.4362980765625 0.221153846875 0.443509615625 0.2644230765625 0.256009615625 0.26201923125 0.19110576875000002 0.23076923124999998 0.10216346093749999 0.174278846875 0.040865384375 0.140625 0.036057692187500004 0.11658653906250001 0.06971153906250001 0.10216346093749999 0.06971153906250001 0.08413461562499999 0.0396634609375
82 0.8990384609375001 0.611778846875 0.9014423078125 0.6334134609375 0.8822115390624999 0.6454326921875 0.877403846875 0.693509615625 0.9014423078125 0.7920673078125 0.96875 0.7391826921875 1 0.65264423125 0.9987980765625 0.41826923125000004 0.9771634609375001 0.44951923125000004 0.9278846156249999 0.48197115312500005 0.89423076875 0.549278846875 0.88701923125 0.6045673078125 0.8990384609375001 0.611778846875
82 0.490384615625 0.2271634609375 0.5072115390625 0.236778846875 0.5204326921875 0.2235576921875 0.537259615625 0.23076923124999998 0.5480769234375 0.22235576875000002 0.5456730765625 0.1959134609375 0.5228365390625 0.165865384375 0.506009615625 0.165865384375 0.490384615625 0.193509615625 0.490384615625 0.2271634609375
82 0.10576923125 0.856971153125 0.080528846875 0.8269230765625 0.049278846875 0.8221153843750001 0.021634615625 0.8377403843750001 0.01201923125 0.87139423125 0.044471153125 0.9158653843750001 0.07451923125 0.919471153125 0.10576923125 0.856971153125
82 0.1358173078125 0.9591346156249999 0.1394230765625 0.97235576875 0.1334134609375 0.98076923125 0.12860576875000002 0.971153846875 0.11778846093749999 0.9939903843750001 0.1802884609375 0.9987980765625 0.1730769234375 0.84735576875 0.162259615625 0.8389423078125 0.1237980765625 0.8389423078125 0.1081730765625 0.8497596156249999 0.1081730765625 0.861778846875 0.12019230781250001 0.888221153125 0.12259615312500001 0.9675480765625 0.1358173078125 0.9591346156249999
82 0.1358173078125 1 0.1802884609375 0.9987980765625 0.1730769234375 0.84735576875 0.162259615625 0.8389423078125 0.12139423125 0.8389423078125 0.08413461562499999 0.8954326921875 0.07451923125 0.94110576875 0.08533653906250001 0.9543269234375 0.11658653906250001 0.9639423078125 0.1358173078125 1
