82 0.44310041875 0.8166108390625 0.4331406109375 0.873066259375 0.45196818125 0.9477253421875 0.5345394156250001 0.9361816078125 0.6234311828125 0.9030312265625 0.6788371984375 0.8672812078125001 0.7246866046875 0.8134394109375 0.7434801078125 0.751023321875 0.7488590937499999 0.67410024375 0.7410339593749999 0.665637834375 0.7216350968749999 0.6679298 0.579522525 0.7055801984375 0.517577346875 0.7316728765625 0.44310041875 0.8166108390625
82 0.40247014062500003 0.7442297359375 0.35182951406249996 0.694636221875 0.283798909375 0.6701921921875 0.2377896453125 0.674734165625 0.21257453124999998 0.6914212375 0.340129996875 0.7931659437499999 0.39166986718749996 0.8127043875 0.4358888796875 0.8165688828125001 0.40247014062500003 0.7442297359375
82 0.4303665109375 0.7407847953125 0.4455207375 0.713217484375 0.45005925781249995 0.6483136375 0.4408976125 0.6073783265625 0.36136029375 0.5239491609375 0.3117199890625 0.511636240625 0.2897491875 0.5163180671875 0.30544176093750003 0.6186143890625 0.3948130984375 0.7333634796874999 0.4303665109375 0.7407847953125
82 0.50284279375 0.5812856484375 0.4790229640625 0.61240978125 0.47913228124999996 0.6280417734375 0.49002539843750004 0.678606453125 0.5308907828125 0.6788442015625 0.6139662984375 0.660088928125 0.6886030828124999 0.6244507921875 0.7617352640624999 0.5587436 0.792379903125 0.4988012828125 0.8094419343749999 0.42675582343749996 0.7818817499999999 0.42539307031250007 0.6375334265625 0.4606256375 0.568040521875 0.49148405312500004 0.499547940625 0.5596230624999999 0.50284279375 0.5812856484375
82 0.404007690625 0.5674841109375001 0.42737377812500005 0.577239346875 0.4720465328125 0.540224471875 0.4717268203125 0.4416248234375 0.41387465468749995 0.3919893546875 0.33723722500000003 0.35306630625 0.3307485984375 0.377076796875 0.334203309375 0.44803920625 0.35387134374999996 0.5106790578125 0.404007690625 0.5674841109375001
82 0.8588295374999999 0.27072958593749996 0.7117999578124999 0.2927200234375 0.615192371875 0.3330399859375 0.5341762796875 0.40832060625000005 0.508784834375 0.47911519374999995 0.6131587796875 0.465293478125 0.7272656609375 0.41545602812500004 0.802129315625 0.35937820625 0.8588295374999999 0.27072958593749996
82 0.3573672375 0.32312311718750003 0.41007552187499996 0.3775383078125 0.4726260625 0.4115697546875 0.48162785 0.403205240625 0.4901335953125 0.3503485953125 0.43916501874999997 0.2538591046875 0.367057871875 0.2017358796875 0.3201576015625 0.184629253125 0.3169132890625 0.1966345 0.33188295 0.2748783734375 0.3573672375 0.32312311718750003
82 0.4107808421875 0.16110824375 0.455874390625 0.290028678125 0.470070596875 0.310552275 0.47968598125 0.31060821562499996 0.4989755265625 0.2926842578125 0.54639655 0.19917200468750001 0.5463460109375 0.165504175 0.5293004546875 0.13414229375 0.53114948125 0.1076999859375 0.5176761859375001 0.11122883593749999 0.4247161140625 0.06499635312499999 0.41453767187499996 0.0901877890625 0.4107808421875 0.16110824375
82 0.5324354484375 0.1065050546875 0.5317043 0.134156278125 0.5499770500000001 0.18235906875000002 0.5399079234374999 0.22318249687499997 0.558298228125 0.2353136078125 0.5355374984375 0.28568249687499997 0.53821875625 0.298924628125 0.6543427562499999 0.220241021875 0.704882303125 0.2024988734375 0.7070169749999999 0.137581040625 0.64615560625 0.0278074640625 0.5636349093749999 0.07301903125 0.5324354484375 0.1065050546875
82 0.794160796875 0.19820863125 0.7545813828125 0.196775953125 0.6617223890624999 0.2178791328125 0.5533142046874999 0.28939315468750004 0.5216104640625 0.3300907171875 0.5355292625 0.3373861671875 0.58461474375 0.32324279375 0.6894424296875 0.2685417078125 0.794160796875 0.19820863125
82 0.499051896875 0.51513093125 0.5484735656249999 0.49617986406250003 0.5727388984374999 0.47588003125 0.521140253125 0.47437742812500006 0.499051896875 0.51513093125
82 0.521887875 0.3433188640625 0.50477530625 0.381696490625 0.49895081562500004 0.44779526875000003 0.504481421875 0.47187568437499994 0.5499441015625 0.3891737484375 0.631573790625 0.32231358125 0.629396815625 0.30185991093750003 0.521887875 0.3433188640625
