82 0.70290628125 0.556365378125 0.782777803125 0.49471446874999997 0.7993250140625 0.469597690625 0.8014771171874999 0.4478090296875 0.7792830765625001 0.4011185140625 0.7515129765624999 0.39207273125 0.7060636687499999 0.4142303640625 0.545201775 0.44137833281249994 0.5142874296875 0.47222707656249996 0.3539290203125 0.5426442781249999 0.320526915625 0.566435528125 0.292072359375 0.6019379203125 0.30425941875 0.6155907703125 0.3860741015625 0.6175647640624999 0.5278171109375001 0.6012645421875 0.575558378125 0.5693374796875 0.70290628125 0.556365378125
82 0.899941634375 82 0.8915069375 0.12208971875 0.8329360609375 0.360392878125 0.8402035421875 0.36473843281249996 0.8722498812499999 0.32780305 0.8791537359375001 0.3008986046875 0.9078040890624999 0.2822231375 0.9241275296874999 0.2378755890625 0.9557674437499999 0.062642028125 0.9532092375 82 0.899941634375 0
82 1 0.7410022921875 0.9424665859375001 0.5734897765625 0.890866965625 0.48057088593749997 0.8337751984375 0.4325082625 0.8169762468749999 0.43599042499999996 0.85503304375 0.5021123359375 0.9440889203125 0.7129128546875 1 0.8715262453125 1 0.7410022921875
82 1 0.302933715625 0.8550461874999999 0.399871853125 0.862425553125 0.41383279375 0.8768766031249999 0.4153123671875 0.9368608703125 0.40184584531249995 1 0.369570959375 1 0.302933715625
82 0.811230675 0.2523272640625 0.8096511390625001 0.2199523640625 0.7418827625 0.2880445828125 0.6650863984375001 0.40723375156249997 0.677217515625 0.41607890937500003 0.7191589515625 0.40256580625 0.726090778125 0.3780652078125 0.7971991968750001 0.2869053828125 0.811230675 0.2523272640625
82 0.7571483453125001 0.773005321875 0.7756238921875 0.7068691140625 0.7769368578125 0.61296506875 0.75791503125 0.5287838703125 0.718461353125 0.5493544671875 0.7200277453124999 0.6839698515625 0.69733190625 0.8008949218750001 0.6508904609374999 0.8411584234375 0.598033815625 0.84695126875 0.6174883546875 0.8649496750000001 0.6511422015624999 0.8627930375 0.6942436062499999 0.8455971421875 0.7312095234375 0.8179690531249999 0.7571483453125001 0.773005321875
82 0.5837158875 0.029951667187499996 0.5329554062499999 0.0091481609375 0.5185603015625 0.0124762796875 0.522571653125 0.04710098125 0.553249084375 0.09926195156249999 0.6315558968749999 0.1098804734375 0.6117097609375 0.058228221875 0.5837158875 0.029951667187499996
82 0.646400228125 0.351898709375 0.65496753125 0.364580703125 0.6693906078125 0.3636564296875 0.6869299578125 0.32043378125 0.693526128125 0.2670870296875 0.687851325 0.192875890625 0.6503259828125 0.17242705625000002 0.5805305296875 0.1696828359375 0.5795663625 0.19019255 0.5966729984375 0.21315269531249997 0.6019002609374999 0.24890229531250002 0.628650253125 0.273650103125 0.646400228125 0.351898709375
82 0.601409921875 0.10339258124999999 0.47395013124999996 0.1067492984375 0.45480327656249997 0.1151932 0.423944875 0.1508496375 0.4866966171875 0.1684790703125 0.611752559375 0.1652763984375 0.7191572671875 0.19568099218749999 0.6909116546875 0.145769821875 0.601409921875 0.10339258124999999
82 0.5559474703125 0.227790696875 0.515850453125 0.1930728328125 0.5236642171875 0.3477357953125 0.5445304640625 0.383686025 0.5694771515625 0.3568281640625 0.578169484375 0.2768850578125 0.5559474703125 0.227790696875
82 0.44468609218750005 0.27942496562499997 0.3964972859375 0.272890490625 0.38939763125 0.2829680109375 0.41637139375 0.3269465875 0.541190421875 0.40675363124999997 0.531127496875 0.368908275 0.490778740625 0.31255579375 0.44468609218750005 0.27942496562499997
82 0.544015521875 0.6495420937499999 0.5578232296875 0.5957332046875 0.4629971796875 0.6126353078125 0.4430819546875 0.6584158484375 0.352994509375 0.7724426515625 0.33545515937500003 0.8156653015625001 0.3504096921875 0.86041410625 0.42448138125 0.8171771578125 0.48028647031249994 0.7546628578125001 0.5061134093749999 0.7000837421874999 0.544015521875 0.6495420937499999
82 0.40733026250000004 0.4802840234375 0.3996432125 0.43988077499999995 0.3645496875 0.4216817421875 0.3260601765625 0.4217426234375 0.302217515625 0.4401100015625 0.24198150468750002 0.43194190624999995 0.1989919875 0.4587531875 0.18434514062500001 0.44044668906249995 0.16027870625 0.4395832984375 0.117205275 0.45918303906249996 0.17737219843750002 0.564783925 0.21238181093750003 0.5757714203125001 0.33000244375 0.5538001171875 0.3777437125 0.521873053125 0.40733026250000004 0.4802840234375
82 0.3828459453125 0.6502477546875001 0.35963179375 0.6192592640625 0.299479696875 0.6183027078125 0.238880059375 0.5788846125 0.229292646875 0.5819046421875 0.238223578125 0.6258366359374999 0.2709971703125 0.651401253125 0.3290531046875 0.6789541625 0.38555747500000004 0.676536015625 0.3828459453125 0.6502477546875001
82 0.3174830984375 0.9250707421875 0.353652675 0.9323754453124999 0.36174446875 0.9041920546875 0.35168154218750003 0.8663466984375001 0.25063440625 0.6587202546875 0.2128013796875 0.6118291124999999 0.1987699 0.6464072328125 0.208148371875 0.728800765625 0.24032142343750001 0.806125096875 0.26967106093750004 0.8475457828125 0.277274196875 0.8807374921875001 0.3174830984375 0.9250707421875
82 0.1815793515625 0.6162355515625 0.187239325 0.5858023593749999 0.1601816484375 0.53461224375 0.0050339890625 0.3292499 0.004797075 0.412259615625 0.031658951562499996 0.44662280781249997 0.046557540625 0.48656391875000005 0.1003652078125 0.5625018421875 0.1815793515625 0.6162355515625
82 0.173347703125 0.632399709375 0.080925496875 0.6491477671875 0.009117796875 0.6802114375 0.0150723109375 0.7784610390625 0.0580058875 0.74684206875 0.098731415625 0.7322040640624999 0.1545924453125 0.6744974578125 0.173347703125 0.632399709375
82 0.1902865109375 0.6409367765625 0.179371303125 0.6332165187500001 0.1710277703125 0.63976529375 0.0917716171875 0.754300815625 0.046518109375 0.7932853718749999 0.01054433125 0.8028075921875001 0.0135635453125 0.8555381625 0.102854653125 0.77644415 0.1526361390625 0.7131130406249999 0.1880784625 0.65791774375 0.1902865109375 0.6409367765625
82 0.40931285468749995 0.2371874703125 0.40900517187499996 0.2107451640625 0.3930585015625 0.184102228125 0.369020040625 0.18564268281250002 0.30594747031249997 0.243811425 0.2707289171875 0.3182374921875 0.20451210468749997 0.41630076562499996 0.196448284375 0.4468880015625 0.2061196109375 0.45107951249999995 0.208411571875 0.44131008125 0.28239935 0.390861596875 0.3952813765625 0.27176558906250003 0.40931285468749995 0.2371874703125
82 0.3213906578125 0.2271851296875 0.34874119062500003 0.200173221875 0.330194875 0.1568574109375 0.284298028125 0.1405535046875 0.2217141140625 0.1373471484375 0.11141690312500001 0.1684717 0.1152884 0.191077171875 0.1455462625 0.2071804484375 0.27071409062499996 0.2135931625 0.292544503125 0.229033675 0.3213906578125 0.2271851296875
82 0.09439418125 0.15272309687500002 0.048497334375 0.13641919062500002 0.0028242578125 0.13934605312499998 0.0031878843749999996 0.17059605312499998 0.0878539546875 0.2108775390625 0.1227796515625 0.21465349531250003 0.12507161093750002 0.204884065625 0.09439418125 0.15272309687500002
82 0.10229185781250001 0.314597596875 0.0913766515625 0.306877340625 0.004782246875 0.307615284375 0.0037901093750000005 0.325721153125 0.04165110625 0.3750161421875 0.0751650953125 0.36084027500000004 0.102515628125 0.33382836718750003 0.10229185781250001 0.314597596875
82 0.1723801671875 0.2391397953125 0.19497895 0.21724367031249997 0.1551896171875 0.20896811249999997 0.1387542921875 0.243700278125 0.1723801671875 0.2391397953125
82 0.20667566874999999 0.0853868046875 0.1784169109375 0.1377161203125 0.178500825 0.14492765937500002 0.21931026718750002 0.13750119375 0.25845626093749996 0.0904882890625 0.2402456015625 0.07601862968749999 0.20667566874999999 0.0853868046875
82 0.13102444375 0.096248853125 0.07874036875 0.0478781375 0.039999115625 0.026304403124999997 0.00142569375 0.0191537453125 0.0016494640625000002 0.038384515625 0.0500900140625 0.0665536078125 0.118124959375 0.12474033437500001 0.14346324375 0.1315363171875 0.13102444375 0.096248853125
82 0.22263716718749998 0.21667407187499998 0.19613891562500002 0.2135608796875 0.217172990625 0.2639341859375 0.264761259375 0.322228375 0.27285305000000004 0.29404498437500004 0.25314676875000003 0.2544119640625 0.22263716718749998 0.21667407187499998
82 0.07823856875 0.211493721875 0.07724643125 0.229599590625 0.064011290625 0.2292449171875 0.062963209375 0.24254309531249998 0.1105514765625 0.300837284375 0.1187551546875 0.28226927812499997 0.11805587343749999 0.222173125 0.07823856875 0.211493721875
82 0.1259666921875 0.2818071421875 0.117763015625 0.3003751484375 0.1239824171875 0.3180188796875 0.16161964374999999 0.34808309843749996 0.1890820609375 0.3306865765625 0.146273515625 0.2696804484375 0.1259666921875 0.2818071421875
82 0.3212337375 82 0.40695012343750003 0.1375048796875 0.4191503265625 0.0489172421875 0.407364753125 82 0.3212337375 0
82 0.3438906984375 0.0934331375 0.3246599296875 0.0946655015625 0.3362184765625 0.1576742203125 0.35473681875 0.1985861875 0.38697895781249997 0.1784777265625 0.3842114859375 0.14738177187499998 0.3438906984375 0.0934331375
82 0.4240008171875 0.15565732968749998 0.405161646875 0.1905435390625 0.4125969546875 0.209312171875 0.43179975312499996 0.20567596250000003 0.4652857703125 0.1890962484375 0.4854527359375 0.1649503234375 0.4240008171875 0.15565732968749998
82 0.45474733437500003 0.1103855078125 0.4548312484375 0.11759704687500001 0.5268067765625 0.1009564515625 0.5372185 0.065407478125 0.514116234375 0.0440343703125 0.45474733437500003 0.1103855078125
82 0.20247525312499998 0.8614744390625001 0.16977243125000002 0.9453618468749999 0.14838955781250002 0.9683828703125 0.1426176984375 0.989200675 0.1689760921875 0.9802946374999999 0.2175976125 0.9206463218750001 0.2432846953125 0.854047975 0.23681355312500002 0.8147696281249999 0.20247525312499998 0.8614744390625001
82 0.2267523140625 0.983809084375 0.26764566875 0.9835941578125 0.29010459375000003 0.9496788031250001 0.30170425624999997 0.912850884375 0.2736824125 0.8821704828125 0.2267523140625 0.983809084375
82 0.3500312359375 0.7245197765625 0.31577685 0.7784361265624999 0.33310725625000004 0.8206270390625001 0.3716938234375 0.7255372125 0.36759855625000004 0.683700971875 0.356795234375 0.6855960999999999 0.3500312359375 0.7245197765625
82 0.789484175 0.2440982875 0.7352717640625 0.23674700468749998 0.76914938125 0.2538211359375 0.789484175 0.2440982875
82 0.8429561874999999 0.2911900578125 0.8427324171875 0.2719592875 0.8172542765624999 0.253144071875 0.8019229749999999 0.279385753125 0.8239491890625 0.311653190625 0.7873468984375 0.3705312796875 0.786354759375 0.3886371484375 0.8092612265625 0.3931833328125 0.8409159671875001 0.32259410312500003 0.8311047828125 0.3063833609375 0.8429561874999999 0.2911900578125
