82 0.4990234375 0.31005859375 0.51171875 0.29345703125 0.5126953125 0.26416015625 0.5087890625 0.22900390625 0.498046875 0.20361328125 0.49072265625 0.197265625 0.4736328125 0.19287109375 0.47265625 0.18408203125 0.4814453125 0.16845703125 0.48046875 0.15966796875 0.46484375 0.14794921875 0.42919921875 0.10546875 0.38037109375 0.0849609375 0.35791015625 0.083984375 0.32666015625 0.0908203125 0.28955078125 0.11328125 0.2626953125 0.14306640625 0.25390625 0.15869140625 0.24609375 0.17919921875 0.2412109375 0.20947265625 0.2392578125 0.23974609375 0.2431640625 0.31298828125 0.2373046875 0.34228515625 0.26513671875 0.35546875 0.30712890625 0.3642578125 0.32177734375 0.37109375 0.3828125 0.37548828125 0.39697265625 0.3740234375 0.41357421875 0.3662109375 0.42529296875 0.3515625 0.43505859375 0.345703125 0.45361328125 0.33984375 0.48974609375 0.3388671875 0.49609375 0.32958984375 0.4990234375 0.31005859375
82 0.26171875 0.42041015625 0.24462890625 0.4111328125 0.21728515625 0.3876953125 0.19287109375 0.37890625 0.17333984375 0.37890625 0.16162109375 0.3720703125 0.12841796875 0.373046875 0.09033203125 0.3935546875 0.076171875 0.41162109375 0.0634765625 0.43798828125 0.0537109375 0.47900390625 0.0517578125 0.56689453125 0.05615234375 0.572265625 0.14501953125 0.6083984375 0.1904296875 0.61083984375 0.22802734375 0.6025390625 0.24755859375 0.591796875 0.265625 0.57373046875 0.28125 0.53466796875 0.2802734375 0.52099609375 0.2861328125 0.49169921875 0.2822265625 0.46728515625 0.26171875 0.42041015625
82 0.6083984375 0.43896484375 0.6005859375 0.41552734375 0.57958984375 0.38671875 0.53662109375 0.365234375 0.52099609375 0.3525390625 0.45947265625 0.3408203125 0.42919921875 0.3505859375 0.41552734375 0.3701171875 0.39013671875 0.380859375 0.3779296875 0.39892578125 0.3681640625 0.43505859375 0.3681640625 0.45556640625 0.3740234375 0.47607421875 0.3671875 0.49072265625 0.3662109375 0.50634765625 0.3837890625 0.55419921875 0.40625 0.58251953125 0.4365234375 0.61083984375 0.458984375 0.64599609375 0.4638671875 0.64794921875 0.51220703125 0.609375 0.53759765625 0.6025390625 0.56787109375 0.5849609375 0.6025390625 0.54931640625 0.6201171875 0.52294921875 0.62890625 0.48681640625 0.6201171875 0.45166015625 0.6083984375 0.43896484375
82 0.52001953125 0.609375 0.48291015625 0.6328125 0.4599609375 0.66357421875 0.443359375 0.67919921875 0.4365234375 0.71240234375 0.453125 0.75439453125 0.47509765625 0.7783203125 0.51806640625 0.8046875 0.54150390625 0.8095703125 0.55810546875 0.8193359375 0.6005859375 0.82958984375 0.65234375 0.74072265625 0.658203125 0.71337890625 0.66015625 0.66259765625 0.65625 0.64697265625 0.63427734375 0.6123046875 0.59423828125 0.591796875 0.57373046875 0.5888671875 0.52001953125 0.609375
82 0.412109375 0.75146484375 0.400390625 0.72509765625 0.3818359375 0.69873046875 0.36962890625 0.6884765625 0.32373046875 0.6650390625 0.25537109375 0.6669921875 0.20458984375 0.689453125 0.193359375 0.69775390625 0.1943359375 0.71435546875 0.18798828125 0.7197265625 0.17236328125 0.7236328125 0.16015625 0.74853515625 0.1611328125 0.78955078125 0.19140625 0.85888671875 0.22705078125 0.8974609375 0.267578125 0.93017578125 0.29248046875 0.9130859375 0.34619140625 0.88671875 0.3701171875 0.86572265625 0.38671875 0.83935546875 0.3876953125 0.80810546875 0.4033203125 0.78955078125 0.4111328125 0.77099609375 0.412109375 0.75146484375
82 0.896484375 0.71923828125 0.87158203125 0.6923828125 0.84423828125 0.677734375 0.82470703125 0.6767578125 0.81201171875 0.681640625 0.79931640625 0.669921875 0.78369140625 0.6650390625 0.71630859375 0.6796875 0.705078125 0.68798828125 0.6875 0.71337890625 0.6650390625 0.73291015625 0.6513671875 0.76220703125 0.646484375 0.81298828125 0.6689453125 0.87841796875 0.68798828125 0.90234375 0.73388671875 0.935546875 0.75 0.95361328125 0.78173828125 0.9189453125 0.84033203125 0.892578125 0.86865234375 0.87109375 0.8955078125 0.84326171875 0.908203125 0.81201171875 0.9150390625 0.77294921875 0.9072265625 0.73779296875 0.896484375 0.71923828125
82 1 0.20361328125 0.98291015625 0.177734375 0.96142578125 0.162109375 0.93701171875 0.1513671875 0.90673828125 0.15234375 0.88818359375 0.1591796875 0.87744140625 0.158203125 0.84716796875 0.1708984375 0.83203125 0.18505859375 0.82666015625 0.197265625 0.794921875 0.21533203125 0.7939453125 0.22802734375 0.798828125 0.23486328125 0.798828125 0.24365234375 0.77880859375 0.2470703125 0.7607421875 0.27978515625 0.7587890625 0.33349609375 0.7705078125 0.36279296875 0.79150390625 0.3837890625 0.80908203125 0.3935546875 0.85986328125 0.41015625 0.900390625 0.41162109375 0.94482421875 0.4052734375 1 0.39111328125 1 0.20361328125
82 0.69580078125 0.07421875 0.72607421875 0.0927734375 0.74951171875 0.1181640625 0.7548828125 0.11962890625 0.830078125 0.07373046875 0.8349609375 0.04638671875 0.8330078125 0.01025390625 0.82861328125 82 0.6328125 0.00048828125 0.638671875 0.01904296875 0.64892578125 0.0302734375 0.69580078125 0.07421875
82 1 0.00048828125 0.83447265625 82 0.833984375 0.07666015625 0.89501953125 0.099609375 0.9345703125 0.10302734375 0.97509765625 0.099609375 1 0.08935546875 1 0.00048828125
82 0.68408203125 0.5244140625 0.64697265625 0.529296875 0.6318359375 0.54443359375 0.6279296875 0.56201171875 0.634765625 0.60107421875 0.6611328125 0.65283203125 0.66015625 0.71826171875 0.66796875 0.72216796875 0.6845703125 0.71044921875 0.7109375 0.67626953125 0.73828125 0.61669921875 0.7470703125 0.58740234375 0.7470703125 0.57080078125 0.7421875 0.55908203125 0.70458984375 0.529296875 0.68408203125 0.5244140625
82 0.359375 0.57861328125 0.3515625 0.60791015625 0.3515625 0.62841796875 0.359375 0.64501953125 0.38916015625 0.6845703125 0.4130859375 0.65576171875 0.41796875 0.68505859375 0.4169921875 0.70556640625 0.42236328125 0.712890625 0.4326171875 0.71630859375 0.4404296875 0.68212890625 0.455078125 0.66259765625 0.4541015625 0.63916015625 0.4345703125 0.61181640625 0.408203125 0.58935546875 0.39013671875 0.56640625 0.37939453125 0.5615234375 0.359375 0.57861328125
82 0.48583984375 0.052734375 0.478515625 0.05810546875 0.4658203125 0.07958984375 0.4384765625 0.10498046875 0.4619140625 0.13916015625 0.47216796875 0.1474609375 0.48291015625 0.150390625 0.52587890625 0.138671875 0.53759765625 0.138671875 0.56005859375 0.1455078125 0.59619140625 0.16796875 0.6064453125 0.16943359375 0.61376953125 0.166015625 0.6240234375 0.15283203125 0.6171875 0.12841796875 0.5830078125 0.07080078125 0.55322265625 0.041015625 0.53466796875 0.0400390625 0.51708984375 0.0478515625 0.48583984375 0.052734375
82 0.751953125 0.21826171875 0.7470703125 0.26416015625 0.7470703125 0.27490234375 0.7529296875 0.28564453125 0.7578125 0.28759765625 0.775390625 0.24951171875 0.78271484375 0.244140625 0.79443359375 0.2451171875 0.7978515625 0.24072265625 0.791015625 0.21826171875 0.76513671875 0.2080078125 0.75732421875 0.2099609375 0.751953125 0.21826171875
82 0.99658203125 0.201171875 0.998046875 0.18603515625 0.98388671875 0.1630859375 0.95849609375 0.1484375 0.92626953125 0.1396484375 0.91357421875 0.140625 0.90673828125 0.134765625 0.84716796875 0.1318359375 0.80615234375 0.150390625 0.7705078125 0.18212890625 0.76806640625 0.1953125 0.8017578125 0.21044921875 0.82763671875 0.1962890625 0.83203125 0.18408203125 0.84814453125 0.169921875 0.91357421875 0.1474609375 0.95361328125 0.1572265625 0.96142578125 0.166015625 0.994140625 0.18505859375 0.99658203125 0.201171875
82 0.8232421875 0.08544921875 0.8310546875 0.10400390625 0.84814453125 0.12109375 0.86279296875 0.1298828125 0.90478515625 0.1328125 0.91552734375 0.1279296875 0.93017578125 0.140625 0.9873046875 0.15869140625 1 0.15478515625 0.99951171875 0.0927734375 0.97607421875 0.1005859375 0.93408203125 0.1044921875 0.92529296875 0.1083984375 0.84521484375 0.08203125 0.82861328125 0.08203125 0.8232421875 0.08544921875
