82 0.703125 0.35576923125 0.6550480765625 0.3605769234375 0.62860576875 0.375 0.5769230765625 0.42668269218750005 0.552884615625 0.48197115312500005 0.5540865390625 0.4927884609375 0.587740384375 0.5 0.5985576921875 0.525240384375 0.591346153125 0.5612980765625 0.55048076875 0.609375 0.55048076875 0.6334134609375 0.59735576875 0.665865384375 0.658653846875 0.669471153125 0.703125 0.6490384609375 0.752403846875 0.606971153125 0.790865384375 0.5420673078125 0.8076923078125 0.474759615625 0.8052884609375001 0.431490384375 0.7644230765625 0.3834134609375 0.74639423125 0.3677884609375 0.703125 0.35576923125
82 0.4915865390625 0.653846153125 0.47235576874999996 0.65625 0.4447115390625 0.6358173078125 0.44230769218750005 0.59735576875 0.47235576874999996 0.5625 0.431490384375 0.5673076921875 0.3834134609375 0.6009615390625 0.3509615390625 0.638221153125 0.3197115390625 0.6983173078125 0.3076923078125 0.75360576875 0.3052884609375 0.8858173078125 0.290865384375 0.9266826921875 0.299278846875 0.9471153843750001 0.3197115390625 0.9459134609375001 0.40985576874999996 0.9447115390624999 0.45793269218750005 0.9230769234375 0.5048076921875 0.8737980765625 0.5264423078125 0.830528846875 0.55048076875 0.7175480765625 0.5480769234375 0.640625 0.518028846875 0.6322115390625 0.4915865390625 0.653846153125
82 0.51923076875 0.59735576875 0.5480769234375 0.606971153125 0.5769230765625 0.5829326921875 0.591346153125 0.556490384375 0.596153846875 0.513221153125 0.587740384375 0.502403846875 0.546875 0.5 0.5144230765625 0.537259615625 0.509615384375 0.5733173078125 0.51923076875 0.59735576875
82 0.48798076874999996 0.65264423125 0.5144230765625 0.62860576875 0.51923076875 0.599759615625 0.5012019234375 0.572115384375 0.4771634609375 0.5673076921875 0.447115384375 0.59014423125 0.44230769218750005 0.62139423125 0.462740384375 0.6514423078125 0.48798076874999996 0.65264423125
82 0.4375 0.4771634609375 0.44230769218750005 0.50360576875 0.46875 0.549278846875 0.48677884687499995 0.5625 0.5072115390625 0.5637019234375 0.51201923125 0.5396634609375 0.5456730765625 0.49639423125000004 0.572115384375 0.4290865390625 0.55048076875 0.381009615625 0.5228365390625 0.3581730765625 0.493990384375 0.3509615390625 0.4447115390625 0.3834134609375 0.4375 0.4771634609375
82 0.59014423125 0.334134615625 0.5108173078125 0.2884615390625 0.4387019234375 0.2884615390625 0.400240384375 0.2980769234375 0.3449519234375 0.29326923125 0.33173076875 0.306490384375 0.33173076875 0.3209134609375 0.3822115390625 0.45793269218750005 0.4074519234375 0.4927884609375 0.44230769218750005 0.513221153125 0.4375 0.41947115312500005 0.45072115312500005 0.372596153125 0.47956730781249995 0.353365384375 0.50360576875 0.3509615390625 0.53485576875 0.365384615625 0.575721153125 0.4206730765625 0.6201923078125 0.37139423125 0.59014423125 0.334134615625
82 0.658653846875 0.724759615625 0.66826923125 0.8978365390624999 0.685096153125 0.953125 0.71514423125 1 0.8533653843750001 0.9987980765625 0.8677884609375001 0.90985576875 0.86298076875 0.8233173078125 0.8125 0.68389423125 0.78125 0.6262019234375 0.7584134609375 0.60576923125 0.689903846875 0.662259615625 0.689903846875 0.68389423125 0.658653846875 0.724759615625
82 0.615384615625 0.888221153125 0.6394230765625 0.893028846875 0.6634615390625 0.8689903843750001 0.65625 0.724759615625 0.685096153125 0.674278846875 0.611778846875 0.6706730765625 0.56610576875 0.6514423078125 0.5625 0.7079326921875 0.5793269234375 0.8329326921875 0.615384615625 0.888221153125
82 0.41826923125000004 0.9483173078125 0.41826923125000004 0.9747596156249999 0.43269230781249995 0.981971153125 0.5108173078125 0.95673076875 0.591346153125 0.87860576875 0.57451923125 0.8233173078125 0.556490384375 0.6875 0.5384615390625 0.8016826921875 0.5168269234375 0.859375 0.4699519234375 0.91826923125 0.41826923125000004 0.9483173078125
82 1 0.44831730781249995 0.955528846875 0.427884615625 0.93389423125 0.427884615625 0.8509615390624999 0.549278846875 0.8485576921875 0.5853365390625 0.872596153125 0.618990384375 0.9074519234375 0.64423076875 1 0.6646634609375 1 0.44831730781249995
82 0.8485576921875 0.2103365390625 0.8581730765625 0.21274038437499998 0.799278846875 0.2427884609375 0.7644230765625 0.2728365390625 0.7259615390625 0.3449519234375 0.7259615390625 0.356971153125 0.7512019234375 0.3677884609375 0.810096153125 0.4290865390625 0.7956730765625 0.544471153125 0.8197115390624999 0.556490384375 0.8605769234375 0.5204326921875 0.9110576921875 0.453125 0.9423076921875 0.368990384375 0.94951923125 0.299278846875 0.9459134609375001 0.091346153125 0.8701923078125 0.1670673078125 0.8485576921875 0.1983173078125 0.8485576921875 0.2103365390625
82 0.631009615625 82 0.5985576921875 0.02764423125 0.572115384375 0.09975961562499999 0.564903846875 0.15985576875000002 0.57451923125 0.200721153125 0.59735576875 0.22836538437499998 0.609375 0.2235576921875 0.61298076875 0.231971153125 0.59375 0.330528846875 0.62139423125 0.365384615625 0.634615384375 0.3665865390625 0.669471153125 0.346153846875 0.71514423125 0.3509615390625 0.7644230765625 0.268028846875 0.814903846875 0.21995192343749997 0.8485576921875 0.138221153125 0.86298076875 0.0637019234375 0.859375 82 0.631009615625 0
82 0.506009615625 0.2860576921875 0.58173076875 0.3209134609375 0.6009615390625 0.2608173078125 0.5865384609375 0.22235576875000002 0.5637019234375 0.19951923124999998 0.52764423125 0.197115384375 0.48918269218750005 0.2115384609375 0.43269230781249995 0.27764423125 0.4362980765625 0.2884615390625 0.506009615625 0.2860576921875
82 0.37139423125 0.591346153125 0.38701923125 0.59014423125 0.46875 0.5540865390625 0.4519230765625 0.525240384375 0.396634615625 0.48197115312500005 0.3641826921875 0.4206730765625 0.3293269234375 0.47235576874999996 0.3269230765625 0.53485576875 0.349759615625 0.5769230765625 0.37139423125 0.591346153125
82 0.8665865390624999 0.783653846875 0.8798076921875 0.78485576875 0.877403846875 0.6983173078125 0.8581730765625 0.6262019234375 0.80889423125 0.564903846875 0.787259615625 0.564903846875 0.7644230765625 0.6045673078125 0.790865384375 0.638221153125 0.8485576921875 0.7584134609375 0.8665865390624999 0.783653846875
