82 0.49639423125000004 0.40144230781249995 0.46394230781249995 0.431490384375 0.427884615625 0.5228365390625 0.41105769218750005 0.640625 0.4230769234375 0.7103365390625 0.4615384609375 0.7728365390625 0.48798076874999996 0.859375 0.5072115390625 0.890625 0.502403846875 0.8521634609375001 0.51201923125 0.8137019234375 0.5576923078125 0.7271634609375 0.5625 0.68389423125 0.5769230765625 0.65264423125 0.5793269234375 0.5540865390625 0.5384615390625 0.42668269218750005 0.49639423125000004 0.40144230781249995
82 0.6045673078125 0.3197115390625 0.5396634609375 0.314903846875 0.53125 0.330528846875 0.53125 0.3954326921875 0.552884615625 0.4771634609375 0.5697115390625 0.506009615625 0.606971153125 0.5456730765625 0.712740384375 0.5985576921875 0.76201923125 0.6334134609375 0.7331730765625 0.43389423125000004 0.716346153125 0.3978365390625 0.69110576875 0.36298076875 0.6826923078125 0.3665865390625 0.6826923078125 0.3954326921875 0.674278846875 0.396634615625 0.6418269234375 0.34735576875 0.6045673078125 0.3197115390625
82 0.7860576921875 0.4699519234375 0.8293269234375 0.5084134609375 0.8581730765625 0.549278846875 0.8125 0.361778846875 0.74639423125 0.30048076875 0.681490384375 0.283653846875 0.6706730765625 0.30889423125 0.67548076875 0.3353365390625 0.705528846875 0.372596153125 0.771634615625 0.41947115312500005 0.7860576921875 0.4699519234375
82 0.568509615625 0.10576923125 0.513221153125 0.1322115390625 0.4927884609375 0.162259615625 0.48798076874999996 0.19110576875000002 0.502403846875 0.275240384375 0.5396634609375 0.3125 0.6141826921875 0.3197115390625 0.677884615625 0.390625 0.66826923125 0.3112980765625 0.6802884609375 0.268028846875 0.6802884609375 0.21995192343749997 0.6730769234375 0.1959134609375 0.6514423078125 0.171875 0.6394230765625 0.12860576875000002 0.6045673078125 0.10576923125 0.568509615625 0.10576923125
82 0.65625 0.1766826921875 0.6790865390625 0.19951923124999998 0.728365384375 0.21514423124999998 0.790865384375 0.21274038437499998 0.78125 0.15985576875000002 0.7295673078125 0.10336538437500001 0.7103365390625 0.09375 0.638221153125 0.091346153125 0.603365384375 0.09975961562499999 0.63701923125 0.1237980765625 0.65625 0.1766826921875
82 0.2884615390625 0.4362980765625 0.2740384609375 0.4771634609375 0.2764423078125 0.618990384375 0.2668269234375 0.693509615625 0.2956730765625 0.6237980765625 0.384615384375 0.5012019234375 0.44230769218750005 0.34014423125 0.44951923125000004 0.287259615625 0.443509615625 0.2644230765625 0.41947115312500005 0.271634615625 0.353365384375 0.34014423125 0.2884615390625 0.4362980765625
82 0.30048076875 0.3233173078125 0.3173076921875 0.3233173078125 0.330528846875 0.3197115390625 0.39423076875 0.24879807656250003 0.4302884609375 0.19110576875000002 0.4290865390625 0.165865384375 0.381009615625 0.17548076875000002 0.3293269234375 0.2271634609375 0.2956730765625 0.3016826921875 0.30048076875 0.3233173078125
82 0.26923076875 0.28485576875 0.3605769234375 0.1790865390625 0.396634615625 0.11899038437500001 0.3954326921875 0.10576923125 0.34735576875 0.11538461562499999 0.29326923125 0.1790865390625 0.2668269234375 0.24399038437499998 0.26201923125 0.27764423125 0.26923076875 0.28485576875
82 0.28125 0.143028846875 0.346153846875 0.042067307812499996 0.3449519234375 0.01923076875 0.2860576921875 0.0637019234375 0.2572115390625 0.11899038437500001 0.25 0.15264423124999998 0.2572115390625 0.162259615625 0.28125 0.143028846875
82 0.4387019234375 0.036057692187500004 0.447115384375 0.0204326921875 0.412259615625 0.0048076921875 0.381009615625 0.014423076562500001 0.3605769234375 0.044471153125 0.3605769234375 0.078125 0.3677884609375 0.080528846875 0.4387019234375 0.036057692187500004
82 0.5925480765625 0.0384615390625 0.5985576921875 0.0036057687499999997 0.4987980765625 82 0.490384615625 0.0396634609375 0.5168269234375 0.044471153125 0.5420673078125 0.036057692187500004 0.5925480765625 0.0384615390625
82 0.484375 0.11778846093749999 0.4927884609375 0.1358173078125 0.5168269234375 0.078125 0.513221153125 0.05048076875 0.48918269218750005 0.052884615625 0.4771634609375 0.07451923125 0.45072115312500005 0.0769230765625 0.4375 0.0925480765625 0.443509615625 0.10576923125 0.484375 0.11778846093749999
82 0.5540865390625 0.10096153906250001 0.572115384375 0.09975961562499999 0.5865384609375 0.09014423125 0.596153846875 0.06610576875 0.5985576921875 0.0012019234375 0.4987980765625 82 0.48798076874999996 0.042067307812499996 0.51923076875 0.049278846875 0.5228365390625 0.08173076875 0.5540865390625 0.10096153906250001
82 0.8641826921875 0.20432692343749997 0.8449519234375 0.20192307656250003 0.84375 0.24879807656250003 0.861778846875 0.271634615625 0.8798076921875 0.27764423125 0.88701923125 0.236778846875 0.8641826921875 0.20432692343749997
82 0.04326923125 0.325721153125 0.06971153906250001 0.3521634609375 0.09375 0.25360576875 0.09375 0.203125 0.0733173078125 0.177884615625 0.056490384375 0.1730769234375 0.040865384375 0.1790865390625 0.0168269234375 0.21514423124999998 0.014423076562500001 0.2704326921875 0.04326923125 0.325721153125
82 82 0.1790865390625 0.033653846875 0.19110576875000002 0.0456730765625 0.1550480765625 0.06971153906250001 0.12860576875000002 0.06850961562499999 0.091346153125 0.0396634609375 0.11538461562499999 82 0.11899038437500001 82 0.1790865390625
82 0.2259615390625 0.12860576875000002 0.2512019234375 0.125 0.259615384375 0.10456730781250001 0.231971153125 0.096153846875 0.200721153125 0.0673076921875 0.1550480765625 0.06971153906250001 0.1081730765625 0.0949519234375 0.1237980765625 0.1105769234375 0.2259615390625 0.12860576875000002
82 0.14423076875000002 0.181490384375 0.158653846875 0.1670673078125 0.15625 0.1358173078125 0.138221153125 0.12019230781250001 0.109375 0.125 0.09375 0.140625 0.096153846875 0.150240384375 0.11899038437500001 0.17548076875000002 0.14423076875000002 0.181490384375
82 0.021634615625 0.47235576874999996 0.0384615390625 0.4459134609375 0.0324519234375 0.4206730765625 0.007211539062499999 0.45072115312500005 0.021634615625 0.47235576874999996
82 0.1394230765625 0.493990384375 0.15625 0.474759615625 0.150240384375 0.4543269234375 0.1298076921875 0.4771634609375 0.1394230765625 0.493990384375
82 0.0769230765625 0.3978365390625 0.08413461562499999 0.4146634609375 0.1081730765625 0.41947115312500005 0.11298076875 0.400240384375 0.0829326921875 0.3894230765625 0.0769230765625 0.3978365390625
82 0.040865384375 0.4362980765625 0.044471153125 0.447115384375 0.052884615625 0.4459134609375 0.0673076921875 0.42668269218750005 0.0637019234375 0.41826923125000004 0.040865384375 0.4362980765625
82 0.8822115390624999 0.2079326921875 0.8822115390624999 0.22475961562500002 0.8966346156249999 0.2415865390625 0.9110576921875 0.2103365390625 0.8954326921875 0.1947115390625 0.8822115390624999 0.2079326921875
82 0.796875 0.1394230765625 0.8125 0.11658653906250001 0.787259615625 0.06971153906250001 0.763221153125 0.07211538437500001 0.75 0.08533653906250001 0.7572115390625 0.1237980765625 0.778846153125 0.1454326921875 0.796875 0.1394230765625
82 0.9831730765625 0.3449519234375 0.9903846156249999 0.4387019234375 1 0.421875 0.9987980765625 0.23076923124999998 0.9735576921875 0.256009615625 0.9783653843750001 0.2824519234375 0.95673076875 0.3137019234375 0.9615384609375001 0.3353365390625 0.9543269234375 0.349759615625 0.9831730765625 0.3449519234375
