82 0.603365384375 0.42668269218750005 0.5889423078125 0.3858173078125 0.5300480765625 0.3197115390625 0.5204326921875 0.3197115390625 0.506009615625 0.34375 0.4387019234375 0.3509615390625 0.415865384375 0.393028846875 0.40865384687499995 0.45552884687499995 0.44230769218750005 0.47235576874999996 0.42548076874999996 0.5396634609375 0.4302884609375 0.671875 0.4447115390625 0.72235576875 0.45673076874999996 0.734375 0.51201923125 0.6862980765625 0.51201923125 0.638221153125 0.5456730765625 0.549278846875 0.552884615625 0.484375 0.5709134609375 0.46875 0.6177884609375 0.4603365390625 0.6177884609375 0.44110576874999996 0.603365384375 0.42668269218750005
82 0.6574519234375 0.25 0.6045673078125 0.25 0.59375 0.2584134609375 0.5889423078125 0.3112980765625 0.59375 0.3762019234375 0.6081730765625 0.421875 0.700721153125 0.49759615312500005 0.716346153125 0.4987980765625 0.73076923125 0.381009615625 0.709134615625 0.30889423125 0.716346153125 0.2920673078125 0.73076923125 0.287259615625 0.6959134609375 0.252403846875 0.671875 0.252403846875 0.65985576875 0.2427884609375 0.6574519234375 0.25
82 0.310096153125 0.268028846875 0.3425480765625 0.29326923125 0.4375 0.3040865390625 0.48076923125000004 0.2704326921875 0.5072115390625 0.2079326921875 0.5048076921875 0.171875 0.474759615625 0.1418269234375 0.4387019234375 0.146634615625 0.396634615625 0.181490384375 0.3521634609375 0.23798076875000002 0.310096153125 0.268028846875
82 0.9615384609375001 0.02764423125 0.96875 0.006009615625 0.8545673078125 0.002403846875 0.8016826921875 0.0793269234375 0.775240384375 0.08413461562499999 0.75 0.10456730781250001 0.6947115390625 0.21514423124999998 0.6947115390625 0.236778846875 0.70673076875 0.2415865390625 0.794471153125 0.23076923124999998 0.861778846875 0.19951923124999998 0.90625 0.1478365390625 0.92548076875 0.109375 0.9483173078125 0.0985576921875 0.9759615390624999 0.0637019234375 0.9783653843750001 0.051682692187500004 0.9615384609375001 0.02764423125
82 0.5480769234375 0.1790865390625 0.580528846875 0.1634615390625 0.59375 0.138221153125 0.5865384609375 0.11418269218749999 0.5612980765625 0.096153846875 0.5048076921875 0.11899038437500001 0.5144230765625 0.1670673078125 0.5300480765625 0.1802884609375 0.5480769234375 0.1790865390625
82 0.5240384609375 0.10456730781250001 0.596153846875 0.08533653906250001 0.625 0.0228365390625 0.618990384375 82 0.4615384609375 0.0012019234375 0.47355769218750005 0.0396634609375 0.45673076874999996 0.06610576875 0.4987980765625 0.10336538437500001 0.5240384609375 0.10456730781250001
82 0.7584134609375 0.38701923125 0.7704326921875 0.375 0.8028846156249999 0.431490384375 0.810096153125 0.4290865390625 0.814903846875 0.2920673078125 0.8509615390624999 0.275240384375 0.8064903843750001 0.21875 0.736778846875 0.21875 0.734375 0.2259615390625 0.71514423125 0.21875 0.7115384609375 0.21274038437499998 0.7259615390625 0.2079326921875 0.7139423078125 0.1983173078125 0.721153846875 0.19110576875000002 0.671875 0.13701923124999998 0.6358173078125 0.1298076921875 0.6201923078125 0.138221153125 0.6105769234375 0.169471153125 0.6201923078125 0.2103365390625 0.6177884609375 0.2391826921875 0.603365384375 0.265625 0.603365384375 0.3762019234375 0.634615384375 0.44110576874999996 0.7043269234375 0.48918269218750005 0.7043269234375 0.46514423125000004 0.71875 0.46514423125000004 0.721153846875 0.43389423125000004 0.7355769234375 0.41947115312500005 0.7391826921875 0.377403846875 0.756009615625 0.377403846875 0.75 0.381009615625 0.7584134609375 0.38701923125
82 0.23317307656250003 0.265625 0.24038461562500002 0.1574519234375 0.22475961562500002 0.1394230765625 0.2115384609375 0.138221153125 0.205528846875 0.11538461562499999 0.174278846875 0.1081730765625 0.138221153125 0.0769230765625 0.096153846875 0.09975961562499999 0.10336538437500001 0.10697115312500001 0.08653846093749999 0.11418269218749999 0.10096153906250001 0.11899038437500001 0.091346153125 0.12139423125 0.09375 0.1358173078125 0.064903846875 0.1790865390625 0.0889423078125 0.24879807656250003 0.08173076875 0.256009615625 0.0889423078125 0.2584134609375 0.08173076875 0.287259615625 0.091346153125 0.3545673078125 0.08653846093749999 0.400240384375 0.082013575 0.5189479640625 0.11778846093749999 0.40985576874999996 0.1334134609375 0.396634615625 0.1478365390625 0.40144230781249995 0.1555429859375 0.31674208125000003 0.20927601875000001 0.3139140265625 0.2276583703125 0.326640271875 0.2427884609375 0.287259615625 0.23317307656250003 0.265625
82 0.26923076875 0.162259615625 0.283653846875 0.21274038437499998 0.278846153125 0.22475961562500002 0.290865384375 0.24639423124999998 0.283653846875 0.256009615625 0.2980769234375 0.2608173078125 0.3125 0.2512019234375 0.30048076875 0.24639423124999998 0.33173076875 0.22475961562500002 0.346153846875 0.15985576875000002 0.328125 0.13701923124999998 0.299278846875 0.134615384375 0.28485576875 0.12259615312500001 0.26923076875 0.162259615625
82 0.375 0.1983173078125 0.41105769218750005 0.15985576875000002 0.41105769218750005 0.09735576875 0.3990384609375 0.042067307812499996 0.3665865390625 0.021634615625 0.3485576921875 0.03485576875 0.3509615390625 0.080528846875 0.3293269234375 0.1262019234375 0.375 0.1983173078125
82 0.42548076874999996 0.609375 0.427884615625 0.484375 0.3954326921875 0.447115384375 0.349759615625 0.46875 0.294471153125 0.4759615390625 0.271634615625 0.506009615625 0.278846153125 0.6358173078125 0.2920673078125 0.6610576921875 0.3040865390625 0.6634615390625 0.310096153125 0.6550480765625 0.310096153125 0.6790865390625 0.29326923125 0.700721153125 0.26923076875 0.7920673078125 0.2668269234375 0.8112980765625 0.2764423078125 0.81610576875 0.3665865390625 0.7139423078125 0.3822115390625 0.7175480765625 0.3894230765625 0.763221153125 0.40264423125000004 0.778846153125 0.421875 0.7884615390625 0.43990384687499995 0.765625 0.44230769218750005 0.7103365390625 0.42548076874999996 0.609375
82 0.236778846875 0.40384615312500005 0.22235576875000002 0.427884615625 0.165865384375 0.443509615625 0.158653846875 0.493990384375 0.185096153125 0.49639423125000004 0.1875 0.5612980765625 0.1923076921875 0.575721153125 0.20192307656250003 0.575721153125 0.2548076921875 0.515625 0.26201923125 0.48918269218750005 0.2572115390625 0.43389423125000004 0.263221153125 0.42548076874999996 0.268028846875 0.43509615312500005 0.2764423078125 0.4290865390625 0.256009615625 0.40384615312500005 0.236778846875 0.40384615312500005
82 1 0.724759615625 0.9783653843750001 0.7175480765625 0.9987980765625 0.7139423078125 0.9939903843750001 0.70673076875 0.9266826921875 0.75 0.921875 0.73798076875 0.9146634609375001 0.752403846875 0.890625 0.752403846875 0.89423076875 0.763221153125 0.877403846875 0.7704326921875 0.8846153843750001 0.7800480765625 0.861778846875 0.810096153125 0.7896634609375 0.872596153125 0.7728365390625 0.8822115390624999 0.7512019234375 0.875 0.7451923078125 0.8834134609375001 0.763221153125 0.91826923125 0.7764423078125 0.9122596156249999 0.76201923125 0.921875 0.778846153125 0.9266826921875 0.7800480765625 0.9471153843750001 0.790865384375 0.9387019234375 0.78485576875 0.92548076875 0.8209134609375001 0.9447115390624999 0.8221153843750001 0.9314903843750001 0.83173076875 0.9290865390624999 0.8293269234375 0.9122596156249999 0.84014423125 0.903846153125 0.859375 0.935096153125 0.8641826921875 0.9302884609375001 0.87139423125 0.9423076921875 0.935096153125 0.9747596156249999 0.9375 0.9435096156249999 0.9459134609375001 0.935096153125 0.9591346156249999 0.9579326921875 0.94951923125 0.9627403843750001 0.9615384609375001 0.9627403843750001 1 0.87860576875 1 0.724759615625
82 1 0.703125 0.9927884609375001 0.6959134609375 1 0.6887019234375 0.9987980765625 0.3990384609375 0.9783653843750001 0.43389423125000004 0.95673076875 0.44110576874999996 0.9639423078125 0.44831730781249995 0.9591346156249999 0.46514423125000004 0.950721153125 0.47115384687499995 0.95673076875 0.45552884687499995 0.9314903843750001 0.4519230765625 0.90625 0.4915865390625 0.8894230765625 0.578125 0.8798076921875 0.5853365390625 0.8822115390624999 0.599759615625 0.8605769234375 0.640625 0.8653846156249999 0.6454326921875 0.8581730765625 0.6478365390625 0.8076923078125 0.8112980765625 0.8365384609375001 0.825721153125 0.888221153125 0.783653846875 0.8954326921875 0.790865384375 0.9290865390624999 0.783653846875 0.9435096156249999 0.76923076875 0.9771634609375001 0.759615384375 0.9951923078125 0.768028846875 0.9855769234375 0.7391826921875 1 0.703125
82 0.8737980765625 0.4375 0.84735576875 0.4447115390625 0.8269230765625 0.474759615625 0.8269230765625 0.48918269218750005 0.8125 0.48918269218750005 0.84375 0.49639423125000004 0.8329326921875 0.502403846875 0.7860576921875 0.49639423125000004 0.8064903843750001 0.48798076874999996 0.747596153125 0.484375 0.756009615625 0.51201923125 0.7668269234375 0.5108173078125 0.7644230765625 0.4915865390625 0.771634615625 0.49639423125000004 0.7860576921875 0.546875 0.7704326921875 0.5480769234375 0.7584134609375 0.5264423078125 0.756009615625 0.5360576921875 0.73798076875 0.5324519234375 0.7355769234375 0.68389423125 0.71875 0.7584134609375 0.7451923078125 0.7584134609375 0.8377403843750001 0.721153846875 0.8509615390624999 0.693509615625 0.8581730765625 0.69110576875 0.859375 0.70673076875 0.8605769234375 0.69110576875 0.872596153125 0.6862980765625 0.8805917781250001 0.651117325 0.8701923078125 0.643028846875 0.921875 0.44230769218750005 0.8737980765625 0.4375
82 0.6706730765625 0.6165865390625 0.6610576921875 0.580528846875 0.6454326921875 0.564903846875 0.6081730765625 0.587740384375 0.6009615390625 0.611778846875 0.591346153125 0.6141826921875 0.5889423078125 0.643028846875 0.5769230765625 0.6478365390625 0.5769230765625 0.6887019234375 0.584134615625 0.69110576875 0.5697115390625 0.7175480765625 0.58173076875 0.74639423125 0.5769230765625 0.7584134609375 0.5829326921875 0.752403846875 0.5925480765625 0.76201923125 0.5985576921875 0.75360576875 0.6105769234375 0.8016826921875 0.6141826921875 0.790865384375 0.6358173078125 0.790865384375 0.6670673078125 0.7548076921875 0.6826923078125 0.7512019234375 0.685096153125 0.7079326921875 0.6947115390625 0.6983173078125 0.6947115390625 0.640625 0.6706730765625 0.6165865390625
82 0.6983173078125 0.5480769234375 0.7079326921875 0.5697115390625 0.71514423125 0.564903846875 0.731971153125 0.5793269234375 0.740384615625 0.5540865390625 0.73076923125 0.5108173078125 0.7355769234375 0.493990384375 0.747596153125 0.4915865390625 0.731971153125 0.48798076874999996 0.7271634609375 0.5 0.7079326921875 0.5048076921875 0.6790865390625 0.47355769218750005 0.6262019234375 0.44230769218750005 0.6141826921875 0.46634615312500005 0.575721153125 0.46875 0.5637019234375 0.4615384609375 0.55048076875 0.474759615625 0.54326923125 0.549278846875 0.525240384375 0.5697115390625 0.53125 0.537259615625 0.513221153125 0.533653846875 0.5240384609375 0.525240384375 0.5 0.513221153125 0.53125 0.5108173078125 0.49639423125000004 0.5 0.5048076921875 0.4915865390625 0.4915865390625 0.4831730765625 0.48076923125000004 0.6165865390625 0.49759615312500005 0.62860576875 0.490384615625 0.640625 0.4987980765625 0.6514423078125 0.502403846875 0.599759615625 0.51201923125 0.6045673078125 0.509615384375 0.6646634609375 0.51201923125 0.6790865390625 0.5240384609375 0.681490384375 0.556490384375 0.64423076875 0.609375 0.63701923125 0.622596153125 0.6237980765625 0.62139423125 0.6105769234375 0.671875 0.6177884609375 0.67548076875 0.59735576875 0.689903846875 0.5925480765625 0.6983173078125 0.5480769234375
