249 0.071875 0.315625 0.1375 0.325
249 0.1125 0.66875 0.1546875 0.346875
249 0.215625 0.3171875 0.1375 0.325
249 0.359375 0.31875 0.1453125 0.3203125
249 0.2640625 0.66875 0.1515625 0.346875
249 0.428125 0.6671875 0.1515625 0.34375
249 0.58125 0.66875 0.15 0.346875
249 0.5015625 0.31875 0.1375 0.321875
249 0.734375 0.6703125 0.1546875 0.3421875
249 0.890625 0.66875 0.159375 0.346875
249 0.928125 0.31875 0.1375 0.321875
249 0.7828125 0.31875 0.1421875 0.3171875
249 0.640625 0.31875 0.134375 0.321875
