249 0.0953125 0.296875 0.1671875 0.334375
249 0.14375 0.6515625 0.1859375 0.359375
249 0.240625 0.296875 0.1671875 0.334375
249 0.384375 0.296875 0.175 0.3328125
249 0.296875 0.646875 0.184375 0.359375
249 0.4625 0.6453125 0.184375 0.35625
249 0.615625 0.64375 0.18125 0.359375
249 0.5265625 0.296875 0.1671875 0.3328125
249 0.76875 0.64375 0.1859375 0.3546875
249 0.9140625 0.640625 0.171875 0.359375
249 0.934375 0.290625 0.13125 0.3328125
249 0.809375 0.2921875 0.171875 0.3296875
249 0.665625 0.29375 0.1640625 0.3328125