249 0.065625 0.403125 0.1296875 0.346875
249 0.1171875 0.74375 0.234375 0.3734375
249 0.16875 0.3796875 0.2109375 0.3484375
249 0.3109375 0.3578125 0.21875 0.3453125
249 0.26875 0.7171875 0.23125 0.3734375
249 0.43125 0.6890625 0.23125 0.3703125
249 0.58125 0.6625 0.2296875 0.3734375
249 0.453125 0.334375 0.2109375 0.346875
249 0.734375 0.640625 0.2328125 0.36875
249 0.875 0.6109375 0.2125 0.375
249 0.875 0.2625 0.2109375 0.346875
249 0.73125 0.284375 0.215625 0.34375
249 0.590625 0.309375 0.209375 0.346875
