119 0.6265625 0.3171875 0.225 0.1875
119 0.63125 0.475 0.2109375 0.1546875
119 0.1328125 0.240625 0.1390625 0.1640625
119 0.6515625 0.2015625 0.1890625 0.1265625
119 0.109375 0.4296875 0.2171875 0.2140625
119 0.2703125 0.315625 0.2015625 0.209375
119 0.434375 0.421875 0.1921875 0.2078125
119 0.4578125 0.225 0.221875 0.1984375
119 0.103125 0.6390625 0.2046875 0.2078125
119 0.30625 0.6453125 0.2640625 0.175
119 0.1 0.8015625 0.2 0.14375
119 0.5296875 0.80625 0.2359375 0.1359375
119 0.5140625 0.6765625 0.1734375 0.1671875
119 0.859375 0.603125 0.1671875 0.1484375
119 0.7046875 0.5609375 0.196875 0.15625
119 0.659375 0.715625 0.1328125 0.18125
119 0.80625 0.775 0.2234375 0.1984375
