246 0.4171875 0.609375 0.1875 0.165625
246 0.53125 0.2765625 0.1453125 0.1875
246 0.4890625 0.671875 0.1453125 0.1875
246 0.6359375 0.265625 0.1453125 0.2078125
246 0.5890625 0.6984375 0.15625 0.196875
246 0.75 0.3171875 0.2078125 0.2390625
246 0.703125 0.703125 0.1875 0.21875
246 0.8125 0.3796875 0.21875 0.2078125
246 0.796875 0.6765625 0.259375 0.196875
246 0.8640625 0.4796875 0.2703125 0.1765625
246 0.8328125 0.5984375 0.259375 0.15625
246 0.4015625 0.4015625 0.21875 0.134375
246 0.375 0.5109375 0.2078125 0.1453125
246 0.4375 0.3171875 0.1875 0.15625
