2 0.5953125 0.18515625 0.015625 0.078125
2 0.85625 0.2421875 0.0203125 0.078125
2 0.91015625 0.34453125 0.0296875 0.1140625
2 0.43125 0.15625 0.0125 0.0828125
2 0.72109375 0.16015625 0.0109375 0.053125
2 0.7546875 0.28125 0.028125 0.109375
2 0.8625 0.3515625 0.034375 0.1171875
2 0.68125 0.16875 0.0171875 0.0609375
2 0.95234375 0.27109375 0.0234375 0.08125
2 0.4890625 0.09140625 0.009375 0.040625
308 1 0.198021325 0.3370251453125 0.0909010765625 0.33647005937499996 0.09238155 0.069000915625 0.9410965750000001 1 0.91751165 1 0.198021325