2 0.9609375 0.3140625 0.028125 0.0953125
2 0.56796875 0.109375 0.009375 0.0359375
2 0.446875 0.15390625 0.0125 0.075
2 0.68046875 0.1515625 0.0125 0.0453125
2 0.8890625 0.2609375 0.025 0.0921875
2 0.9125 0.209375 0.0140625 0.0578125
2 0.77265625 0.19296875 0.0125 0.0609375
2 0.78359375 0.1640625 0.0109375 0.0453125
2 0.86484375 0.2546875 0.01875 0.08125
2 0.6984375 0.1546875 0.0109375 0.0484375
2 0.84453125 0.259375 0.0171875 0.0796875
2 0.9390625 0.20546875 0.01875 0.0546875
2 0.84140625 0.23359375 0.0203125 0.071875
2 0.8515625 0.25234375 0.0125 0.0828125
2 0.8984375 0.20625 0.0140625 0.0578125
308 1 0.20076877187500003 0.3296453359375 0.0967530671875 0.062448589062500004 0.9524263859375001 1 0.9183164078124999 1 0.20076877187500003