2 0.53046875 0.1546875 0.0140625 0.0703125
2 0.84765625 0.18125 0.0203125 0.0546875
2 0.92734375 0.225 0.0140625 0.0546875
2 0.68203125 0.12421875 0.0109375 0.0328125
2 0.903125 0.1640625 0.0125 0.0328125
2 0.87890625 0.2140625 0.0140625 0.05625
2 0.76328125 0.15703125 0.0171875 0.04375
2 0.8296875 0.15703125 0.009375 0.0375
2 0.7765625 0.1453125 0.0109375 0.0390625
2 0.8375 0.16796875 0.0140625 0.0375
308 1 0.190285815625 0.332752609375 0.10069738749999999 0.0818346609375 0.9392450765625 1 0.8621990281249999 1 0.190285815625
