2 0.40546875 0.1390625 0.0203125 0.0734375
2 0.56796875 0.10234375 0.009375 0.040625
2 0.95703125 0.21171875 0.015625 0.05625
2 0.9015625 0.19375 0.0234375 0.0484375
2 0.76171875 0.20546875 0.01875 0.0671875
2 0.7546875 0.16875 0.0203125 0.0484375
2 0.7 0.1515625 0.0171875 0.0515625
2 0.68125 0.1515625 0.0125 0.053125
2 0.865625 0.19609375 0.015625 0.05625
2 0.73671875 0.196875 0.015625 0.065625
2 0.96640625 0.23671875 0.028125 0.0609375
2 0.87890625 0.18671875 0.0234375 0.04375
2 0.79140625 0.17421875 0.015625 0.0515625
2 0.78984375 0.1609375 0.015625 0.0453125
308 1 0.1979930890625 0.3366697828125 0.0921244140625 0.06980917187499999 0.9403334125 1 0.91725625625 1 0.1979930890625