2 0.4578125 0.1546875 0.0140625 0.078125
2 0.87265625 0.29609375 0.0296875 0.09375
2 0.7453125 0.19296875 0.0203125 0.0640625
2 0.6953125 0.16796875 0.0171875 0.05625
2 0.87265625 0.20859375 0.0140625 0.05625
2 0.91484375 0.31328125 0.028125 0.1015625
2 0.85859375 0.2703125 0.0234375 0.0921875
2 0.67734375 0.15703125 0.0109375 0.05
2 0.83515625 0.1921875 0.01875 0.046875
2 0.88671875 0.20234375 0.0171875 0.05625
2 0.5515625 0.10546875 0.0109375 0.040625
2 0.83359375 0.2484375 0.0109375 0.078125
2 0.821875 0.2515625 0.01875 0.0921875
2 0.82265625 0.2546875 0.01875 0.0859375
308 1 0.19982234999999998 0.32946370156250004 0.09778162812499999 0.062973378125 0.9522617609375 1 0.917656646875 1 0.19982234999999998