2 0.50703125 0.0734375 0.0125 0.0421875
2 0.91796875 0.16875 0.0109375 0.0453125
2 0.53515625 0.165625 0.0203125 0.0984375
2 0.77109375 0.21171875 0.025 0.0921875
2 0.90859375 0.18203125 0.015625 0.0609375
2 0.828125 0.1609375 0.0140625 0.053125
2 0.75625 0.1515625 0.01875 0.0640625
2 0.95859375 0.17421875 0.0125 0.05
2 0.653125 0.10859375 0.0125 0.0390625
2 0.9875 0.259375 0.025 0.09375
2 0.58984375 0.09921875 0.0140625 0.040625
2 0.97890625 0.165625 0.0109375 0.040625
2 0.76796875 0.17109375 0.0171875 0.05625
286 0.58515625 0.10546875 0.0046875 0.0109375
2 0.96796875 0.16328125 0.0125 0.0453125
308 1 0.16643708125 0.2524178328125 0.06131892343749999 0.054917840625000006 0.9572484828125001 1 0.8234255578124999 1 0.16643708125