308 1 0.17062137500000002 0.252293471875 0.0635096734375 0.055495565625 0.958665221875 1 0.82249655625 1 0.17062137500000002
2 0.98984375 0.20625 0.0203125 0.053125
2 0.9546875 0.175 0.0171875 0.040625
2 0.9703125 0.159375 0.0109375 0.0359375
2 0.88984375 0.15703125 0.015625 0.040625
2 0.88046875 0.1453125 0.0171875 0.04375
2 0.86015625 0.19921875 0.021875 0.06875
2 0.85 0.17578125 0.021875 0.05625
2 0.85703125 0.13359375 0.0125 0.0328125
2 0.678125 0.16484375 0.0265625 0.06875
2 0.69765625 0.12734375 0.015625 0.053125
2 0.71015625 0.13359375 0.015625 0.046875
2 0.7484375 0.12265625 0.009375 0.0375
2 0.3953125 0.11953125 0.015625 0.075
2 0.5203125 0.07734375 0.0078125 0.0390625
