2 0.909375 0.215625 0.021875 0.05625
2 0.8359375 0.17734375 0.0109375 0.0296875
2 0.9375 0.19453125 0.0109375 0.0453125
2 0.81484375 0.15625 0.0140625 0.040625
2 0.95234375 0.18203125 0.0109375 0.0375
2 0.85390625 0.16875 0.0078125 0.0390625
2 0.9015625 0.165625 0.009375 0.0359375
2 0.91640625 0.178125 0.0109375 0.0390625
2 0.84140625 0.159375 0.0109375 0.0328125
2 0.86015625 0.16796875 0.009375 0.0390625
308 1 0.2017188265625 0.3299989578125 0.0952213078125 0.06370254843749999 0.9527523375 1 0.9175521281250001 1 0.2017188265625
