2 0.8984375 0.159375 0.0125 0.0421875
2 0.49609375 0.12421875 0.0125 0.078125
2 0.7140625 0.1515625 0.015625 0.0609375
2 0.9703125 0.19140625 0.015625 0.0546875
2 0.5578125 0.078125 0.009375 0.040625
2 0.69296875 0.11171875 0.0125 0.0390625
2 0.840625 0.140625 0.0125 0.0421875
2 0.87734375 0.16640625 0.0125 0.053125
2 0.8515625 0.1640625 0.0109375 0.05
2 0.7015625 0.14609375 0.0171875 0.065625
2 0.6765625 0.12734375 0.015625 0.0640625
2 0.9953125 0.178125 0.009375 0.0484375
2 0.96328125 0.15390625 0.0109375 0.0375
308 1 0.1660366890625 0.2524522375 0.0581065578125 0.05489041875 0.953254503125 1 0.82071644375 1 0.1660366890625