2 0.84609375 0.1578125 0.0125 0.0515625
2 0.5640625 0.12421875 0.0125 0.0671875
2 0.9578125 0.16484375 0.0109375 0.0453125
2 0.93359375 0.14609375 0.0125 0.0328125
2 0.89140625 0.14453125 0.009375 0.0375
2 0.76328125 0.1203125 0.009375 0.0390625
2 0.82890625 0.1296875 0.0109375 0.040625
2 0.67109375 0.0984375 0.0125 0.040625
2 0.70078125 0.1109375 0.0109375 0.046875
2 0.74921875 0.12109375 0.009375 0.0390625
2 0.96796875 0.15 0.0109375 0.025
308 1 0.1658836078125 0.2529541984375 0.0639285671875 0.056419715625 0.9561729531250001 1 0.8233558453125 1 0.1658836078125