2 0.759375 0.24765625 0.0296875 0.084375
2 0.9734375 0.21796875 0.01875 0.053125
2 0.69765625 0.16953125 0.01875 0.059375
2 0.67109375 0.18984375 0.015625 0.0640625
2 0.7875 0.19609375 0.0171875 0.0609375
2 0.53046875 0.09921875 0.0078125 0.0390625
2 0.625 0.16484375 0.0109375 0.0671875
2 0.81015625 0.1515625 0.0109375 0.0375
2 0.81484375 0.16875 0.015625 0.046875
286 0.63125 0.15546875 0.0046875 0.0125
2 0.675 0.14609375 0.009375 0.040625
2 0.7875 0.14765625 0.0125 0.0375
308 1 0.2032701796875 0.335158778125 0.0984745859375 0.0731588953125 0.9518101390625 1 0.8935903640625 1 0.2032701796875
