2 0.9546875 0.215625 0.0171875 0.0484375
2 0.73203125 0.1640625 0.0171875 0.059375
2 0.66953125 0.11875 0.0109375 0.046875
2 0.8828125 0.14921875 0.0140625 0.0421875
2 0.2625 0.109375 0.01875 0.084375
2 0.90234375 0.1515625 0.0125 0.0390625
2 0.46484375 0.06796875 0.0109375 0.0421875
2 0.83828125 0.296875 0.03125 0.121875
2 0.97421875 0.1953125 0.015625 0.05625
2 0.7515625 0.17265625 0.0125 0.0765625
2 0.75 0.13125 0.0109375 0.04375
308 1 0.165354303125 0.25300189375 0.06430374062500001 0.055925603125 0.9550317609375 1 0.8226567453125 1 0.165354303125