2 0.740625 0.1953125 0.0203125 0.0703125
2 0.90546875 0.18984375 0.0140625 0.046875
2 0.8734375 0.23125 0.0234375 0.0765625
2 0.82734375 0.25546875 0.0234375 0.0828125
2 0.9328125 0.2 0.01875 0.0515625
2 0.790625 0.228125 0.0171875 0.071875
2 0.7109375 0.17578125 0.0140625 0.065625
2 0.56015625 0.10234375 0.0109375 0.0421875
2 0.69375 0.17265625 0.0125 0.0609375
2 0.7609375 0.1890625 0.0125 0.0640625
2 0.4765625 0.15 0.025 0.075
2 0.834375 0.2140625 0.0171875 0.065625
2 0.69609375 0.13984375 0.0109375 0.0203125
308 1 0.19743457656250002 0.336207628125 0.0926909421875 0.3355924375 0.0946207875 0.0691758875 0.9423341171875 1 0.92327995625 1 0.19743457656250002
