2 0.8390625 0.23203125 0.01875 0.075
2 0.55546875 0.178125 0.015625 0.0703125
2 0.71875 0.1765625 0.0125 0.0609375
2 0.40546875 0.08125 0.009375 0.040625
2 0.70703125 0.2046875 0.015625 0.071875
2 0.4765625 0.1328125 0.025 0.06875
2 0.62265625 0.15078125 0.0109375 0.0609375
2 0.51171875 0.14375 0.0171875 0.0671875
2 0.99296875 0.2453125 0.0140625 0.0640625
2 0.88359375 0.2 0.0125 0.05625
2 0.4921875 0.159375 0.015625 0.0671875
2 0.5890625 0.14453125 0.0109375 0.05625
2 0.665625 0.1734375 0.0125 0.0671875
2 0.35625 0.11796875 0.015625 0.0296875
2 0.32578125 0.12421875 0.0203125 0.0703125
2 0.65078125 0.16640625 0.0125 0.0609375
2 0.37109375 0.1234375 0.015625 0.028125
308 1 0.199586096875 0.33647670937499996 0.0946849828125 0.0685403546875 0.9452181390625001 1 0.922691490625 1 0.199586096875