2 0.98046875 0.2375 0.0234375 0.0578125
2 0.64609375 0.115625 0.0109375 0.0375
2 0.64296875 0.171875 0.015625 0.0703125
2 0.9171875 0.18828125 0.009375 0.0453125
2 0.80546875 0.18046875 0.01875 0.0453125
2 0.7625 0.1625 0.015625 0.04375
2 0.70625 0.1390625 0.015625 0.0375
2 0.9625 0.20625 0.0125 0.0484375
2 0.8734375 0.2046875 0.015625 0.0625
286 0.76953125 0.17578125 0.0046875 0.009375
308 1 0.198566640625 0.33690580937500003 0.09260979375 0.06847705 0.9460352734375 1 0.9204998796874999 1 0.198566640625