2 0.98359375 0.24375 0.021875 0.0703125
2 0.59609375 0.18671875 0.0125 0.0796875
2 0.46953125 0.08828125 0.009375 0.040625
2 0.909375 0.33125 0.0296875 0.10625
2 0.85546875 0.28359375 0.01875 0.0953125
2 0.4171875 0.15234375 0.0265625 0.0859375
2 0.884375 0.28984375 0.0234375 0.103125
2 0.60390625 0.15625 0.015625 0.0640625
2 0.62578125 0.15078125 0.0125 0.059375
2 0.9890625 0.20078125 0.0140625 0.046875
2 0.70078125 0.29140625 0.025 0.11875
2 0.8140625 0.3703125 0.03125 0.1296875
2 0.83671875 0.384375 0.0359375 0.125
308 1 0.20005143906249997 0.3365026015625 0.091683075 0.06789679531250001 0.9419239968750001 1 0.9203651875000001 1 0.20005143906249997
