2 0.41796875 0.11953125 0.0203125 0.0734375
2 0.884375 0.14765625 0.015625 0.04375
2 0.8171875 0.1640625 0.0171875 0.065625
2 0.80703125 0.12734375 0.0109375 0.0390625
2 0.89609375 0.1546875 0.01875 0.040625
2 0.6125 0.08515625 0.0109375 0.0375
2 0.77265625 0.1375 0.015625 0.040625
2 0.9875 0.18203125 0.015625 0.046875
2 0.75 0.13125 0.0171875 0.04375
286 0.7859375 0.15234375 0.00625 0.0109375
308 1 0.1633582 0.25224035625 0.06269096874999999 0.0549299484375 0.9548316921875 1 0.8204077859375 1 0.1633582