2 0.53359375 0.16015625 0.0203125 0.0734375
2 0.9859375 0.26171875 0.021875 0.0734375
2 0.959375 0.23515625 0.01875 0.0640625
2 0.909375 0.22109375 0.0203125 0.065625
2 0.8640625 0.2140625 0.0203125 0.06875
2 0.7640625 0.15078125 0.0125 0.040625
2 0.93671875 0.2328125 0.0171875 0.059375
2 0.9953125 0.196875 0.009375 0.04375
2 0.675 0.11953125 0.0078125 0.0375
286 0.915625 0.23046875 0.00625 0.009375
308 1 0.1989433015625 0.3362618609375 0.0934328734375 0.069552546875 0.9425701421875001 1 0.9189226843749999 1 0.1989433015625
