2 0.45625 0.06796875 0.0109375 0.04375
2 0.909375 0.15390625 0.0125 0.04375
2 0.98671875 0.20234375 0.01875 0.0546875
2 0.771875 0.1296875 0.0140625 0.0421875
2 0.9359375 0.184375 0.0203125 0.0578125
2 0.615625 0.17421875 0.0328125 0.08125
2 0.77734375 0.15546875 0.01875 0.0609375
2 0.73828125 0.2109375 0.0296875 0.0890625
2 0.7453125 0.175 0.015625 0.0625
2 0.984375 0.159375 0.0125 0.0375
286 0.63125 0.18125 0.009375 0.015625
2 0.7875 0.1375 0.0109375 0.05
2 0.99609375 0.16796875 0.0078125 0.04375
308 1 0.16368571875 0.252069684375 0.063023378125 0.055858328125 0.9565952265625001 1 0.821929896875 1 0.16368571875