2 0.8734375 0.19609375 0.01875 0.06875
2 0.5453125 0.078125 0.009375 0.040625
2 0.403125 0.11953125 0.0125 0.078125
2 0.92109375 0.1765625 0.0203125 0.0515625
2 0.9015625 0.20078125 0.0234375 0.065625
2 0.97734375 0.178125 0.0171875 0.0484375
2 0.93828125 0.18828125 0.021875 0.05
2 0.96953125 0.1625 0.0125 0.040625
2 0.82890625 0.1671875 0.0171875 0.0515625
2 0.76015625 0.14296875 0.0109375 0.05
2 0.67734375 0.14140625 0.0125 0.0625
2 0.9515625 0.15859375 0.0125 0.0390625
2 0.871875 0.1515625 0.0125 0.040625
2 0.6734375 0.1171875 0.0109375 0.0421875
2 0.753125 0.14140625 0.0125 0.0578125
286 0.859375 0.178125 0.00625 0.0109375
2 0.825 0.153125 0.0109375 0.053125
2 0.86171875 0.15234375 0.0125 0.04375
308 1 0.1643913671875 0.253039603125 0.06307280781249999 0.0563130296875 0.953857321875 1 0.82284809375 1 0.1643913671875
