2 0.94296875 0.165625 0.0140625 0.04375
2 0.36015625 0.115625 0.015625 0.0796875
2 0.74296875 0.1234375 0.0109375 0.0390625
2 0.89609375 0.14921875 0.015625 0.040625
2 0.9203125 0.16171875 0.0140625 0.046875
2 0.8671875 0.1421875 0.0125 0.0359375
2 0.62890625 0.09140625 0.009375 0.040625
2 0.81640625 0.16328125 0.0140625 0.05625
2 0.83046875 0.1390625 0.0109375 0.0375
2 0.80859375 0.14453125 0.0109375 0.046875
2 0.8515625 0.1515625 0.0171875 0.0234375
2 0.81171875 0.1671875 0.0140625 0.053125
2 0.76484375 0.1359375 0.0125 0.046875
308 1 0.1661508265625 0.2531094421875 0.06512444375000001 0.05598958281250001 0.953703703125 1 0.82407470625 1 0.1661508265625