2 0.79609375 0.26171875 0.034375 0.0859375
2 0.553125 0.1015625 0.015625 0.0359375
286 0.5453125 0.2296875 0.0078125 0.015625
2 0.90703125 0.20625 0.0171875 0.0578125
2 0.8640625 0.20390625 0.015625 0.0640625
2 0.84453125 0.1734375 0.0109375 0.046875
2 0.77578125 0.18203125 0.0125 0.0578125
2 0.46640625 0.1796875 0.0359375 0.0765625
2 0.8640625 0.17265625 0.0125 0.04375
308 1 0.1992991015625 0.33588354531250003 0.092549965625 0.06873909375000001 0.9448961640625001 1 0.9210978593749999 1 0.1992991015625
