2 0.87109375 0.28125 0.01875 0.096875
2 0.871875 0.17265625 0.0125 0.040625
2 0.68984375 0.18125 0.015625 0.0640625
2 0.890625 0.17578125 0.0109375 0.040625
2 0.63359375 0.1625 0.0125 0.0609375
2 0.91953125 0.21171875 0.0140625 0.0578125
2 0.4015625 0.09140625 0.0109375 0.04375
2 0.96015625 0.18046875 0.0125 0.0375
286 0.34765625 0.2828125 0.0109375 0.0203125
2 0.2609375 0.29140625 0.0359375 0.14375
308 1 0.20031655625 0.3306269046875 0.0958125671875 0.06368967343750001 0.9515120375 1 0.920573296875 1 0.20031655625
