2 0.71015625 0.20078125 0.015625 0.071875
2 0.8203125 0.19453125 0.0140625 0.0609375
2 0.8015625 0.22421875 0.0171875 0.075
2 0.78125 0.19609375 0.0171875 0.065625
2 0.52578125 0.2484375 0.0328125 0.1171875
2 0.325 0.15546875 0.0171875 0.084375
2 0.5390625 0.15078125 0.01875 0.059375
2 0.41015625 0.08671875 0.0125 0.04375
2 0.74921875 0.2828125 0.0234375 0.1
2 0.6859375 0.14453125 0.0125 0.0484375
2 0.5046875 0.18125 0.01875 0.084375
2 0.51953125 0.18984375 0.0234375 0.0828125
2 0.62578125 0.22578125 0.01875 0.0921875
2 0.6296875 0.196875 0.015625 0.0640625
286 0.290625 0.31328125 0.0140625 0.01875
2 0.52578125 0.14140625 0.0109375 0.04375
308 1 0.1999755109375 0.3297350140625 0.0967192109375 0.0629934359375 0.9517811859374999 1 0.918231965625 1 0.1999755109375
