2 0.95390625 0.1578125 0.0109375 0.0390625
2 0.4921875 0.11875 0.0171875 0.0703125
2 0.8328125 0.1546875 0.0125 0.0546875
2 0.7890625 0.125 0.0140625 0.034375
2 0.84296875 0.140625 0.0125 0.040625
2 0.6890625 0.1109375 0.0125 0.0453125
2 0.925 0.14765625 0.009375 0.0390625
2 0.915625 0.13984375 0.009375 0.034375
2 0.65859375 0.09453125 0.0109375 0.0421875
2 0.93515625 0.15078125 0.0109375 0.0390625
286 0.7625 0.1203125 0.0046875 0.0109375
2 0.746875 0.11953125 0.0109375 0.034375
308 1 0.1662252390625 0.25232713906250004 0.0640931171875 0.0551018171875 0.9549053390625 1 0.822236746875 1 0.1662252390625