2 0.92890625 0.20859375 0.015625 0.053125
2 0.78984375 0.20390625 0.01875 0.0671875
2 0.9546875 0.290625 0.025 0.09375
2 0.4453125 0.153125 0.0109375 0.0765625
2 0.828125 0.19765625 0.0171875 0.0609375
2 0.71953125 0.15859375 0.0125 0.04375
2 0.99296875 0.21484375 0.0125 0.0546875
2 0.96875 0.21171875 0.0140625 0.053125
2 0.859375 0.23515625 0.0171875 0.0734375
2 0.58359375 0.11171875 0.0125 0.0375
2 0.7109375 0.1546875 0.0109375 0.0484375
2 0.878125 0.25 0.0171875 0.0796875
2 0.86875 0.2546875 0.0203125 0.075
308 1 0.20100680624999998 0.32887956875 0.0965028609375 0.0625437140625 0.9529453578125 1 0.9178385625000001 1 0.20100680624999998
