2 0.91796875 0.18359375 0.0078125 0.0453125
2 0.96953125 0.20078125 0.0109375 0.04375
2 0.58046875 0.1515625 0.0109375 0.0625
2 0.88046875 0.1875 0.0140625 0.05
2 0.640625 0.11875 0.009375 0.0390625
2 0.8390625 0.1578125 0.009375 0.0375
2 0.75625 0.1875 0.0125 0.059375
2 0.68046875 0.14609375 0.0125 0.046875
2 0.73828125 0.18828125 0.0125 0.0609375
2 0.7015625 0.1421875 0.0109375 0.0453125
2 0.6875 0.14140625 0.0078125 0.0421875
2 0.709375 0.1359375 0.0078125 0.040625
2 0.74921875 0.1703125 0.0125 0.0546875
2 0.746875 0.15625 0.009375 0.0328125
308 1 0.19968263749999998 0.3286832359375 0.0988813046875 0.0630291421875 0.9523980328125001 1 0.9175619265625 1 0.19968263749999998