2 0.36015625 0.11484375 0.0125 0.0796875
2 0.83046875 0.1640625 0.0140625 0.0578125
2 0.909375 0.153125 0.01875 0.0375
2 0.6421875 0.0921875 0.009375 0.0390625
2 0.76953125 0.134375 0.0140625 0.05
2 0.80625 0.14296875 0.0125 0.04375
2 0.99453125 0.21796875 0.0109375 0.0640625
2 0.96953125 0.17734375 0.01875 0.040625
286 0.9671875 0.19375 0.0078125 0.009375
2 0.9234375 0.14921875 0.0171875 0.0359375
2 0.97734375 0.16875 0.0109375 0.0328125
2 0.8 0.12890625 0.0125 0.0359375
308 1 0.1648577296875 0.25326241562499996 0.064595696875 0.056174478125 0.95546150625 1 0.8219108937499999 1 0.1648577296875
