308 0.999506328125 0.8193743843749999 1 0.1696822421875 0.25347264531249997 0.0605933015625 0.2528117484375 0.0666209828125 0.04903140625 0.9601466546875 0.999506328125 0.8193743843749999
2 0.31015625 0.1546875 0.021875 0.05625
2 0.365625 0.121875 0.021875 0.0578125
2 0.41171875 0.11796875 0.025 0.05
2 0.41328125 0.1578125 0.0359375 0.0640625
2 0.4328125 0.19453125 0.025 0.1
2 0.4703125 0.2125 0.040625 0.115625
2 0.34921875 0.05625 0.0171875 0.04375
2 0.58359375 0.1390625 0.0265625 0.075
2 0.6109375 0.17109375 0.0171875 0.0859375
2 0.75234375 0.13984375 0.0125 0.05
2 0.75234375 0.21953125 0.021875 0.0828125
2 0.95703125 0.2125 0.015625 0.065625
2 0.97421875 0.1671875 0.0109375 0.0453125