2 0.925 0.23203125 0.0234375 0.084375
2 0.43828125 0.12421875 0.01875 0.078125
2 0.90703125 0.1625 0.015625 0.0484375
2 0.51875 0.07578125 0.0109375 0.04375
2 0.721875 0.18515625 0.0234375 0.0828125
2 0.69765625 0.140625 0.0125 0.0578125
2 0.7828125 0.1390625 0.0140625 0.0484375
2 0.6296875 0.11484375 0.015625 0.053125
2 0.775 0.13359375 0.0125 0.0421875
2 0.834375 0.12890625 0.0140625 0.0328125
2 0.71015625 0.1125 0.0140625 0.0390625
2 0.87890625 0.14375 0.0125 0.0328125
2 0.86796875 0.15 0.0109375 0.0375
286 0.725 0.12734375 0.00625 0.0109375
2 0.6953125 0.109375 0.0171875 0.0390625
2 0.86328125 0.14453125 0.0125 0.040625
308 1 0.1660893140625 0.25266343125 0.062373103124999996 0.053363829687499996 0.956412209375 1 0.82220100625 1 0.1660893140625