2 0.88359375 0.1765625 0.0140625 0.053125
2 0.41015625 0.11875 0.015625 0.0796875
2 0.9390625 0.20859375 0.021875 0.065625
2 0.90859375 0.20703125 0.0171875 0.0703125
2 0.56171875 0.0796875 0.009375 0.0390625
2 0.71328125 0.14921875 0.01875 0.0609375
2 0.69609375 0.12578125 0.0140625 0.0453125
2 0.846875 0.15703125 0.0140625 0.0515625
2 0.95546875 0.15859375 0.0125 0.0390625
2 0.990625 0.17890625 0.015625 0.0484375
2 0.7828125 0.1515625 0.0125 0.0515625
2 0.9125 0.1578125 0.0125 0.040625
2 0.77421875 0.14453125 0.015625 0.0578125
2 0.96328125 0.159375 0.009375 0.0390625
2 0.925 0.16484375 0.0140625 0.04375
308 1 0.165599940625 0.25224138125 0.0629739453125 0.056312321875 0.9548067109374999 1 0.8221599062499999 1 0.165599940625