2 0.93046875 0.19921875 0.01875 0.05
2 0.790625 0.175 0.0125 0.0484375
2 0.61953125 0.1140625 0.009375 0.0390625
2 0.5765625 0.153125 0.0125 0.0625
2 0.6796875 0.13359375 0.0109375 0.04375
2 0.8578125 0.1640625 0.0109375 0.0421875
2 0.6625 0.14296875 0.0125 0.046875
2 0.86875 0.16640625 0.009375 0.040625
2 0.7421875 0.16953125 0.0109375 0.053125
2 0.7484375 0.2 0.015625 0.065625
2 0.9796875 0.1796875 0.009375 0.0421875
2 0.75859375 0.2015625 0.0109375 0.05625
2 0.73671875 0.1546875 0.0125 0.0453125
308 1 0.91678299375 0.9996156828125 0.19815968281250002 0.3283430375 0.0968577328125 0.064043440625 0.9509913140625 1 0.91678299375