2 0.93125 0.27265625 0.0296875 0.078125
2 0.98515625 0.23828125 0.0171875 0.059375
2 0.8109375 0.1890625 0.01875 0.0578125
2 0.79296875 0.2125 0.01875 0.075
2 0.62421875 0.17265625 0.015625 0.0671875
2 0.87890625 0.203125 0.015625 0.05625
2 0.7171875 0.15546875 0.0125 0.053125
2 0.88671875 0.21015625 0.0171875 0.059375
2 0.765625 0.20859375 0.01875 0.071875
2 0.4984375 0.0984375 0.009375 0.040625
2 0.5515625 0.17109375 0.01875 0.078125
2 0.77109375 0.20703125 0.015625 0.065625
2 0.7859375 0.165625 0.0109375 0.0484375
308 1 0.199187053125 0.336206659375 0.0934541984375 0.06835659375 0.9429901328125 1 0.9201644296874999 1 0.199187053125
