308 1 0.1694007015625 0.251813503125 0.06831544375000001 0.0496840375 0.9611111031249999 1 0.8215224687499999 1 0.1694007015625
2 0.34140625 0.128125 0.0234375 0.0875
2 0.38671875 0.1234375 0.0140625 0.071875
2 0.43359375 0.2171875 0.025 0.1171875
2 0.4375 0.140625 0.0171875 0.06875
2 0.4390625 0.1203125 0.0171875 0.0515625
2 0.496875 0.1609375 0.0203125 0.075
2 0.509375 0.134375 0.01875 0.0796875
2 0.54140625 0.3078125 0.0328125 0.1390625
2 0.33359375 0.05625 0.0109375 0.0453125
2 0.68828125 0.14609375 0.0125 0.0578125
2 0.7171875 0.21328125 0.0265625 0.0984375
2 0.78125 0.18515625 0.0203125 0.071875
2 0.903125 0.1625 0.0125 0.046875
2 0.94921875 0.184375 0.01875 0.053125
2 0.9921875 0.2296875 0.015625 0.0703125