308 1 0.20109989375 0.3302613765625 0.0972906515625 0.060664857812499993 0.954711828125 1 0.9196987109375 1 0.20109989375
2 0.4140625 0.14296875 0.0125 0.0703125
2 0.47890625 0.1671875 0.021875 0.0703125
2 0.490625 0.14453125 0.0125 0.0625
2 0.5734375 0.1375 0.0125 0.05
2 0.57109375 0.13359375 0.0140625 0.0484375
2 0.57578125 0.1109375 0.0078125 0.040625
2 0.67109375 0.1640625 0.0140625 0.0578125
2 0.69140625 0.16171875 0.0109375 0.05625
286 0.6828125 0.190625 0.00625 0.009375
2 0.7484375 0.23984375 0.0265625 0.08125
2 0.8203125 0.1890625 0.0171875 0.053125
2 0.828125 0.18046875 0.0078125 0.0453125
2 0.8453125 0.2 0.0171875 0.0328125
2 0.859375 0.1671875 0.0109375 0.04375
2 0.8765625 0.19921875 0.0109375 0.053125