2 0.96484375 0.21796875 0.0125 0.05625
2 0.5828125 0.17734375 0.015625 0.0796875
2 0.9046875 0.21953125 0.0171875 0.06875
2 0.76796875 0.1703125 0.0109375 0.0328125
2 0.81328125 0.18671875 0.0140625 0.059375
2 0.934375 0.2375 0.021875 0.06875
2 0.86640625 0.17578125 0.009375 0.0484375
2 0.946875 0.25859375 0.0203125 0.0734375
2 0.6109375 0.10859375 0.009375 0.04375
308 0.9999823296875 0.9203632109375001 1 0.1972280390625 0.3364556515625 0.0922319015625 0.0683594375 0.9435241234375 0.9999823296875 0.9203632109375001
