2 0.9546875 0.2140625 0.0171875 0.046875
2 0.33359375 0.13671875 0.025 0.09375
2 0.6578125 0.1203125 0.0125 0.046875
2 0.91484375 0.17578125 0.0140625 0.0484375
2 0.96796875 0.253125 0.0203125 0.0890625
2 0.83984375 0.1390625 0.009375 0.040625
2 0.9765625 0.184375 0.015625 0.0484375
2 0.81953125 0.24609375 0.021875 0.0984375
2 0.47734375 0.0703125 0.0125 0.04375
2 0.70859375 0.1515625 0.015625 0.0546875
2 0.69921875 0.153125 0.015625 0.0703125
308 1 0.1654479890625 0.2525221125 0.06306009375 0.054160484375 0.9540381984374999 1 0.82180901875 1 0.1654479890625