2 0.94453125 0.165625 0.0109375 0.04375
2 0.90859375 0.16015625 0.0203125 0.0375
2 0.9703125 0.16015625 0.015625 0.0359375
2 0.359375 0.1140625 0.0125 0.0796875
2 0.9890625 0.215625 0.0171875 0.0671875
2 0.7703125 0.1234375 0.0109375 0.040625
2 0.63125 0.09140625 0.0109375 0.040625
2 0.796875 0.140625 0.0125 0.04375
2 0.85625 0.146875 0.021875 0.0328125
2 0.75390625 0.13046875 0.015625 0.046875
2 0.9171875 0.1578125 0.0171875 0.0390625
2 0.81484375 0.16015625 0.0140625 0.0578125
2 0.85 0.13828125 0.01875 0.025
308 1 0.1648776625 0.25307806093749996 0.06594718125 0.0562645015625 0.95592404375 1 0.8221899390624999 1 0.1648776625