2 0.90703125 0.215625 0.01875 0.0609375
2 0.6609375 0.175 0.0171875 0.0703125
2 0.68828125 0.19296875 0.0140625 0.071875
2 0.56484375 0.17734375 0.015625 0.0796875
2 0.6140625 0.16875 0.0125 0.0734375
2 0.346875 0.07421875 0.0125 0.0421875
2 0.3421875 0.14296875 0.0171875 0.0796875
2 0.7546875 0.19296875 0.0171875 0.0625
2 0.40390625 0.16171875 0.015625 0.0875
2 0.421875 0.1703125 0.0140625 0.084375
2 0.44375 0.16484375 0.0140625 0.075
2 0.4359375 0.14296875 0.00625 0.06875
2 0.403125 0.14453125 0.0171875 0.06875
2 0.42421875 0.090625 0.0125 0.03125
2 0.425 0.11875 0.009375 0.025
2 0.43203125 0.146875 0.0125 0.071875
2 0.45234375 0.15546875 0.0125 0.075
2 0.46328125 0.15 0.0109375 0.0734375
308 1 0.19767817031249998 0.336470584375 0.09387728437500001 0.06946078125 0.9440193328125 1 0.9187729812500001 1 0.19767817031249998
2 0.3125 0.1515625 0.015625 0.075