2 0.5359375 0.2296875 0.0265625 0.0921875
2 0.69921875 0.24921875 0.0265625 0.0875
2 0.659375 0.14375 0.015625 0.0453125
2 0.8 0.22734375 0.03125 0.071875
2 0.91953125 0.17734375 0.0140625 0.0390625
2 0.84609375 0.21171875 0.0171875 0.0640625
2 0.7203125 0.17421875 0.0125 0.0625
2 0.6875 0.18046875 0.01875 0.0640625
2 0.73984375 0.15390625 0.015625 0.046875
2 0.62890625 0.1515625 0.0125 0.05625
2 0.34296875 0.07421875 0.0078125 0.0421875
2 0.821875 0.171875 0.0125 0.0546875
2 0.83359375 0.19609375 0.0171875 0.05625
2 0.82421875 0.20390625 0.015625 0.0609375
308 1 0.2028362171875 0.3333951 0.0934269390625 0.0673984140625 0.9449855109374999 1 0.9235532171875 1 0.2028362171875