2 0.684375 0.17734375 0.015625 0.0640625
2 0.3453125 0.071875 0.0109375 0.040625
2 0.4703125 0.153125 0.0171875 0.06875
2 0.71015625 0.15546875 0.01875 0.053125
2 0.33125 0.1265625 0.021875 0.0703125
2 0.6265625 0.17890625 0.0140625 0.0734375
2 0.55625 0.1734375 0.0109375 0.0765625
2 0.58046875 0.1671875 0.0125 0.06875
2 0.50546875 0.14921875 0.0171875 0.0671875
2 0.40859375 0.13515625 0.0171875 0.0625
2 0.52265625 0.15546875 0.0171875 0.06875
2 0.8703125 0.21171875 0.0140625 0.0609375
2 0.8546875 0.24765625 0.0203125 0.0765625
2 0.51875 0.11484375 0.0109375 0.0484375
2 0.39140625 0.146875 0.01875 0.0765625
2 0.434375 0.146875 0.015625 0.0671875
2 0.38046875 0.13984375 0.01875 0.0796875
2 0.4390625 0.13515625 0.009375 0.065625
308 1 0.1992585828125 0.335123884375 0.09205230625000001 0.0709043078125 0.9442518874999999 1 0.9211336421875 1 0.1992585828125