2 0.9578125 0.19453125 0.021875 0.05625
2 0.909375 0.1890625 0.015625 0.05625
2 0.65859375 0.1546875 0.01875 0.065625
2 0.89375 0.14296875 0.015625 0.0390625
2 0.7640625 0.22109375 0.028125 0.090625
2 0.97890625 0.28203125 0.0296875 0.0953125
2 0.9859375 0.1765625 0.015625 0.0453125
2 0.853125 0.1546875 0.0125 0.0484375
2 0.59609375 0.15546875 0.0234375 0.0828125
2 0.7 0.17109375 0.0203125 0.078125
2 0.8265625 0.1359375 0.0109375 0.0390625
2 0.47578125 0.07109375 0.0109375 0.0453125
2 0.634375 0.13125 0.01875 0.0625
2 0.66015625 0.109375 0.0125 0.046875
286 0.59296875 0.1390625 0.009375 0.0125
2 0.67265625 0.1125 0.015625 0.046875
308 1 0.1681186015625 0.2530046375 0.064255146875 0.0536010859375 0.9569345625000001 1 0.8254347734374999 1 0.1681186015625
