2 0.7296875 0.15390625 0.015625 0.0515625
2 0.5796875 0.10625 0.00625 0.040625
2 0.90078125 0.2296875 0.01875 0.0640625
2 0.88828125 0.21796875 0.0171875 0.065625
2 0.63046875 0.16015625 0.0171875 0.0609375
2 0.88125 0.18515625 0.0140625 0.05
2 0.93125 0.2578125 0.0203125 0.071875
2 0.8625 0.18359375 0.0140625 0.0546875
2 0.940625 0.27265625 0.01875 0.08125
2 0.890625 0.17109375 0.0109375 0.0375
308 1 0.1987838390625 0.3362814125 0.0931315765625 0.067998475 0.9415706265624999 1 0.9179482437500001 1 0.1987838390625
