2 0.9046875 0.17109375 0.021875 0.05
2 0.93515625 0.19453125 0.0203125 0.06875
2 0.496875 0.0703125 0.0109375 0.0421875
2 0.8359375 0.1796875 0.01875 0.0421875
2 0.76015625 0.2171875 0.03125 0.0921875
2 0.98515625 0.16953125 0.0125 0.0453125
2 0.6203125 0.1 0.0125 0.04375
2 0.75 0.15546875 0.015625 0.0671875
2 0.75859375 0.17578125 0.015625 0.06875
2 0.69609375 0.24296875 0.0234375 0.109375
2 0.8515625 0.1421875 0.0109375 0.0453125
308 1 0.1649187859375 0.2520770671875 0.0619328859375 0.0536303421875 0.9552272343749999 1 0.82120759375 1 0.1649187859375