2 0.90703125 0.27578125 0.021875 0.0875
2 0.4828125 0.090625 0.009375 0.0421875
2 0.59765625 0.1859375 0.0171875 0.0796875
2 0.634375 0.159375 0.0125 0.0609375
2 0.4296875 0.15625 0.0109375 0.0828125
2 0.68125 0.15546875 0.0125 0.053125
2 0.89140625 0.34921875 0.0265625 0.109375
2 0.8515625 0.3515625 0.028125 0.1203125
2 0.96796875 0.30078125 0.025 0.09375
2 0.73125 0.27734375 0.028125 0.1078125
2 0.940625 0.31875 0.028125 0.1078125
2 0.98984375 0.19765625 0.0109375 0.0484375
308 1 0.1997980640625 0.33649532187500003 0.0921395765625 0.0692335640625 0.94230695625 1 0.9198893765625 1 0.1997980640625
