2 0.671875 0.1734375 0.0140625 0.0609375
2 0.775 0.18515625 0.0171875 0.059375
2 0.46328125 0.1453125 0.0140625 0.06875
2 0.625 0.178125 0.0171875 0.071875
2 0.9875 0.2203125 0.0140625 0.0546875
2 0.45078125 0.15234375 0.0265625 0.071875
2 0.5265625 0.1671875 0.0171875 0.0734375
2 0.36171875 0.134375 0.025 0.075
2 0.546875 0.16640625 0.0171875 0.0765625
2 0.5 0.1734375 0.015625 0.075
2 0.603125 0.17734375 0.0171875 0.0734375
2 0.38046875 0.10234375 0.0109375 0.0234375
2 0.5234375 0.115625 0.0109375 0.0484375
2 0.4109375 0.128125 0.0109375 0.0640625
2 0.40390625 0.13046875 0.0140625 0.065625
2 0.378125 0.13828125 0.009375 0.0625
2 0.3875 0.1453125 0.015625 0.0765625
2 0.3921875 0.11953125 0.0078125 0.0359375
2 0.3453125 0.07265625 0.0078125 0.0390625
308 1 0.19842831875 0.33665318593750004 0.0928936765625 0.06837025468749999 0.9428368421875 1 0.9223054578125 1 0.19842831875
