2 0.92890625 0.24453125 0.0203125 0.0734375
2 0.9546875 0.23203125 0.015625 0.0640625
2 0.4140625 0.15546875 0.0203125 0.071875
2 0.8828125 0.21171875 0.01875 0.0609375
2 0.4046875 0.08125 0.009375 0.0421875
2 0.85859375 0.1734375 0.0109375 0.0453125
2 0.7703125 0.184375 0.0171875 0.05625
2 0.83125 0.165625 0.0140625 0.0453125
2 0.77890625 0.19140625 0.015625 0.0671875
286 0.43359375 0.18828125 0.00625 0.009375
308 1 0.1998929921875 0.333024628125 0.091581821875 0.06649965937499999 0.944390659375 1 0.9202796375 1 0.1998929921875
