2 0.96328125 0.23984375 0.0203125 0.059375
2 0.93203125 0.17734375 0.015625 0.0453125
2 0.88203125 0.1625 0.009375 0.0359375
2 0.9484375 0.18671875 0.009375 0.0390625
2 0.8375 0.17734375 0.0140625 0.0328125
2 0.8890625 0.18515625 0.015625 0.046875
2 0.82421875 0.1578125 0.0109375 0.040625
2 0.96953125 0.19140625 0.0140625 0.0390625
2 0.85078125 0.165625 0.0125 0.040625
2 0.86171875 0.16796875 0.009375 0.040625
2 0.89921875 0.18203125 0.0109375 0.0359375
308 1 0.20083565937499998 0.32957354375 0.0973369375 0.063476625 0.9529570734374999 1 0.9182788687500001 1 0.20083565937499998
