2 0.94296875 0.21640625 0.015625 0.05625
2 0.5828125 0.17734375 0.0140625 0.0796875
2 0.87265625 0.21796875 0.0171875 0.065625
2 0.7578125 0.184375 0.01875 0.0609375
2 0.84296875 0.175 0.0140625 0.0484375
2 0.584375 0.10703125 0.00625 0.0390625
2 0.9765625 0.21875 0.0140625 0.05625
2 0.89453125 0.234375 0.0140625 0.071875
2 0.765625 0.1625 0.0109375 0.0421875
2 0.9609375 0.21015625 0.0203125 0.059375
2 0.87890625 0.2421875 0.025 0.0703125
308 1 0.198827721875 0.33662613750000003 0.0937906640625 0.068423246875 0.9447645078125 1 0.9202039046875001 1 0.198827721875