2 0.83125 0.234375 0.025 0.096875
2 0.49609375 0.07265625 0.0109375 0.04375
2 0.978125 0.25625 0.03125 0.0859375
2 0.90703125 0.171875 0.0140625 0.0484375
2 0.7171875 0.15 0.0171875 0.05625
2 0.94375 0.19765625 0.015625 0.0625
2 0.36484375 0.1328125 0.0234375 0.0890625
2 0.81640625 0.13359375 0.0140625 0.0375
2 0.95625 0.19609375 0.01875 0.05625
2 0.82890625 0.13671875 0.0109375 0.0390625
2 0.7 0.14765625 0.0140625 0.0703125
2 0.67578125 0.121875 0.0125 0.046875
2 0.71171875 0.12578125 0.0125 0.0453125
2 0.965625 0.17890625 0.0109375 0.0515625
308 1 0.165050996875 0.25307265156250003 0.063761421875 0.056298890625 0.95523368125 1 0.821957321875 1 0.165050996875