2 0.9421875 0.20703125 0.015625 0.053125
2 0.971875 0.2296875 0.0171875 0.059375
2 0.68671875 0.15546875 0.0140625 0.05625
2 0.84375 0.18984375 0.0125 0.0546875
2 0.80625 0.153125 0.0078125 0.0390625
2 0.81875 0.15703125 0.0109375 0.040625
2 0.7875 0.15546875 0.0078125 0.040625
2 0.95859375 0.17578125 0.0078125 0.0375
2 0.925 0.20625 0.0171875 0.0578125
2 0.78203125 0.1515625 0.0078125 0.040625
2 0.8609375 0.16953125 0.0078125 0.040625
308 1 0.20079760468750002 0.32941368125000003 0.096632375 0.06261080937499999 0.954717796875 1 0.9216184421875001 1 0.20079760468750002
