2 0.9171875 0.184375 0.0078125 0.0453125
2 0.5671875 0.15078125 0.0125 0.0625
2 0.77734375 0.1734375 0.0109375 0.053125
2 0.86328125 0.18515625 0.0125 0.0515625
2 0.89765625 0.16953125 0.0109375 0.040625
2 0.65859375 0.12109375 0.009375 0.0390625
2 0.9390625 0.1921875 0.0125 0.0421875
2 0.75390625 0.18671875 0.0140625 0.05625
2 0.690625 0.13984375 0.0109375 0.04375
2 0.709375 0.14765625 0.009375 0.0453125
2 0.7453125 0.16328125 0.0125 0.0484375
2 0.70234375 0.140625 0.0078125 0.04375
2 0.74921875 0.18125 0.0109375 0.053125
308 1 0.2004743671875 0.32972140156249996 0.09625565312499999 0.064187309375 0.9535017359375001 1 0.9174013390625 1 0.2004743671875