2 0.78125 0.128125 0.0125 0.040625
2 0.8265625 0.17578125 0.0171875 0.0640625
2 0.40390625 0.1140625 0.015625 0.0765625
2 0.9921875 0.18828125 0.0140625 0.0515625
2 0.9203125 0.19296875 0.0171875 0.065625
2 0.69765625 0.1140625 0.015625 0.0375
2 0.88515625 0.13828125 0.009375 0.0359375
2 0.7125 0.109375 0.015625 0.0328125
2 0.571875 0.09140625 0.0109375 0.0375
2 0.675 0.12421875 0.015625 0.05
2 0.84453125 0.134375 0.0125 0.03125
2 0.57890625 0.0828125 0.0078125 0.0390625
2 0.62578125 0.09921875 0.009375 0.0484375
286 0.85390625 0.153125 0.0078125 0.0109375
2 0.83828125 0.1296875 0.0109375 0.0296875
308 1 0.1665843625 0.2525647484375 0.062885596875 0.055519445312500006 0.9561942468750001 1 0.8195950671875 1 0.1665843625
