2 0.43671875 0.146875 0.03125 0.09375
2 0.38203125 0.0578125 0.0171875 0.046875
2 0.7890625 0.165625 0.0171875 0.0625
2 0.61953125 0.10546875 0.0109375 0.046875
2 0.7203125 0.2265625 0.028125 0.096875
2 0.8671875 0.296875 0.0328125 0.115625
2 0.85546875 0.17109375 0.015625 0.0578125
2 0.90859375 0.1546875 0.0125 0.04375
2 0.6359375 0.1765625 0.015625 0.084375
2 0.553125 0.11015625 0.0125 0.05
2 0.68828125 0.14453125 0.0140625 0.059375
2 0.32890625 0.1203125 0.0234375 0.096875
2 0.51171875 0.11484375 0.0203125 0.0703125
2 0.575 0.1015625 0.0125 0.0484375
2 0.59765625 0.10703125 0.0109375 0.0484375
2 0.64140625 0.121875 0.015625 0.053125
2 0.4875 0.1203125 0.0171875 0.0734375
2 0.67890625 0.1234375 0.0125 0.05
2 0.478125 0.1375 0.0203125 0.075
286 0.36640625 0.0453125 0.0140625 0.01875
2 0.5234375 0.08984375 0.0140625 0.0484375
308 1 0.1644638375 0.2521793625 0.060053185937499996 0.0544344765625 0.9538993984375 1 0.8202719187499999 1 0.1644638375
