308 1 0.168790540625 0.251905675 0.0637170890625 0.0510342765625 0.9633787390625 1 0.8238253078125 1 0.168790540625
2 0.90234375 0.20703125 0.0203125 0.06875
2 0.89921875 0.1625 0.0125 0.046875
2 0.83671875 0.146875 0.0125 0.04375
2 0.73671875 0.178125 0.01875 0.071875
2 0.64140625 0.325 0.0453125 0.1171875
2 0.83359375 0.2890625 0.025 0.10625
286 0.75625 0.7390625 0.021875 0.04375
2 0.80703125 0.65390625 0.046875 0.234375
2 0.7671875 0.57734375 0.0640625 0.209375
2 0.428125 0.4203125 0.0484375 0.1984375
2 0.4109375 0.3546875 0.0546875 0.1390625
2 0.571875 0.22734375 0.0265625 0.109375
2 0.55078125 0.19609375 0.021875 0.1
2 0.40625 0.18984375 0.021875 0.10625
2 0.39296875 0.13984375 0.0140625 0.090625
2 0.4203125 0.14296875 0.01875 0.075
2 0.43671875 0.12890625 0.0171875 0.0703125
2 0.47109375 0.13125 0.0140625 0.0734375
2 0.259375 0.12578125 0.0171875 0.0890625
2 0.31171875 0.05078125 0.0125 0.0421875