2 0.85703125 0.28671875 0.028125 0.0921875
2 0.7234375 0.1453125 0.0140625 0.0453125
2 0.7 0.2578125 0.03125 0.0921875
2 0.93203125 0.20859375 0.015625 0.059375
2 0.7703125 0.14765625 0.0109375 0.0421875
2 0.96796875 0.178125 0.015625 0.0390625
2 0.62734375 0.14609375 0.0140625 0.05625
2 0.74140625 0.196875 0.015625 0.071875
2 0.88203125 0.2265625 0.0203125 0.0671875
2 0.6953125 0.21875 0.015625 0.0765625
2 0.74296875 0.17421875 0.015625 0.0546875
2 0.88125 0.2 0.015625 0.0578125
2 0.88046875 0.17734375 0.0109375 0.0484375
2 0.3515625 0.071875 0.009375 0.0421875
308 1 0.1930837390625 0.3320777734375 0.08979658593749999 0.0676921203125 0.9413886421875001 1 0.9150398765625001 1 0.1930837390625