2 0.6125 0.20546875 0.0234375 0.08125
2 0.69296875 0.17578125 0.0203125 0.0578125
2 0.91875 0.33046875 0.040625 0.1015625
2 0.35234375 0.14765625 0.0203125 0.08125
2 0.4578125 0.0875 0.009375 0.0421875
2 0.65234375 0.26640625 0.021875 0.103125
2 0.75390625 0.253125 0.025 0.090625
2 0.76796875 0.26484375 0.0234375 0.1015625
2 0.9859375 0.32890625 0.028125 0.0921875
2 0.63046875 0.25859375 0.0234375 0.1015625
2 0.98125 0.42578125 0.0375 0.1234375
2 0.6125 0.15078125 0.0125 0.05625
2 0.740625 0.32734375 0.0421875 0.125
2 0.77734375 0.4203125 0.0328125 0.146875
2 0.990625 0.26328125 0.01875 0.0484375
308 1 0.1982911953125 0.336715015625 0.09166430625000001 0.0701226359375 0.9418097015625 1 0.9187532562499999 1 0.1982911953125