308 1 0.16673970625 0.252239646875 0.0637703421875 0.05136875625 0.960317959375 1 0.8232464390625 1 0.16673970625
2 0.33671875 0.1296875 0.0234375 0.0734375
2 0.553125 0.08125 0.009375 0.0390625
2 0.73203125 0.15859375 0.0171875 0.05625
2 0.753125 0.18203125 0.0234375 0.0625
2 0.7734375 0.1671875 0.0140625 0.0578125
286 0.93046875 0.296875 0.009375 0.015625
2 0.921875 0.1921875 0.028125 0.0625
2 0.9234375 0.1609375 0.0109375 0.025
2 0.97734375 0.24921875 0.0265625 0.0765625
2 0.9890625 0.2296875 0.021875 0.0671875
2 0.99296875 0.275 0.0140625 0.084375
