2 0.665625 0.171875 0.015625 0.0640625
2 0.6328125 0.1828125 0.015625 0.0734375
2 0.4796875 0.15546875 0.015625 0.075
2 0.746875 0.17890625 0.01875 0.059375
2 0.4609375 0.1671875 0.015625 0.075
2 0.6046875 0.17890625 0.0234375 0.075
2 0.50390625 0.17578125 0.0171875 0.075
2 0.54375 0.171875 0.015625 0.0734375
2 0.975 0.2234375 0.015625 0.059375
2 0.41015625 0.12734375 0.009375 0.0640625
2 0.55859375 0.1265625 0.0125 0.0515625
2 0.32265625 0.125 0.0125 0.0640625
2 0.38046875 0.14375 0.015625 0.0765625
2 0.396875 0.14296875 0.015625 0.078125
2 0.36484375 0.13359375 0.0265625 0.075
2 0.35625 0.128125 0.0140625 0.0640625
2 0.55 0.16640625 0.015625 0.078125
2 0.34921875 0.071875 0.0109375 0.040625
2 0.40625 0.12890625 0.0109375 0.065625
308 1 0.1987681359375 0.3362663 0.094749921875 0.069106940625 0.9422061921875 1 0.91988738125 1 0.1987681359375
