2 0.7328125 0.20859375 0.0265625 0.071875
2 0.4953125 0.20859375 0.0265625 0.0890625
2 0.80703125 0.2 0.0140625 0.0640625
2 0.70390625 0.16484375 0.015625 0.059375
2 0.728125 0.15234375 0.0109375 0.0484375
2 0.86328125 0.20078125 0.0125 0.0546875
2 0.365625 0.07421875 0.0125 0.0421875
2 0.63515625 0.22265625 0.0203125 0.084375
2 0.89921875 0.171875 0.0140625 0.040625
2 0.98828125 0.23125 0.021875 0.05625
2 0.621875 0.146875 0.0125 0.05625
2 0.7859375 0.165625 0.0125 0.0484375
2 0.67421875 0.16875 0.0125 0.0625
2 0.94296875 0.1859375 0.0171875 0.040625
2 0.7953125 0.18359375 0.015625 0.05625
2 0.6296875 0.134375 0.0125 0.0484375
2 0.9875 0.21796875 0.01875 0.0453125
308 1 0.20149983906250002 0.33541911562500004 0.09180313125 0.066334328125 0.941430271875 1 0.9255403640625 1 0.20149983906250002
