308 1 0.20196563125 0.33076187031250004 0.095868121875 0.0609733203125 0.9536025234375 1 0.9195419250000001 1 0.20196563125
2 0.58046875 0.16484375 0.01875 0.0671875
2 0.603125 0.11484375 0.009375 0.0390625
2 0.66328125 0.19765625 0.01875 0.0703125
2 0.70703125 0.16640625 0.0140625 0.05625
2 0.71328125 0.15546875 0.00625 0.0484375
2 0.72734375 0.18359375 0.0234375 0.0578125
2 0.76953125 0.16328125 0.01875 0.04375
2 0.8 0.17421875 0.0125 0.046875
2 0.8953125 0.2046875 0.0171875 0.059375
2 0.9046875 0.19609375 0.0109375 0.05
2 0.92890625 0.20234375 0.015625 0.05
2 0.95078125 0.2765625 0.025 0.078125
