308 1 0.20256892343750002 0.330692746875 0.0957118203125 0.060693496874999996 0.9538458515625001 1 0.9198682281250001 1 0.20256892343750002
2 0.30859375 0.14765625 0.021875 0.06875
286 0.33125 0.16171875 0.00625 0.0109375
2 0.35390625 0.13828125 0.015625 0.0734375
2 0.38046875 0.13203125 0.0140625 0.0609375
2 0.45546875 0.11953125 0.0140625 0.053125
2 0.546875 0.19453125 0.0203125 0.0796875
2 0.590625 0.15 0.0203125 0.05625
2 0.56640625 0.1078125 0.0078125 0.0453125
2 0.6921875 0.16953125 0.015625 0.059375
2 0.7859375 0.17421875 0.0109375 0.0515625
2 0.79765625 0.1734375 0.0109375 0.04375
2 0.85 0.19296875 0.0125 0.0578125
2 0.9078125 0.19765625 0.015625 0.05
2 0.96875 0.2046875 0.015625 0.0484375
