2 0.44140625 0.15859375 0.0171875 0.0796875
2 0.76484375 0.19453125 0.0125 0.065625
2 0.9109375 0.246875 0.01875 0.071875
2 0.59375 0.159375 0.0203125 0.0640625
2 0.86015625 0.1828125 0.0140625 0.0484375
2 0.515625 0.146875 0.0171875 0.065625
2 0.6390625 0.153125 0.0203125 0.0609375
2 0.90078125 0.19296875 0.01875 0.0546875
2 0.54140625 0.140625 0.0125 0.05625
2 0.809375 0.18515625 0.0171875 0.0546875
2 0.7078125 0.16484375 0.0234375 0.05625
2 0.365625 0.07734375 0.0140625 0.040625
2 0.58125 0.1421875 0.0125 0.0578125
2 0.36875 0.2484375 0.015625 0.09375
2 0.428125 0.17265625 0.0234375 0.0765625
2 0.40234375 0.15234375 0.0140625 0.078125
2 0.62578125 0.14296875 0.0125 0.0546875
2 0.41015625 0.1453125 0.0078125 0.0734375
2 0.371875 0.1734375 0.0234375 0.0765625
2 0.40078125 0.14609375 0.0125 0.078125
308 1 0.19685105625 0.33668545625 0.090025575 0.06963997968749999 0.9432455890625 1 0.9186489609375 1 0.19685105625