2 0.56796875 0.08046875 0.015625 0.0453125
2 0.428125 0.12734375 0.025 0.075
2 0.97421875 0.2546875 0.03125 0.075
2 0.8453125 0.13671875 0.0109375 0.0390625
2 0.9796875 0.175 0.015625 0.046875
2 0.80546875 0.12890625 0.0109375 0.040625
2 0.70703125 0.125 0.0125 0.04375
2 0.86171875 0.20703125 0.0171875 0.0765625
2 0.75703125 0.15390625 0.0140625 0.053125
2 0.92890625 0.1859375 0.015625 0.05625
2 0.740625 0.14921875 0.0125 0.059375
2 0.89140625 0.16875 0.0140625 0.0453125
2 0.903125 0.16640625 0.0109375 0.04375
308 1 0.16646012187499998 0.2535008328125 0.063437546875 0.055666446875 0.9551157031249999 1 0.8221506062499999 1 0.16646012187499998