2 0.78671875 0.21953125 0.0203125 0.071875
2 0.50390625 0.1671875 0.0171875 0.0734375
2 0.65546875 0.1734375 0.015625 0.065625
2 0.69375 0.17109375 0.0140625 0.0609375
2 0.58828125 0.14609375 0.0140625 0.0578125
2 0.85625 0.190625 0.0140625 0.053125
2 0.9890625 0.24296875 0.01875 0.0640625
2 0.62265625 0.159375 0.0125 0.0609375
2 0.43046875 0.14921875 0.0203125 0.06875
2 0.671875 0.20546875 0.0203125 0.075
2 0.56640625 0.1375 0.009375 0.0546875
2 0.4140625 0.13125 0.0140625 0.0671875
2 0.33828125 0.109375 0.0171875 0.0390625
2 0.37109375 0.11953125 0.015625 0.0296875
2 0.34765625 0.07421875 0.0109375 0.040625
2 0.396875 0.128125 0.0171875 0.0671875
308 1 0.19915339062499998 0.3377360171875 0.091182315625 0.0691851046875 0.9483660609375001 1 0.9192186078125 1 0.19915339062499998