286 0.32265625 0.3375 0.0140625 0.0234375
2 0.6328125 0.16171875 0.0109375 0.059375
2 0.7265625 0.196875 0.0140625 0.0671875
2 0.87421875 0.20390625 0.0140625 0.05625
2 0.85390625 0.171875 0.0140625 0.0421875
2 0.83984375 0.30625 0.021875 0.109375
2 0.82734375 0.16328125 0.0109375 0.040625
2 0.9140625 0.1703125 0.0109375 0.0390625
2 0.4015625 0.08984375 0.0109375 0.0421875
308 1 0.2000628984375 0.329657884375 0.09745212812500001 0.0622802859375 0.9518703828125 1 0.9191448624999999 1 0.2000628984375
