308 1 0.8222222140625 0.999708853125 0.1695198640625 0.252009790625 0.0649975921875 0.056193373437500006 0.9611111031249999 1 0.8222222140625
2 0.975 0.40078125 0.05 0.15
2 0.9140625 0.24375 0.0234375 0.08125
2 0.82265625 0.278125 0.0328125 0.1015625
2 0.91171875 0.1921875 0.0140625 0.0609375
2 0.89296875 0.16953125 0.015625 0.0484375
2 0.84765625 0.15703125 0.0109375 0.0515625
2 0.79375 0.1703125 0.0203125 0.0609375
2 0.6328125 0.17890625 0.0328125 0.0765625
2 0.621875 0.23046875 0.028125 0.09375
2 0.51875 0.19765625 0.0265625 0.0953125
2 0.50703125 0.19140625 0.01875 0.0875
2 0.4390625 0.221875 0.01875 0.1171875
2 0.49765625 0.13203125 0.0171875 0.06875
2 0.4546875 0.1296875 0.01875 0.078125
2 0.396875 0.15078125 0.0171875 0.0796875
2 0.37265625 0.13125 0.0140625 0.075
2 0.26171875 0.11875 0.01875 0.084375
2 0.33046875 0.05546875 0.009375 0.0421875
2 0.68984375 0.8828125 0.128125 0.234375
286 0.7625 0.7703125 0.03125 0.0609375