2 0.2984375 0.10390625 0.0234375 0.078125
2 0.965625 0.2125 0.0203125 0.065625
2 0.7984375 0.1921875 0.0203125 0.06875
2 0.7796875 0.19140625 0.0171875 0.0859375
2 0.7390625 0.128125 0.01875 0.0453125
2 0.815625 0.140625 0.0125 0.046875
2 0.478125 0.06875 0.0109375 0.0421875
286 0.33359375 0.14296875 0.009375 0.0171875
2 0.9859375 0.16875 0.0125 0.040625
2 0.934375 0.15625 0.0125 0.040625
2 0.90625 0.33984375 0.0375 0.1296875
308 1 0.170744084375 0.2523398890625 0.0625327125 0.0548820265625 0.953030753125 1 0.8231208234375 1 0.170744084375
