2 0.90859375 0.27109375 0.021875 0.0875
2 0.5953125 0.1859375 0.0125 0.08125
2 0.4828125 0.090625 0.009375 0.0421875
2 0.7015625 0.15859375 0.015625 0.0546875
2 0.4296875 0.15625 0.0109375 0.0828125
2 0.64453125 0.1609375 0.0140625 0.0640625
2 0.88984375 0.34765625 0.0296875 0.1125
2 0.95703125 0.32421875 0.03125 0.109375
2 0.86640625 0.35390625 0.0234375 0.1234375
2 0.98984375 0.1953125 0.0125 0.046875
2 0.75078125 0.2796875 0.021875 0.1109375
2 0.96015625 0.2890625 0.01875 0.0875
308 1 0.196183703125 0.3361876015625 0.0932673265625 0.069816978125 0.941791225 1 0.9185337421875 1 0.196183703125
