2 0.66640625 0.1734375 0.0171875 0.0640625
2 0.35390625 0.0734375 0.0125 0.0421875
2 0.7484375 0.18359375 0.015625 0.0546875
2 0.96640625 0.2375 0.0171875 0.0625
2 0.5359375 0.19453125 0.021875 0.071875
2 0.42109375 0.1796875 0.0234375 0.0765625
2 0.378125 0.1296875 0.01875 0.059375
2 0.5484375 0.15078125 0.0125 0.0671875
2 0.4125 0.1265625 0.015625 0.0625
2 0.49296875 0.14296875 0.0125 0.046875
2 0.45234375 0.18984375 0.0265625 0.0953125
2 0.48828125 0.1875 0.0203125 0.075
2 0.32265625 0.12734375 0.0125 0.0609375
2 0.340625 0.1390625 0.01875 0.0734375
2 0.51484375 0.1296875 0.0109375 0.05
2 0.4171875 0.125 0.0109375 0.0640625
2 0.4640625 0.1578125 0.015625 0.075
2 0.5 0.1828125 0.0171875 0.0734375
2 0.50703125 0.15234375 0.0140625 0.075
308 1 0.1979283328125 0.336456534375 0.0925767046875 0.068474796875 0.9437053484375 1 0.9178446625 1 0.1979283328125