2 0.671875 0.1734375 0.0140625 0.0609375
2 0.97265625 0.21875 0.0140625 0.05625
2 0.7671875 0.18359375 0.0171875 0.0578125
2 0.54375 0.11875 0.0078125 0.046875
2 0.5 0.1734375 0.015625 0.075
2 0.54296875 0.1703125 0.0140625 0.0734375
2 0.32890625 0.1265625 0.0125 0.0640625
2 0.446875 0.14609375 0.0140625 0.0703125
2 0.36484375 0.1359375 0.0203125 0.075
2 0.59765625 0.17734375 0.025 0.075
2 0.5609375 0.16953125 0.015625 0.078125
2 0.45390625 0.16015625 0.0265625 0.078125
2 0.62578125 0.17890625 0.0140625 0.0734375
2 0.41015625 0.12734375 0.0109375 0.0640625
2 0.37734375 0.14296875 0.0125 0.078125
2 0.34921875 0.07578125 0.0078125 0.0359375
2 0.36328125 0.1046875 0.00625 0.01875
2 0.3890625 0.13984375 0.015625 0.0796875
2 0.4015625 0.128125 0.0125 0.065625
308 1 0.1974522078125 0.33641416875 0.093260978125 0.0690612234375 0.9440109609375 1 0.9217089812499999 1 0.1974522078125