2 0.49375 0.12890625 0.015625 0.0765625
2 0.828125 0.13125 0.0125 0.0375
2 0.60546875 0.0875 0.0125 0.040625
2 0.7828125 0.15546875 0.0140625 0.0515625
2 0.7359375 0.1265625 0.0109375 0.04375
2 0.940625 0.1796875 0.0125 0.0546875
2 0.83671875 0.18046875 0.015625 0.065625
2 0.88046875 0.14375 0.0109375 0.0390625
2 0.7515625 0.14296875 0.0125 0.0578125
2 0.91328125 0.16015625 0.0125 0.05625
2 0.78984375 0.1359375 0.009375 0.0421875
2 0.92109375 0.165625 0.0109375 0.0453125
308 1 0.1661260546875 0.25247077500000004 0.063738159375 0.0562141421875 0.9556404234375 1 0.8217972265625001 1 0.1661260546875