2 0.92265625 0.19375 0.0265625 0.0640625
2 0.60703125 0.13125 0.01875 0.06875
2 0.53359375 0.1515625 0.0234375 0.084375
2 0.7625 0.23046875 0.0359375 0.1
2 0.89140625 0.19296875 0.025 0.065625
2 0.6953125 0.11796875 0.0171875 0.04375
2 0.70703125 0.13671875 0.015625 0.053125
2 0.9609375 0.16640625 0.0171875 0.040625
2 0.61328125 0.1015625 0.0125 0.04375
2 0.58828125 0.1546875 0.015625 0.071875
2 0.8375 0.15703125 0.01875 0.053125
2 0.65078125 0.125 0.015625 0.0484375
2 0.8484375 0.15078125 0.0140625 0.0453125
2 0.37421875 0.05703125 0.0125 0.0421875
2 0.71484375 0.13203125 0.0140625 0.0515625
2 0.565625 0.21328125 0.028125 0.1140625
2 0.57109375 0.2421875 0.0375 0.115625
308 1 0.16481666875 0.2528073921875 0.0620642859375 0.05387629687499999 0.954670753125 1 0.8214077515625 1 0.16481666875