2 0.8203125 0.1953125 0.025 0.075
2 0.95390625 0.22421875 0.021875 0.075
2 0.48359375 0.121875 0.01875 0.0734375
2 0.7359375 0.140625 0.015625 0.05
2 0.7125 0.125 0.0171875 0.05
2 0.9359375 0.16328125 0.0140625 0.0453125
2 0.96875 0.15546875 0.0125 0.034375
2 0.9109375 0.14375 0.009375 0.0390625
2 0.86015625 0.14921875 0.015625 0.0453125
2 0.559375 0.08125 0.015625 0.040625
2 0.9859375 0.1625 0.015625 0.040625
2 0.86953125 0.13984375 0.0109375 0.0375
2 0.99453125 0.16953125 0.0109375 0.0390625
308 1 0.16736781875 0.252377028125 0.0616044421875 0.0539720328125 0.9567769421874999 1 0.8232097921875001 1 0.16736781875