2 0.7484375 0.1890625 0.01875 0.065625
2 0.92265625 0.24140625 0.0171875 0.0703125
2 0.5796875 0.10625 0.009375 0.040625
2 0.8296875 0.1734375 0.0125 0.046875
2 0.46796875 0.15 0.0125 0.075
2 0.78984375 0.19453125 0.01875 0.065625
2 0.80390625 0.20078125 0.0125 0.065625
2 0.953125 0.3125 0.0296875 0.0984375
2 0.8140625 0.23046875 0.0234375 0.078125
2 0.9921875 0.3359375 0.015625 0.08125
2 0.725 0.16796875 0.0140625 0.05625
308 1 0.20083682656250001 0.3363759125 0.0940290171875 0.069160253125 0.9441578625 1 0.920404609375 1 0.20083682656250001