2 0.44296875 0.0859375 0.0140625 0.0390625
2 0.7984375 0.29296875 0.034375 0.096875
2 0.95390625 0.2421875 0.0203125 0.0734375
2 0.5890625 0.19609375 0.0328125 0.08125
2 0.6390625 0.2921875 0.0328125 0.053125
2 0.35 0.14765625 0.015625 0.08125
2 0.959375 0.19765625 0.015625 0.04375
2 0.571875 0.14453125 0.0125 0.0578125
2 0.6984375 0.2453125 0.0234375 0.090625
2 0.71875 0.24296875 0.0171875 0.08125
2 0.75234375 0.30234375 0.034375 0.103125
2 0.703125 0.43984375 0.0421875 0.1640625
2 0.95625 0.3390625 0.0296875 0.1171875
2 0.92734375 0.434375 0.040625 0.1390625
2 0.57421875 0.15859375 0.01875 0.0625
2 0.7015625 0.31796875 0.03125 0.125
2 0.68671875 0.31171875 0.0234375 0.05625
286 0.76640625 0.3515625 0.0078125 0.015625
308 1 0.197952484375 0.33694664687500003 0.09136593125 0.06796260625 0.9420094062500001 1 0.9183613171875 1 0.197952484375
