2 0.49453125 0.071875 0.0109375 0.0421875
2 0.83125 0.1875 0.0203125 0.0703125
2 0.59453125 0.11875 0.0203125 0.046875
2 0.71171875 0.1265625 0.0125 0.046875
2 0.41328125 0.115625 0.0140625 0.075
2 0.8171875 0.18125 0.01875 0.065625
2 0.928125 0.17734375 0.0171875 0.05
2 0.93984375 0.15234375 0.0109375 0.0390625
2 0.915625 0.15390625 0.0109375 0.03125
2 0.609375 0.11328125 0.01875 0.0546875
2 0.63828125 0.13125 0.0171875 0.0625
2 0.7890625 0.12890625 0.0125 0.0375
2 0.9140625 0.17890625 0.0171875 0.046875
2 0.80078125 0.13671875 0.0125 0.0390625
2 0.6359375 0.10546875 0.009375 0.0375
2 0.81328125 0.1484375 0.0140625 0.046875
2 0.825 0.14375 0.0109375 0.04375
308 1 0.1645853515625 0.25260509375 0.0645347828125 0.0558834375 0.9548108203125001 1 0.82292675625 1 0.1645853515625