2 0.9578125 0.184375 0.0203125 0.0484375
2 0.91796875 0.18671875 0.0203125 0.0625
2 0.79765625 0.1890625 0.0234375 0.0703125
2 0.828125 0.16796875 0.021875 0.05625
2 0.84609375 0.18203125 0.028125 0.05625
2 0.85546875 0.2 0.0234375 0.0578125
2 0.53671875 0.078125 0.0125 0.0390625
2 0.909375 0.165625 0.01875 0.0453125
2 0.73515625 0.15 0.0203125 0.05625
2 0.8859375 0.21328125 0.025 0.0765625
2 0.340625 0.11796875 0.015625 0.084375
308 1 0.165781271875 0.25284343593749997 0.063225890625 0.0549218921875 0.9556015625000001 1 0.82268664375 1 0.165781271875