2 0.9578125 0.21640625 0.01875 0.0578125
2 0.478125 0.1515625 0.0109375 0.0734375
2 0.70546875 0.1953125 0.0171875 0.0671875
2 0.73359375 0.18984375 0.0125 0.0640625
2 0.53984375 0.1 0.0078125 0.0421875
2 0.67421875 0.1703125 0.0125 0.0609375
2 0.66328125 0.16171875 0.009375 0.0625
2 0.65390625 0.1609375 0.0109375 0.0609375
2 0.64921875 0.153125 0.015625 0.05625
2 0.671875 0.15078125 0.0109375 0.03125
2 0.703125 0.1890625 0.0125 0.065625
2 0.71796875 0.17109375 0.0109375 0.0578125
2 0.721875 0.1859375 0.0125 0.0671875
308 1 0.201832759375 0.3363881796875 0.092982396875 0.0706537953125 0.9417307078125001 1 0.9183097515625 1 0.201832759375