2 0.39765625 0.134375 0.021875 0.0671875
2 0.82734375 0.1828125 0.0140625 0.0484375
2 0.75546875 0.159375 0.0109375 0.0421875
2 0.89296875 0.18203125 0.0109375 0.0453125
2 0.85625 0.1765625 0.0109375 0.0453125
2 0.70390625 0.12890625 0.0109375 0.0390625
2 0.96484375 0.1890625 0.0140625 0.046875
2 0.7375 0.1375 0.0078125 0.040625
2 0.778125 0.15234375 0.0109375 0.0390625
2 0.93984375 0.1703125 0.0078125 0.0359375
2 0.95625 0.1828125 0.0109375 0.0421875
2 0.7859375 0.153125 0.0078125 0.040625
2 0.8625 0.16328125 0.00625 0.03125
308 1 0.200130746875 0.3287670109375 0.09774725625 0.0653359984375 0.952973484375 1 0.917453753125 1 0.200130746875