308 1 0.1696743984375 0.2522949765625 0.0656981015625 0.0555928703125 0.9604270874999999 1 0.8254929328125 1 0.1696743984375
2 0.25703125 0.12734375 0.01875 0.084375
2 0.2609375 0.05 0.015625 0.040625
2 0.3796875 0.13515625 0.015625 0.0921875
2 0.39140625 0.1234375 0.0109375 0.06875
2 0.41015625 0.2015625 0.0203125 0.1109375
2 0.40546875 0.14609375 0.015625 0.0765625
2 0.4484375 0.12734375 0.01875 0.071875
2 0.578125 0.22734375 0.0203125 0.1109375
2 0.68203125 0.340625 0.03125 0.1328125
2 0.71171875 0.26953125 0.0234375 0.109375
2 0.72734375 0.18515625 0.015625 0.0765625
2 0.81328125 0.14375 0.0109375 0.04375
2 0.9015625 0.165625 0.015625 0.0453125
2 0.9625 0.23671875 0.021875 0.0875
2 0.29609375 0.465625 0.06875 0.215625
2 0.30234375 0.76640625 0.0921875 0.3640625
2 0.41796875 0.8265625 0.1109375 0.334375
286 0.5796875 0.9375 0.0265625 0.0515625
2 0.82109375 0.48671875 0.0578125 0.215625
2 0.90546875 0.60390625 0.075 0.1984375