308 1 0.167916096875 0.2526104515625 0.063650025 0.0518239015625 0.9620209750000001 1 0.8211328328124999 1 0.167916096875
2 0.271875 0.12109375 0.015625 0.084375
2 0.32109375 0.053125 0.0109375 0.04375
2 0.37265625 0.1265625 0.0171875 0.075
2 0.3984375 0.1484375 0.0203125 0.078125
2 0.44140625 0.1203125 0.0203125 0.0625
2 0.434375 0.184375 0.0296875 0.0984375
2 0.4578125 0.1875 0.0125 0.090625
2 0.446875 0.23515625 0.0203125 0.1203125
2 0.48359375 0.13046875 0.0171875 0.0734375
2 0.61796875 0.18046875 0.0359375 0.0859375
2 0.65 0.2375 0.034375 0.0890625
2 0.7796875 0.16953125 0.015625 0.0640625
2 0.82109375 0.27734375 0.028125 0.10625
2 0.83984375 0.1546875 0.0125 0.0453125
2 0.8828125 0.24296875 0.0203125 0.0828125
2 0.88828125 0.16640625 0.0125 0.0484375
2 0.91171875 0.19453125 0.015625 0.0625
2 0.928125 0.38515625 0.0515625 0.1359375
2 0.70703125 0.8234375 0.103125 0.3203125
286 0.7453125 0.6609375 0.03125 0.05
