2 0.7828125 0.17578125 0.01875 0.0546875
2 0.95859375 0.35625 0.04375 0.1140625
2 0.965625 0.26484375 0.0203125 0.0734375
2 0.88515625 0.27421875 0.03125 0.096875
2 0.8125 0.2234375 0.0203125 0.075
2 0.45 0.16796875 0.0171875 0.0859375
2 0.509375 0.09921875 0.0109375 0.0421875
2 0.7453125 0.26875 0.03125 0.0890625
2 0.97421875 0.44375 0.0515625 0.140625
2 0.7578125 0.27578125 0.021875 0.0953125
308 1 0.1991538171875 0.3367181515625 0.0931636515625 0.06960975781249999 0.9422521453125 1 0.9201527640625 1 0.1991538171875