308 1 0.1698652125 0.2532600203125 0.0644727515625 0.0495575515625 0.9618927562499999 1 0.8220440437500001 1 0.1698652125
2 0.25859375 0.1328125 0.01875 0.0734375
2 0.2875 0.0515625 0.0140625 0.0421875
2 0.3765625 0.13515625 0.0171875 0.0875
2 0.4109375 0.203125 0.021875 0.1125
2 0.409375 0.134375 0.0171875 0.05625
2 0.3984375 0.12421875 0.0140625 0.0703125
2 0.4484375 0.12734375 0.0203125 0.071875
2 0.54140625 0.20234375 0.021875 0.0984375
2 0.575 0.228125 0.028125 0.1015625
2 0.6390625 0.328125 0.0390625 0.1234375
286 0.22890625 0.7859375 0.025 0.0484375
2 0.225 0.67734375 0.0796875 0.259375
2 0.234375 0.5515625 0.084375 0.140625
2 0.3421875 0.41484375 0.0625 0.1890625
2 0.71640625 0.384375 0.046875 0.1453125
2 0.73203125 0.18203125 0.0203125 0.0734375
2 0.84375 0.30234375 0.028125 0.1015625
2 0.82421875 0.1453125 0.0109375 0.0453125
2 0.93046875 0.221875 0.021875 0.071875
2 0.90078125 0.16484375 0.0171875 0.0453125
