2 0.39609375 0.115625 0.015625 0.078125
2 0.8171875 0.14609375 0.01875 0.0515625
2 0.728125 0.12265625 0.0109375 0.0375
2 0.74375 0.12421875 0.0125 0.040625
2 0.62890625 0.090625 0.0109375 0.040625
2 0.99453125 0.225 0.0109375 0.05
2 0.8265625 0.16328125 0.01875 0.059375
2 0.92578125 0.1640625 0.015625 0.0390625
2 0.9859375 0.17109375 0.0125 0.0421875
2 0.9015625 0.1625 0.0171875 0.040625
2 0.93203125 0.15 0.009375 0.0359375
2 0.93984375 0.15 0.009375 0.0359375
308 1 0.16546323125 0.2536798796875 0.06294091562500001 0.056573825 0.9551446125 1 0.822774028125 1 0.16546323125
