2 0.978125 0.34296875 0.04375 0.1015625
2 0.85859375 0.25390625 0.0234375 0.0875
2 0.9703125 0.20625 0.015625 0.0515625
2 0.4296875 0.21328125 0.028125 0.090625
2 0.75625 0.19140625 0.015625 0.0703125
2 0.35390625 0.20390625 0.028125 0.1046875
2 0.3859375 0.0828125 0.0078125 0.0421875
2 0.62109375 0.153125 0.0125 0.05625
2 0.9125 0.215625 0.015625 0.059375
2 0.8046875 0.165625 0.0125 0.0453125
2 0.98671875 0.18515625 0.0109375 0.040625
286 0.36328125 0.22890625 0.0078125 0.0140625
2 0.81328125 0.16953125 0.0109375 0.03125
308 1 0.198312115625 0.333555771875 0.0960648609375 0.06948976875 0.9489534859375001 1 0.917863275 1 0.198312115625
