2 0.89375 0.20625 0.01875 0.0609375
2 0.73359375 0.1421875 0.0125 0.0390625
2 0.45 0.13828125 0.0171875 0.065625
2 0.86953125 0.18203125 0.0125 0.0453125
2 0.97734375 0.2625 0.0234375 0.0703125
2 0.8421875 0.20234375 0.0171875 0.0609375
2 0.7046875 0.14375 0.009375 0.04375
2 0.88125 0.20390625 0.015625 0.0546875
2 0.66328125 0.12421875 0.0109375 0.0375
2 0.8203125 0.16171875 0.0109375 0.0421875
2 0.7453125 0.14140625 0.009375 0.0375
2 0.690625 0.13203125 0.0078125 0.0390625
2 0.828125 0.16484375 0.0109375 0.040625
308 1 0.2011184421875 0.3292414125 0.0987269515625 0.0621973828125 0.95203318125 1 0.9213521234375 1 0.2011184421875