10101 0.77890625 0.103125 0.14375 0.16328125
10101 0.42734375 0.03203125 0.1421875 0.0640625
10101 0.53046875 0.059375 0.13359375 0.11875
10101 0.03046875 0.1234375 0.0609375 0.13125
10101 0.396875 0.36171875 0.13203125 0.14375
10101 0.34140625 0.33125 0.10859375 0.11328125
10101 0.41640625 0.5703125 0.13984375 0.1296875
101 0.703125 0.159375 0.08671875 0.153125
101 0.7875 0.1609375 0.128125 0.115625
101 0.5078125 0.11875 0.1265625 0.12734375
101 0.34921875 0.125 0.0890625 0.1515625
101 0.34375 0.42421875 0.1125 0.1
101 0.2234375 0.42421875 0.12421875 0.13125
101 0.2671875 0.66640625 0.13046875 0.1296875
101 0.10546875 0.5796875 0.10234375 0.0953125
101 0.071875 0.4640625 0.11015625 0.11171875
101 0.06953125 0.375 0.1203125 0.11328125
101 0.03984375 0.65546875 0.07890625 0.11015625
101 0.0640625 0.76640625 0.10234375 0.11953125
