10101 0.271875 0.08046875 0.1625 0.1609375
10101 0.62890625 0.04453125 0.1484375 0.08125
10101 0.5234375 0.0625 0.146875 0.125
10101 0.98671875 0.1828125 0.0265625 0.1375
10101 0.61953125 0.375 0.1484375 0.159375
10101 0.678125 0.3515625 0.121875 0.125
10101 0.57421875 0.5796875 0.1546875 0.1453125
101 0.33984375 0.1375 0.1046875 0.1625
101 0.25625 0.128125 0.140625 0.1296875
101 0.5390625 0.1203125 0.140625 0.1421875
101 0.6953125 0.14609375 0.10625 0.1609375
101 0.6640625 0.44375 0.1234375 0.1125
101 0.78359375 0.45859375 0.1390625 0.1453125
101 0.7109375 0.69375 0.1453125 0.1453125
101 0.88203125 0.62734375 0.1125 0.1078125
101 0.9296875 0.51640625 0.1234375 0.125
101 0.9375 0.42734375 0.125 0.1265625
101 0.9375 0.71015625 0.0921875 0.11875
101 0.9 0.8171875 0.115625 0.13125
