101 0.20703125 0.11328125 0.15 0.16875
101 0.55625 0.03203125 0.14375 0.0640625
101 0.453125 0.0609375 0.1375 0.121875
101 0.95625 0.10703125 0.065625 0.1328125
101 0.5984375 0.35859375 0.1375 0.1484375
101 0.65234375 0.32578125 0.1125 0.1171875
101 0.5859375 0.5671875 0.14375 0.134375
101 0.28515625 0.16640625 0.0921875 0.15625
101 0.20078125 0.17109375 0.1328125 0.1203125
101 0.47890625 0.11953125 0.13125 0.13125
101 0.6375 0.1203125 0.09375 0.1546875
101 0.653125 0.41875 0.115625 0.103125
101 0.7734375 0.41484375 0.128125 0.1359375
101 0.73828125 0.6578125 0.134375 0.134375
101 0.896875 0.565625 0.10625 0.0984375
101 0.9265625 0.44921875 0.1140625 0.115625
101 0.92578125 0.36015625 0.1234375 0.1171875
101 0.96171875 0.6390625 0.0765625 0.1125
101 0.9453125 0.75078125 0.10625 0.1234375
