127 0.178125 0.43125 0.1640625 0.2234375
127 0.31875 0.315625 0.1625 0.2125
127 0.16875 0.196875 0.175 0.228125
127 0.3046875 0.146875 0.14375 0.203125
127 0.43125 0.125 0.1453125 0.20625
127 0.5625 0.103125 0.1703125 0.20625
127 0.7125 0.103125 0.184375 0.20625
127 0.8234375 0.1875 0.165625 0.2328125
127 0.8640625 0.375 0.1546875 0.2265625
127 0.83125 0.5875 0.190625 0.2515625
127 0.7390625 0.4296875 0.178125 0.2421875
127 0.6125 0.271875 0.165625 0.209375
127 0.46875 0.2875 0.18125 0.25625
127 0.4203125 0.465625 0.1625 0.2078125
127 0.559375 0.4375 0.1625 0.2328125
127 0.546875 0.6515625 0.1921875 0.2421875
127 0.7125 0.71875 0.1734375 0.25625
127 0.5671875 0.84375 0.2015625 0.234375
127 0.39375 0.8625 0.1640625 0.228125
127 0.2546875 0.7625 0.165625 0.2421875