127 0.24375 0.340625 0.2390625 0.190625
127 0.221875 0.5046875 0.221875 0.16875
127 0.44375 0.4640625 0.2484375 0.225
127 0.534375 0.6453125 0.2890625 0.2140625
127 0.75 0.659375 0.2328125 0.25
127 0.7765625 0.465625 0.1921875 0.190625
127 0.609375 0.44375 0.265625 0.2703125
127 0.684375 0.271875 0.2328125 0.253125
127 0.45625 0.265625 0.290625 0.2328125
127 0.465625 0.090625 0.2390625 0.1796875
127 0.15625 0.678125 0.2515625 0.25
127 0.3421875 0.765625 0.2140625 0.278125
127 0.521875 0.840625 0.259375 0.2328125
