127 0.26875 0.25625 0.190625 0.23125
127 0.3890625 0.35625 0.1328125 0.2046875
127 0.45625 0.20625 0.2125 0.240625
127 0.621875 0.3109375 0.2140625 0.265625
127 0.784375 0.4 0.2 0.2453125
127 0.865625 0.603125 0.2203125 0.3
127 0.6828125 0.5375 0.228125 0.246875
127 0.7 0.7625 0.2375 0.3453125
127 0.5375 0.81875 0.1640625 0.23125
127 0.553125 0.634375 0.165625 0.190625
127 0.4953125 0.453125 0.2015625 0.2828125
127 0.284375 0.49375 0.1921875 0.2890625
127 0.403125 0.709375 0.196875 0.259375
127 0.375 0.90625 0.184375 0.1765625
127 0.2125 0.828125 0.21875 0.309375
