127 0.021875 0.41796875 0.04375 0.0984375
127 0.071875 0.4375 0.053125 0.075
127 0.153125 0.40625 0.0953125 0.0953125
127 0.146875 0.5078125 0.090625 0.109375
127 0.2359375 0.5296875 0.1171875 0.1296875
127 0.309375 0.4546875 0.096875 0.096875
127 0.35625 0.5625 0.1125 0.165625
127 0.221875 0.640625 0.1046875 0.121875
127 0.440625 0.4703125 0.096875 0.1171875
127 0.4796875 0.571875 0.090625 0.153125
127 0.5453125 0.6515625 0.0828125 0.1140625
127 0.6 0.584375 0.0890625 0.1328125
127 0.6734375 0.5421875 0.0875 0.10625
127 0.55625 0.465625 0.0984375 0.13125
127 0.61875 0.4125 0.059375 0.075
127 0.775 0.496875 0.0734375 0.0953125
127 0.8453125 0.478125 0.0890625 0.1109375
127 0.88125 0.35 0.0859375 0.0984375
127 0.934375 0.3734375 0.0453125 0.065625
127 0.975 0.4328125 0.0484375 0.084375
127 0.909375 0.43125 0.0953125 0.0953125
127 0.88125 0.6 0.1359375 0.140625
