127 0.21875 0.2796875 0.196875 0.2421875
127 0.35 0.35 0.1375 0.2125
127 0.4015625 0.1890625 0.2203125 0.2515625
127 0.578125 0.253125 0.2234375 0.2765625
127 0.75 0.3046875 0.2078125 0.25625
127 0.853125 0.4828125 0.2296875 0.3109375
127 0.6625 0.459375 0.234375 0.259375
127 0.70625 0.675 0.246875 0.3578125
127 0.55 0.76875 0.1703125 0.2390625
127 0.54375 0.584375 0.1734375 0.2
127 0.4671875 0.41875 0.2109375 0.29375
127 0.2625 0.5078125 0.2 0.3
127 0.403125 0.690625 0.2046875 0.2703125
127 0.396875 0.884375 0.1890625 0.175
127 0.2265625 0.8375 0.2265625 0.296875
