119 0.2171875 0.3515625 0.1046875 0.1046875
119 0.125 0.546875 0.13125 0.1421875
119 0.3390625 0.521875 0.11875 0.125
119 0.2578125 0.734375 0.1421875 0.13125
119 0.315625 0.8421875 0.1484375 0.153125
119 0.3984375 0.6875 0.1328125 0.1328125
119 0.765625 0.7140625 0.1109375 0.146875
119 0.9515625 0.771875 0.0953125 0.140625
119 0.890625 0.3453125 0.0921875 0.13125
119 0.7875 0.3609375 0.096875 0.115625
119 0.6640625 0.3515625 0.0984375 0.10625
119 0.6359375 0.5015625 0.1125 0.125
119 0.6453125 0.6375 0.103125 0.1421875