119 0.2375 0.31796875 0.1171875 0.1171875
119 0.121875 0.50078125 0.146875 0.1578125
119 0.3375 0.50234375 0.1328125 0.1390625
119 0.23125 0.703125 0.1578125 0.146875
119 0.275 0.8171875 0.165625 0.1703125
119 0.3765625 0.6734375 0.1484375 0.1484375
119 0.7375 0.74453125 0.128125 0.159375
119 0.91484375 0.825 0.1125 0.1515625
119 0.90625 0.39375 0.1078125 0.1421875
119 0.80234375 0.396875 0.1109375 0.1265625
119 0.68125 0.37265625 0.1109375 0.1171875
119 0.634375 0.51796875 0.1265625 0.1375
119 0.62734375 0.65390625 0.1203125 0.153125
