311 0.44483344375 0.3408441109375 0.43710149375 0.276464053125 0.40913066875000004 0.2689692921875 0.41566438124999994 0.3378212296875 0.44483344375 0.3408441109375
311 0.4243268234375 0.3412169890625 0.41309098281249995 0.2741436078125 0.3875404453125 0.2671875 0.3866841921875 0.2671875 0.39393188281249997 0.3410670890625 0.4243268234375 0.3412169890625
311 0.3584753390625 0.28878594999999996 0.3951159625 0.34958861093750004 0.415625 0.3380568203125 0.415625 0.33643496875 0.3804999421875 0.2767528734375 0.3584753390625 0.28878594999999996
311 0.34711446874999996 0.2830998140625 0.352537371875 0.3436658703125 0.3752540921875 0.3484375 0.38007616875 0.3484375 0.3766829421875 0.2846320703125 0.34711446874999996 0.2830998140625
311 0.20534971406250002 0.3651293953125 0.1955575046875 0.30765165781250003 0.17043497968750002 0.30723767031250004 0.1821872859375 0.36810763281250003 0.20534971406250002 0.3651293953125
311 0.79388185625 0.33132625625 0.7682310828125 0.33240821875000004 0.7612088640625 0.4010107203125 0.787111903125 0.4028121640625 0.79388185625 0.33132625625
311 0.7114009109375 0.405594971875 0.7392140421875 0.4057989609375 0.758786696875 0.3421742921875 0.759375 0.3399878421875 0.759375 0.33766981875 0.7332420875000001 0.3398077421875 0.7114009109375 0.405594971875
311 0.74037158125 0.43348477656249995 0.7146066984375 0.436538 0.7054064375 0.5046875 0.7094172734375 0.5046875 0.7333871671875001 0.503616328125 0.74037158125 0.43348477656249995
311 0.7620952390625 0.627447425 0.7451679984374999 0.5526322625 0.7223268484375 0.5562682921875 0.73877180625 0.6261712609375001 0.7620952390625 0.627447425
311 0.7328145609375001 0.561123953125 0.775230609375 0.6223347765625 0.7984375 0.614588146875 0.7984375 0.612815865625 0.75297954375 0.5528145984374999 0.7328145609375001 0.561123953125
311 0.9185977937500001 0.31943607812499997 0.9210368546875 0.3076753921875 0.893151178125 0.311672384375 0.8893676718749999 0.3875 0.8931533406250001 0.3875 0.9130332515624999 0.3860212609375 0.9185977937500001 0.31943607812499997
