311 0.694567915625 0.3920685671875 0.6763924125 0.451187815625 0.7041612484375 0.45883297343749996 0.7234867046875 0.40160121406249993 0.694567915625 0.3920685671875
311 0.72756913125 0.5194481375 0.6853560875 0.5084186468749999 0.685313575 0.5407298984375 0.7286668796875 0.5520998296874999 0.72756913125 0.5194481375
311 0.6839068984375001 0.53309396875 0.68171454375 0.5385556078125 0.6783837625 0.5651134703125 0.7150883718750001 0.58125 0.7172500015625001 0.58125 0.7231069921875 0.5553251796875001 0.6839068984375001 0.53309396875
311 0.71912910625 0.5899764640625 0.6792055734375 0.5770964015625 0.678646753125 0.610272603125 0.7179291546875 0.62218513125 0.71912910625 0.5899764640625
311 0.6733827531250001 0.632855675 0.7096140296875 0.653125 0.7121666656250001 0.653125 0.715625 0.6245910640625 0.715625 0.623158721875 0.6776491 0.6078279984375 0.6733827531250001 0.632855675
311 0.711760965625 0.6549317671875 0.66775043125 0.6462711328124999 0.6688145203125 0.675280871875 0.7132143921874999 0.6932585703125 0.711760965625 0.6549317671875
311 0.7080205734375 0.6983472171875 0.6732974625 0.67409015625 0.6708792109374999 0.677355365625 0.6639162 0.700741440625 0.6978212171875 0.72330486875 0.7080205734375 0.6983472171875
311 0.620508403125 0.6896446671875001 0.603602353125 0.75847738125 0.6294634390625 0.76402901875 0.6433586046875 0.7042542484375 0.620508403125 0.6896446671875001
311 0.5326269859375 0.5248792328125 0.5488769171875 0.6000282578125 0.578125 0.6065922515625 0.578125 0.5995020859375 0.5585989796875 0.5285046703125 0.5326269859375 0.5248792328125
311 0.5218550171875 0.510300784375 0.5233193640625 0.5920503578125 0.5245437203125001 0.5921875 0.5443192078125 0.5921875 0.5420721734375 0.5162022890625 0.5218550171875 0.510300784375
311 0.4093169109375 0.576691771875 0.37863926718749996 0.632815296875 0.40478059687499995 0.6515625 0.40542487187500004 0.6515625 0.43266954843749994 0.5927546828125 0.4093169109375 0.576691771875
311 0.3880792609375 0.34572564687499996 0.4025995015625 0.419361059375 0.4234375 0.4238337203125 0.4234375 0.41676235781250004 0.412271240625 0.35755709375 0.3880792609375 0.34572564687499996
311 0.41531382499999997 0.35695848125 0.41881494999999996 0.4299427203125 0.43054394374999994 0.4328125 0.436492840625 0.4328125 0.43488033125000003 0.36554905781249997 0.41531382499999997 0.35695848125
311 0.4330791953125 0.35880915468749996 0.43742406093749997 0.43479065937500005 0.456490384375 0.4453125 0.45900146093750005 0.4453125 0.4541050796875 0.367641053125 0.4330791953125 0.35880915468749996
311 0.49383483906250003 0.471875 0.4964989046875 0.471875 0.504062378125 0.3943982015625 0.48337161249999994 0.38125 0.48316351874999997 0.38125 0.4749921546875 0.4642703734375 0.49383483906250003 0.471875
311 0.5141106046874999 0.39259572187499997 0.5057846890625 0.39436801718750003 0.4955328328125 0.46858475000000005 0.5182828890625 0.4875 0.5184112 0.4875 0.52980411875 0.4036104765625 0.5141106046874999 0.39259572187499997
311 0.5469165968749999 0.42053550937499995 0.5387996921875 0.499659921875 0.552758240625 0.50625 0.5581347578125 0.50625 0.5666743421875 0.43553889375 0.5469165968749999 0.42053550937499995
311 0.535632640625 0.49375 0.536583978125 0.49375 0.544375378125 0.4173393390625 0.5312218 0.4078125 0.5303620421875 0.4078125 0.5168996109374999 0.4838824828125 0.535632640625 0.49375
311 0.561380871875 0.43126381406250003 0.565457865625 0.5072312796875 0.5835588265625 0.515625 0.5878468375 0.515625 0.5820311499999999 0.4421373578125 0.561380871875 0.43126381406250003
311 0.583260221875 0.43761523437500005 0.5875766953125 0.5192639031249999 0.6052445515625 0.525 0.610189228125 0.525 0.605490809375 0.44908693125 0.583260221875 0.43761523437500005
311 0.427305403125 0.2527335578125 0.40635960156250006 0.3021309171875 0.42877599843749997 0.3130486953125 0.44997524999999994 0.263624696875 0.427305403125 0.2527335578125
311 0.47150372812499997 0.2712370625 0.44536451093749996 0.32596499687499997 0.4679019109375 0.3359375 0.4691706765625 0.3359375 0.4944968390625 0.28706789375 0.47150372812499997 0.2712370625
311 0.08427089374999999 0.47470571718750004 0.1075357125 0.48907578437500004 0.1421875 0.43594511875 0.1421875 0.4333813125 0.125598584375 0.4207412046875 0.08427089374999999 0.47470571718750004