311 0.34256910937499996 0.023690675 0.30512550781250003 0.0191053828125 0.310303878125 0.0596087953125 0.3513325046875 0.070307809375 0.34256910937499996 0.023690675
311 0.32105895625 0.0894131921875 0.35770588281250004 0.0947627 0.350137496875 0.055023503125 0.3111005515625 0.0512024265625 0.32105895625 0.0894131921875
311 0.3294240140625 0.124567096875 0.364875934375 0.1283881734375 0.3569092109375 0.0917058390625 0.3202622828125 0.08712054687500001 0.3294240140625 0.124567096875
311 0.3708509765625 0.15742835625 0.3624859171875 0.12227445156250001 0.3294240140625 0.1215102375 0.3369924015625 0.1543714953125 0.3708509765625 0.15742835625
311 0.372444321875 0.1558999265625 0.338585746875 0.152843065625 0.3417724359375 0.1864685390625 0.38080938125 0.1941106921875 0.372444321875 0.1558999265625
311 0.35093416875 0.220858228125 0.38758109687500003 0.22467930468750003 0.3784193640625 0.1879969703125 0.3421707734375 0.1857043234375 0.35093416875 0.220858228125
311 0.394751146875 0.25677635 0.3859877515625 0.220858228125 0.349739159375 0.21474450625000002 0.3589008921875 0.2605974265625 0.394751146875 0.25677635
311 0.4082945765625 0.2904018234375 0.36686761562500003 0.286580746875 0.3740376671875 0.32631994375 0.41586296406249995 0.33014102031250003 0.4082945765625 0.2904018234375
311 0.424228025 0.3599454171875 0.383597734375 0.3584169875 0.391166121875 0.39586353750000003 0.43219474843750005 0.40044882968750006 0.424228025 0.3599454171875
311 0.41028625781250005 0.3247915125 0.375232675 0.3224988671875 0.38240272656249996 0.359181203125 0.423033015625 0.365294925 0.41028625781250005 0.3247915125
311 0.490351828125 0.158192571875 0.4692400109375 0.21398029062499999 0.4788000796875 0.2514268421875 0.5003102328125 0.20098863125 0.490351828125 0.158192571875
311 0.4728250375 0.0939984859375 0.45250989218750004 0.1467293421875 0.45848493437500004 0.1864685390625 0.48158843281249997 0.12685974375 0.4728250375 0.0939984859375
311 0.4684433390625 0.219329796875 0.4911485015625 0.1635420796875 0.481190096875 0.12685974375 0.45848493437500004 0.1765337390625 0.4684433390625 0.219329796875
311 0.5102686375000001 0.2269719515625 0.48636846718750004 0.2873449625 0.49752187968749995 0.32173465156250003 0.5238120671875001 0.2583047796875 0.5102686375000001 0.2269719515625
311 0.5254054125 0.2911660375 0.50270025 0.3599454171875 0.5114636453125 0.396627753125 0.5353638171874999 0.3377831734375 0.5254054125 0.2911660375
311 0.6136242984375 0.6156208203125 0.595346128125 0.5649684734375 0.574456790625 0.6295363 0.5727160109375 0.632319396875 0.584611328125 0.6779621687499999 0.6136242984375 0.6156208203125
311 0.6147848171875 0.64567825625 0.59244483125 0.7057931281250001 0.6037598890625 0.7464263296875 0.62726039375 0.6857548375 0.6147848171875 0.64567825625
311 0.510338128125 0.7241615625 0.467108803125 0.7146990359375 0.47436204687499994 0.761455046875 0.5152703328125 0.7698043343750001 0.510338128125 0.7241615625
311 0.60869209375 0.8343721609375001 0.5822902921875001 0.9089591328125 0.5950559984375 0.9501489515625 0.626099875 0.8744487421875 0.60869209375 0.8343721609375001
311 0.505696053125 0.880014934375 0.5471845984375 0.8822414109375 0.5379004484375 0.8338155421875 0.49380073593749996 0.8299192078125 0.505696053125 0.880014934375
311 0.5497957671875 0.880014934375 0.508017090625 0.8755619796874999 0.514980203125 0.9184216578125 0.559660175 0.928997421875 0.5497957671875 0.880014934375
311 0.5582095265625 0.919534896875 0.516140721875 0.9156385625000001 0.5254248718750001 0.9629511921875 0.5651726390625 0.9735269578124999 0.5582095265625 0.919534896875
311 0.74476291875 0.8354853984374999 0.6945704828125 0.8299192078125 0.70762631875 0.87778845625 0.7589792734375 0.8855811265625 0.74476291875 0.8354853984374999
311 0.5915744421875 0.2766397359375 0.5500858953125001 0.2727434015625 0.560240434375 0.3128199828125 0.6084019640625 0.3194994140625 0.5915744421875 0.2766397359375
311 0.61101313125 0.345103896875 0.569814715625 0.3423208 0.5785186062500001 0.3840672375 0.6226183187500001 0.39019005 0.61101313125 0.345103896875
311 0.602309240625 0.3128199828125 0.559660175 0.307810409375 0.568944325 0.3456605140625 0.6124637796875 0.35122670624999996 0.602309240625 0.3128199828125
311 0.619717021875 0.3807275234375 0.577938346875 0.3746047125 0.5875126265625 0.4169077703125 0.6316123390625 0.42080410468749996 0.619717021875 0.3807275234375
311 0.5979572953125001 0.4558711140625 0.6403162296875 0.4597674484375 0.6330629875 0.4163511515625 0.587222496875 0.41356805625000004 0.5979572953125001 0.4558711140625
311 0.638285321875 0.44807844531249996 0.5944757390625 0.4464085875 0.606074096875 0.4898769578125 0.6542424546875 0.498730790625 0.638285321875 0.44807844531249996
311 0.6606253078125001 0.528231609375 0.616235465625 0.5248918921875 0.6263900046875001 0.561628759375 0.6733910140625 0.5705346671875 0.6606253078125001 0.528231609375
311 0.6507608984375 0.48982488437500005 0.6066611859375 0.4842586921875 0.6165255953125001 0.52711836875 0.662946346875 0.5337978 0.6507608984375 0.48982488437500005
311 0.6722304968749999 0.56552509375 0.626099875 0.55717580625 0.63654454375 0.6033751984375 0.68441594375 0.61339434375 0.6722304968749999 0.56552509375
