311 0.7001095562499999 0.391115553125 0.6719442296875 0.4461805046875 0.6979636265625 0.4585315234375 0.7269336765625 0.4055250734375 0.7001095562499999 0.391115553125
311 0.7285431234375 0.5233743640624999 0.688575184375 0.5058770906250001 0.6834786015625001 0.5377838859375 0.72451950625 0.5557957859375 0.7285431234375 0.5233743640624999
311 0.681332671875 0.53469613125 0.6797232234374999 0.5403570140625 0.6791867421875 0.5671175515625 0.7194229234375 0.5799831953125001 0.7226418171875 0.55270803125 0.681332671875 0.53469613125
311 0.720227646875 0.5923342125 0.681869153125 0.5753515625000001 0.6778455359375 0.608287609375 0.715667546875 0.6242410078125 0.720227646875 0.5923342125
311 0.6735536765625 0.634018896875 0.7132533750000001 0.6535746734375001 0.7153993046875 0.622182503125 0.6765043296875 0.6088022359374999 0.6735536765625 0.634018896875
311 0.7132533750000001 0.65872093125 0.6711395046875 0.643282159375 0.6676523703125 0.6721012 0.708693275 0.696803234375 0.7132533750000001 0.65872093125
311 0.6695300578125 0.6762172796875 0.6676523703125 0.6798205859374999 0.6644334749999999 0.7040079953125 0.7014507625 0.7209897171875 0.7076203109375 0.6947438046875 0.6695300578125 0.6762172796875
311 0.6287573937500001 0.6895975484375 0.5979096546875 0.7534111375 0.6220513640625 0.7642182796875 0.6480707609375 0.7086387000000001 0.6287573937500001 0.6895975484375
311 0.573767946875 0.6098305609375 0.5633065390625001 0.5290343203125001 0.538091865625 0.5218295625 0.54372493125 0.5985087953125 0.573767946875 0.6098305609375
311 0.5177055328125 0.5110224203125 0.5262892515625001 0.5923332859375 0.5474803078125 0.5928479109375 0.5383601062500001 0.5151394265625 0.5177055328125 0.5110224203125
311 0.4098725671875 0.577410065625 0.3782201046875 0.63298964375 0.40450774375 0.652545421875 0.43294131093750005 0.5938780890625 0.4098725671875 0.577410065625
311 0.41416442656249997 0.3586941328125 0.39109568281249996 0.3447992375 0.3991429203125 0.4194199671875 0.42087045781250004 0.426110103125 0.41416442656249997 0.3586941328125
311 0.4399155828125 0.43331486249999995 0.43347779375 0.364869640625 0.413359703125 0.3576648796875 0.421943421875 0.4302271078125 0.4399155828125 0.43331486249999995
311 0.4613748796875 0.4461805046875 0.452254678125 0.36744276875000004 0.4307953828125 0.359723384375 0.43911085937500005 0.435373365625 0.4613748796875 0.4461805046875
311 0.4726410109375 0.3839107921875 0.48337065937499996 0.466765534375 0.5061711609375 0.4703679140625 0.49597799531250003 0.392144803125 0.4726410109375 0.3839107921875
311 0.4954415140625 0.3972910625 0.50214754375 0.471911790625 0.5287034234375 0.48529206093750005 0.5209244281250001 0.4008934421875 0.5031553578125 0.3936912671875 0.4954415140625 0.3972910625
311 0.5684031218750001 0.5053624640625001 0.5592829218750001 0.43228561093750006 0.53648241875 0.422507721875 0.5477485484375 0.5012454578125001 0.5684031218750001 0.5053624640625001
311 0.5370189015625 0.41581758750000003 0.52119266875 0.409127453125 0.5252162874999999 0.4868359375 0.546675584375 0.4924968203125 0.5370189015625 0.41581758750000003
311 0.5903989015625 0.5171988562500001 0.5804739765625 0.4420635 0.5592829218750001 0.43228561093750006 0.5673301578125 0.5079355921875 0.5903989015625 0.5171988562500001
311 0.6126629218749999 0.5254328671875 0.6038109625 0.44823900937500005 0.5810104593750001 0.43794649375 0.589594178125 0.519257359375 0.6126629218749999 0.5254328671875
311 0.43043813281250004 0.25277704375 0.4044436453125 0.299714365625 0.4255960234375 0.3129154875 0.4518453578125 0.26597816406249997 0.43043813281250004 0.25277704375
311 0.47248804062499994 0.2713564 0.44445476875 0.32513875 0.46764592968749996 0.33638415 0.49491465625000003 0.28798003437499997 0.47248804062499994 0.2713564
311 0.12334639218750001 0.41999125625 0.08588374843749999 0.4767071890625 0.1100943 0.48941937968750004 0.141950290625 0.43221451718750004 0.12334639218750001 0.41999125625
