311 0.3258176859375 0.44907885312499995 0.3025587640625 0.39176867031249996 0.2745808453125 0.40378548125 0.2988208390625 0.4591151328125 0.3258176859375 0.44907885312499995
311 0.3154137 0.5091531453125 0.272841446875 0.5187027015625 0.270604840625 0.55129619375 0.314328540625 0.5414461968750001 0.3154137 0.5091531453125
311 0.317338715625 0.5340172937500001 0.277028853125 0.5541664625 0.28140529999999997 0.5796875 0.2857613421875 0.5796875 0.3203125 0.5666097609375 0.3203125 0.5543421984375 0.319242225 0.5395861875 0.317338715625 0.5340172937500001
311 0.3211875734375 0.5774459578125 0.2810453328125 0.589627296875 0.2816829828125 0.621852 0.3211673046875 0.610626859375 0.3211875734375 0.5774459578125
311 0.3211052453125 0.6069793359375 0.2838219609375 0.6243519359375 0.288849140625 0.653125 0.2927639515625 0.653125 0.32667559375 0.6317494296875 0.3211052453125 0.6069793359375
311 0.323792615625 0.64041915625 0.2846123921875 0.6622559125 0.2948700359375 0.6984375 0.2959287 0.6984375 0.331745109375 0.668337878125 0.323792615625 0.64041915625
311 0.3332075109375 0.6809690671874999 0.3315209796875 0.6772724296875 0.292513325 0.693780075 0.2973007390625 0.7203125 0.297301840625 0.7203125 0.335156125 0.7052917937500001 0.3332075109375 0.6809690671874999
311 0.3503757828125 0.7121197546875 0.38297468125 0.7641140859375 0.4046875 0.7510078640625 0.4046875 0.7489993265625 0.3672246578125 0.690866825 0.3503757828125 0.7121197546875
311 0.42585643281249996 0.609375 0.4275238984375 0.609375 0.45581391250000003 0.5987138578125 0.4609375 0.528969815625 0.4609375 0.5221802 0.43623230468749996 0.5292393828125 0.42585643281249996 0.609375
311 0.45 0.587359715625 0.45 0.5920826265625 0.4523016375 0.5921875 0.47043598124999997 0.5921875 0.484375 0.5133462843750001 0.484375 0.5125124015625 0.46363438593749995 0.5151593375 0.45 0.587359715625
311 0.6200508203124999 0.6346511859375 0.5933628843750001 0.5765244109375 0.568946640625 0.5909191953125 0.5921588140625 0.6518414296875 0.6200508203124999 0.6346511859375
311 0.5808033328125 0.425 0.5845022531249999 0.425 0.6020864265625 0.41856018281249996 0.6062101531249999 0.34375 0.606025828125 0.34375 0.5839073625 0.3587037359375 0.5808033328125 0.425
311 0.5595001078124999 0.4328125 0.5610728 0.4328125 0.57754089375 0.430571678125 0.5859375 0.375995421875 0.5859375 0.35921964375000004 0.568294490625 0.36485148125 0.5595001078124999 0.4328125
311 0.564592725 0.3581889734375 0.5440578828125 0.36810917656250003 0.5432232109374999 0.446875 0.544011696875 0.446875 0.564230378125 0.4342937390625 0.564592725 0.3581889734375
311 0.493669446875 0.46875 0.5024318109375 0.46875 0.5162857546875 0.4665611375 0.5265625 0.3872037296875 0.5265625 0.38386619375 0.5036784187500001 0.39194040625 0.493669446875 0.46875
311 0.49342683750000005 0.394265153125 0.4850712578125 0.39263843593750003 0.46957236875 0.40392540156249995 0.48241175625 0.4875 0.48267325625 0.4875 0.5049723921875 0.4682916625 0.49342683750000005 0.394265153125
311 0.45906967656250003 0.421726965625 0.43741614531249995 0.4338345921875 0.43603851093749996 0.5046875 0.44491517031249994 0.5046875 0.4560955984375 0.501211 0.45906967656250003 0.421726965625
311 0.4433876375 0.48792265781250005 0.46558087031250006 0.48800873906250003 0.4875 0.42040423281250006 0.4875 0.41427864999999997 0.47256132187500005 0.416355540625 0.4433876375 0.48792265781250005
311 0.412785996875 0.5171875 0.41423581875000004 0.5171875 0.43510771718749996 0.507062575 0.437850515625 0.43125 0.43746765468750004 0.43125 0.41740091250000005 0.4422678109375 0.412785996875 0.5171875
311 0.3859375 0.5246657578125 0.3859375 0.525 0.387120634375 0.525 0.4091132578125 0.519927984375 0.41875 0.4515858234375 0.41875 0.4396958515625 0.39738363906249996 0.44845673750000004 0.3859375 0.5246657578125
311 0.59873199375 0.2939877921875 0.5628451437499999 0.25410095781250003 0.544956190625 0.2717793125 0.58109135625 0.3116088203125 0.59873199375 0.2939877921875
311 0.551761540625 0.32876419375 0.53248681875 0.27125862343749996 0.5077358015625 0.2841692984375 0.5270967328125 0.33624324687499996 0.551761540625 0.32876419375
311 0.878015625 0.41970620781249995 0.8589964734375 0.43127275468750004 0.8885847203124999 0.4890625 0.88985888125 0.4890625 0.9134760906249999 0.47769501718749996 0.878015625 0.41970620781249995