311 0.369791778125 0.22332956718750002 0.333485928125 0.26502184375 0.3546070796875 0.286589428125 0.3909129328125 0.24489714999999998 0.369791778125 0.22332956718750002
311 0.375953484375 0.3011604625 0.4102241203125 0.25325601875000003 0.3867100328125 0.23039344687500002 0.352267659375 0.2727627828125 0.375953484375 0.3011604625
311 0.4102498375 0.2490840875 0.393491821875 0.3022349796875 0.42263153593749997 0.3272590578125 0.44713323593750004 0.26519740937499997 0.4102498375 0.2490840875
311 0.4690316515625 0.26987101562500004 0.43211232656250004 0.3237718265625 0.4604275234375 0.3409206171875 0.4941919859375 0.2954099078125 0.4690316515625 0.26987101562500004
311 0.4163637515625 0.3609891078125 0.41704106406249997 0.37632090156250003 0.44095376875000003 0.44898999375 0.4671875 0.45225050156249996 0.4671875 0.448157259375 0.440134121875 0.37072753281250004 0.4163637515625 0.3609891078125
311 0.49009590000000003 0.28555111875 0.45489136874999997 0.32749765468750003 0.48041779375000004 0.350082275 0.5191701828124999 0.3078420671875 0.49009590000000003 0.28555111875
311 0.49828233437499997 0.2940483390625 0.476316284375 0.3444942421875 0.5078941984374999 0.3585893953125 0.5330159515624999 0.30466216562500004 0.49828233437499997 0.2940483390625
311 0.5460110203124999 0.3119434734375 0.5198561828125 0.3028205671875 0.518378396875 0.313245903125 0.5057919578125001 0.36555103125 0.53144594375 0.3703290859375 0.5460110203124999 0.3119434734375
311 0.546756940625 0.3770308671875 0.5696472499999999 0.33107273125000003 0.5463191703125 0.317441196875 0.5213350203125 0.36545359843749997 0.546756940625 0.3770308671875
311 0.544275021875 0.375700871875 0.5626097046874999 0.3908148640625 0.5921875 0.3450389453125 0.5921875 0.34276945 0.5729102828125 0.332391828125 0.544275021875 0.375700871875
311 0.5902080187500001 0.40329279375000004 0.6075743140625 0.350961840625 0.586010409375 0.3440052046875 0.5681283046875001 0.3949823046875 0.5902080187500001 0.40329279375000004
311 0.6097614984375 0.41232594375 0.6339109015625 0.36482576718750004 0.6110893703125 0.3508639078125 0.5852880234375 0.4008022265625 0.6097614984375 0.41232594375
311 0.6091101203125 0.4158233203125 0.635441315625 0.42519149062499995 0.6519157343749999 0.372310740625 0.6279545375 0.362737078125 0.6091101203125 0.4158233203125
311 0.6572228703125 0.43844156874999995 0.672349546875 0.381220128125 0.644581559375 0.37441320624999996 0.632248271875 0.42848634375000005 0.6572228703125 0.43844156874999995
311 0.6979720796875 0.4070478265625 0.679599015625 0.3870394078125 0.6782345703125 0.3874495203125 0.63864658125 0.43119489062499994 0.66296216875 0.4507160953125 0.6979720796875 0.4070478265625
311 0.6996207671875 0.461469753125 0.7142319625 0.402571396875 0.6864959500000001 0.3935120734375 0.6729678921875 0.45075467031249994 0.6996207671875 0.461469753125
311 0.5783911109375001 0.4363016421875 0.5786918234375 0.447033228125 0.5778474499999999 0.5242071265625 0.5965295203125 0.5328125 0.5993320765625 0.5328125 0.6018354578125 0.4533248 0.5783911109375001 0.4363016421875
311 0.1740119453125 0.3301502078125 0.146875 0.314046771875 0.146875 0.315007559375 0.1523481765625 0.390276678125 0.180147971875 0.403125 0.18125 0.403125 0.18125 0.40236138749999995 0.1740119453125 0.3301502078125
311 0.17222201875 0.329094903125 0.17194254375 0.400217065625 0.1930640109375 0.415625 0.19593352343749998 0.415625 0.199496228125 0.3418084359375 0.17222201875 0.329094903125
311 0.24022548281249997 0.4266623390625 0.227127134375 0.358034634375 0.203125 0.352771115625 0.203125 0.3565607375 0.215726575 0.4242692234375 0.24022548281249997 0.4266623390625
311 0.2734699640625 0.39180883125 0.2755949359375 0.396850028125 0.2972394671875 0.4614612875 0.3169235453125 0.470746325 0.31875 0.47062127656249997 0.31875 0.4674417625 0.2966019015625 0.39937590312500004 0.2734699640625 0.39180883125
311 0.320017403125 0.31795668125 0.33484144374999997 0.3895644984375 0.359375 0.3991078421875 0.359375 0.39127015468750004 0.34353991875 0.3222589828125 0.320017403125 0.31795668125
311 0.11375746875 0.41456751875000003 0.08144670937500001 0.4790496953125 0.10676782343749999 0.4921014265625 0.1379146015625 0.428308278125 0.11375746875 0.41456751875000003
311 0.1158336265625 0.5021502390625 0.163525021875 0.4511611859375 0.141645509375 0.4312656890625 0.097058384375 0.482208125 0.1158336265625 0.5021502390625
311 0.1475009359375 0.5139818765624999 0.17597640625 0.4489685671875 0.148916459375 0.439484365625 0.12604899375 0.5046968 0.1475009359375 0.5139818765624999
311 0.408339584375 0.4554213015625 0.40683794375 0.52963948125 0.4272818515625 0.540625 0.42919448125 0.540625 0.43123917812499996 0.4633652953125 0.408339584375 0.4554213015625
311 0.45521012499999997 0.5546875 0.45710640625 0.5546875 0.44993792812500005 0.4760451484375 0.4275469828125 0.465625 0.4268518859375 0.465625 0.43361412499999996 0.541615809375 0.45521012499999997 0.5546875
311 0.45474429531249994 0.475909934375 0.44896382968750004 0.5500327515625 0.46910724375 0.5671875 0.4695856265625 0.5671875 0.47646923750000003 0.49248826718750005 0.45474429531249994 0.475909934375
311 0.46779766875 0.4888001984375 0.4774396421875 0.5639692484375 0.5015625 0.5776872125 0.5015625 0.5718198531249999 0.48994286562499995 0.50265976875 0.46779766875 0.4888001984375
311 0.5109230828125 0.51229624375 0.490625 0.5034218765625 0.490625 0.5063156328125 0.49741301875 0.5768873953125 0.5180239375 0.5875 0.51875 0.5875 0.51875 0.5748515671875001 0.5109230828125 0.51229624375
311 0.5265041687500001 0.5142188875 0.51237911875 0.5147446890625 0.5150697109375 0.58544334375 0.5370291671875 0.596875 0.5406794046875001 0.596875 0.5355568109375 0.5296907375 0.5265041687500001 0.5142188875
311 0.5257249390625 0.5258352265624999 0.5478982375 0.6034617046874999 0.571875 0.6063489765625001 0.571875 0.601541759375 0.551437275 0.5342000640625 0.5257249390625 0.5258352265624999
311 0.52068208125 0.6388509109375 0.4775474234375 0.6847246874999999 0.4983258515625 0.7099335375 0.5433705578125 0.6584972671875 0.52068208125 0.6388509109375