311 0.6545048078125 0.21784723593750002 0.686315834375 0.2631226875 0.7078125 0.251390759375 0.7078125 0.2498150671875 0.6755853734375 0.204273321875 0.6545048078125 0.21784723593750002
311 0.6328125 0.2263797484375 0.6328125 0.22705355625 0.6609032921875 0.271875 0.6636970125 0.271875 0.684375 0.2618348734375 0.684375 0.26047012812500003 0.655964409375 0.21513841875 0.6328125 0.2263797484375
311 0.6109524265624999 0.24070713281249997 0.64840445 0.28242722656249997 0.6654470421875 0.26120261562499997 0.6307587390625 0.226361865625 0.6109524265624999 0.24070713281249997
311 0.6414237843749999 0.283364575 0.618537396875 0.2348001140625 0.5971143171875 0.24323929375 0.617548503125 0.29297860781249996 0.6414237843749999 0.283364575
311 0.602078075 0.298285278125 0.57263739375 0.2552742140625 0.551663053125 0.2696088359375 0.585034790625 0.31374651875000004 0.602078075 0.298285278125
311 0.53269926875 0.280527784375 0.5605920703125 0.3234375 0.5621553890625 0.3234375 0.58125 0.3146823578125 0.58125 0.311933240625 0.553833415625 0.2662397828125 0.53269926875 0.280527784375
311 0.5185844125 0.2813207359375 0.5328141265624999 0.33442383750000004 0.5561096171875 0.3315661046875 0.540594353125 0.2773602296875 0.5185844125 0.2813207359375
311 0.495750821875 0.2944586515625 0.5120004484375 0.34606862031249996 0.5355648234375 0.3383557421875 0.521167446875 0.2872075921875 0.495750821875 0.2944586515625
311 0.4703125 0.309913621875 0.4703125 0.30992119218749997 0.498909196875 0.35625 0.50042160625 0.35625 0.51875 0.342486959375 0.51875 0.3410517296875 0.49148154374999997 0.2978246765625 0.4703125 0.309913621875
311 0.45299694218750003 0.318690759375 0.47255156875 0.3685089109375 0.496485325 0.3589507875 0.47832447499999997 0.310094990625 0.45299694218750003 0.318690759375
311 0.43157250156250004 0.328604103125 0.45229173749999996 0.3808315203125 0.47622549375 0.3712733953125 0.4574250484375 0.32157469375000003 0.43157250156250004 0.328604103125
311 0.405562790625 0.3463390421875 0.44053122968749997 0.3907496890625 0.4595516234375 0.375495521875 0.4265903296875 0.3314747328125 0.405562790625 0.3463390421875
311 0.392050440625 0.3460068953125 0.40702756406249996 0.3995642828125 0.4317193375 0.393642290625 0.418401215625 0.33974364218750003 0.392050440625 0.3460068953125
311 0.36153528437500004 0.369380753125 0.39930378593750004 0.4085509765625 0.419514159375 0.392519259375 0.3797017984375 0.35162175156250003 0.36153528437500004 0.369380753125
311 0.3479916421875 0.37411335156250003 0.369807303125 0.423365846875 0.39238498125 0.41246218749999997 0.368994784375 0.36383385 0.3479916421875 0.37411335156250003
311 0.3481931390625 0.37477514218749997 0.3235083453125 0.3825318625 0.351042190625 0.4296875 0.3530122625 0.4296875 0.3749435375 0.4197284484375 0.3481931390625 0.37477514218749997
311 0.2998702859375 0.39951786093749997 0.3334520671875 0.44314484375 0.35424414843749996 0.42798605 0.3209582109375 0.3813457984375 0.2998702859375 0.39951786093749997
311 0.28199583281249996 0.4052021296875 0.30526691875 0.4577305328125 0.32943015937500003 0.44333051875 0.3097263765625 0.3933865765625 0.28199583281249996 0.4052021296875
311 0.3946521984375 0.4534891265625 0.3755585453125 0.47073824062499997 0.38439871718749996 0.5484375 0.3861788796875 0.5484375 0.404948809375 0.527319640625 0.3946521984375 0.4534891265625
311 0.3975608546875 0.5296875 0.4000545 0.5296875 0.41845297031250006 0.51940573125 0.42425485937499996 0.4453125 0.42360694375 0.4453125 0.4026443890625 0.449597521875 0.3975608546875 0.5296875
311 0.4145576859375 0.5203125 0.41572724687499996 0.5203125 0.4383444265625 0.50960204375 0.446875 0.44925216093750003 0.446875 0.43873950156249997 0.426210990625 0.439062146875 0.4145576859375 0.5203125
311 0.434375 0.510059259375 0.434375 0.5109375 0.43549453437499996 0.5109375 0.45845938750000004 0.502155484375 0.4703125 0.4310121765625 0.4703125 0.426544759375 0.4445580484375 0.4358243296875 0.434375 0.510059259375
311 0.4878782640625 0.4096280375 0.4645071734375 0.42461135 0.459053609375 0.496875 0.46246512656250005 0.496875 0.4836657296875 0.4876928703125 0.4878782640625 0.4096280375
311 0.48473175625 0.4890625 0.486149946875 0.4890625 0.5068216140625 0.47384955 0.505538878125 0.4015625 0.5046192875 0.4015625 0.4837960484375 0.4142845015625 0.48473175625 0.4890625
311 0.5096493828125 0.4764501484375 0.5325308828125 0.45993864375 0.5208238609375 0.3875 0.5200463921875 0.3875 0.502944090625 0.40359433593749994 0.5096493828125 0.4764501484375
311 0.516575434375 0.4589337234375 0.542171540625 0.452737615625 0.5578125 0.3909789953125 0.5578125 0.3829178109375 0.53471851875 0.388958140625 0.516575434375 0.4589337234375
311 0.5355601812499999 0.4490127359375 0.560564559375 0.44365665625000006 0.580952015625 0.377126165625 0.5828125 0.373680475 0.5828125 0.3713753390625 0.5578031078125 0.3784157875 0.5355601812499999 0.4490127359375
311 0.56331830625 0.440625 0.56497241875 0.440625 0.5883702578125 0.43211640156250003 0.59441555625 0.359124328125 0.59465804375 0.353125 0.594613878125 0.353125 0.5703042921875 0.36556334687500003 0.56331830625 0.440625
311 0.5765625 0.42768434843750003 0.5765625 0.42792514531250003 0.60397931875 0.4165130921875 0.621875 0.352925865625 0.621875 0.35099477343749996 0.597205275 0.3565941359375 0.5765625 0.42768434843750003
311 0.6 0.41519955 0.6 0.4158976890625 0.6251428953125 0.40602670781250005 0.6421875 0.33812951875 0.6421875 0.337602934375 0.6164078625 0.3467359484375 0.6 0.41519955
311 0.6203125 0.40200199999999997 0.6203125 0.40331064375 0.6452565546875 0.3972578265625 0.659375 0.33326592499999996 0.659375 0.329488409375 0.6380957765625 0.335539684375 0.6203125 0.40200199999999997
311 0.6929886828125 0.375 0.6965080375 0.375 0.71676818125 0.369768146875 0.7091037515624999 0.29375 0.708086390625 0.29375 0.68899475 0.305798503125 0.6929886828125 0.375
311 0.6915147390625 0.304164340625 0.668829703125 0.31671695624999996 0.67128773125 0.3875 0.67292094375 0.3875 0.6944951046875001 0.37418991562500004 0.6915147390625 0.304164340625
311 0.6390625 0.393106953125 0.6390625 0.39393043125 0.663692059375 0.387348303125 0.6828125 0.324476921875 0.6828125 0.323140478125 0.6624419421875001 0.322831828125 0.6390625 0.393106953125
311 0.5716688578125 0.5896561828125 0.6017493890625001 0.646875 0.6062587953125 0.646875 0.628125 0.6380922234375 0.628125 0.6367819078125 0.5977673343750001 0.5820875265625001 0.5716688578125 0.5896561828125
311 0.6969211515625 0.5293113140625 0.7397233359375 0.575670025 0.759375 0.5634679390625 0.759375 0.5632666890625 0.718489671875 0.5106645828125 0.6969211515625 0.5293113140625
311 0.6617066875 0.6181425234375 0.6892134140625 0.6069012921875 0.6887716078125 0.606465625 0.669498134375 0.544611596875 0.637225821875 0.5531310734375 0.6617066875 0.6181425234375
311 0.68125 0.475320265625 0.68125 0.477316684375 0.70868445 0.46863582968750006 0.721875 0.39923777031249996 0.721875 0.39655317968750003 0.6977892406249999 0.40060034531250005 0.68125 0.475320265625
311 0.644671628125 0.4953125 0.6478634109375 0.4953125 0.67065529375 0.4865671671875 0.675 0.4374321796875 0.675 0.412674275 0.6534051015625 0.42204899375 0.644671628125 0.4953125
311 0.6578125 0.4712722921875 0.6578125 0.47486449531249997 0.6817077281249999 0.4786486421875 0.7078125 0.40999985156249996 0.7078125 0.408126575 0.6813977703125 0.4131557953125 0.6578125 0.4712722921875
311 0.5546875 0.53771864375 0.5546875 0.5382363984375 0.5805649921875 0.5330205796875 0.6015625 0.462426578125 0.6015625 0.4588373671875 0.577243290625 0.4655636078125 0.5546875 0.53771864375