311 0.453024453125 0.33487654375 0.42889317812499994 0.2746913578125 0.39993565000000003 0.2746913578125 0.42406692343749997 0.3395061734375 0.453024453125 0.33487654375
311 0.43130630625000005 0.336419753125 0.40637065625 0.2731481484375 0.3790218796875 0.2716049375 0.40154440156250004 0.3425925921875 0.43130630625000005 0.336419753125
311 0.3613256109375 0.2854938265625 0.39028314062499997 0.3503086421875 0.4128056625 0.34104938281249997 0.384652509375 0.2762345671875 0.3613256109375 0.2854938265625
311 0.33960746406250003 0.288580246875 0.36052123593749996 0.3456790125 0.3886743890625 0.34413580312500003 0.36856499375 0.2824074078125 0.33960746406250003 0.288580246875
311 0.2084942078125 0.3626543203125 0.190797940625 0.307098765625 0.165862290625 0.3101851859375 0.1859716859375 0.3688271609375 0.2084942078125 0.3626543203125
311 0.7972341609375 0.3334371578125 0.771586696875 0.332279390625 0.7586120968750001 0.40000881250000003 0.7842595609375 0.404061 0.7972341609375 0.3334371578125
311 0.713955334375 0.4069554203125 0.74171494375 0.4052187671875 0.7568016875 0.340383765625 0.7577068921875 0.33575269375 0.731154221875 0.33980488124999997 0.713955334375 0.4069554203125
311 0.717019703125 0.4362328609375 0.7018748640625 0.50349869375 0.72988244375 0.5046927625000001 0.7429526484375 0.43543681406249996 0.717019703125 0.4362328609375
311 0.7676408125 0.623303521875 0.7392183046875 0.5520574625 0.7172271671875 0.55922186875 0.74440489375 0.6256916578125 0.7676408125 0.623303521875
311 0.7921215125 0.621313409375 0.7618318328125 0.5504653703125 0.740255621875 0.5536495515625 0.76660349375 0.623303521875 0.7921215125 0.621313409375
311 0.8843755453125001 0.38563885 0.9080933828125 0.3867764265625 0.9217311390624999 0.32136570781249996 0.9255852875 0.30998993124999996 0.8974203562499999 0.3105587203125 0.8843755453125001 0.38563885
