311 0.42083254375 0.23129623437500002 0.3954935625 0.2923790859375 0.42701952500000007 0.30201375937499997 0.450627059375 0.2488279125 0.42083254375 0.23129623437500002
311 0.4464104703125 0.24759023593750001 0.41473548750000006 0.295288021875 0.4364188203125 0.3071259296875 0.46440105468750004 0.2606344328125 0.4464104703125 0.24759023593750001
311 0.4537927375 0.3160696375 0.48886626250000004 0.2708932546875 0.47141283593749994 0.25663623593749996 0.43356465 0.30360136875 0.4537927375 0.3160696375
311 0.47850272968749996 0.26710471406249997 0.463633321875 0.31768504062499997 0.4868712515625 0.3282845109375 0.50498375 0.2709441546875 0.47850272968749996 0.26710471406249997
311 0.47778972499999994 0.32414302031250003 0.5001313765625001 0.3375678859375 0.53125 0.28814922656249997 0.53125 0.285557334375 0.5102558109374999 0.2765144484375 0.47778972499999994 0.32414302031250003
311 0.5246063609375 0.283515403125 0.503248271875 0.33861201093750004 0.5271072609375 0.34529594375 0.5489398640625 0.2909154296875 0.5246063609375 0.283515403125
311 0.522555409375 0.3405395453125 0.543973171875 0.35541294375 0.5734375 0.30730197187499997 0.5734375 0.3056615015625 0.5513287453125 0.2941172609375 0.522555409375 0.3405395453125
311 0.572747275 0.3651937765625 0.587064040625 0.3084141265625 0.56293871875 0.30186026875 0.5462765046875 0.3552445078125 0.572747275 0.3651937765625
311 0.59557606875 0.37403500312500004 0.609041646875 0.318076465625 0.5820054203125 0.31304096875 0.5706337796875001 0.3708327046875 0.59557606875 0.37403500312500004
311 0.42753271406250004 0.346982359375 0.4284378125 0.3518152734375 0.4334699265625 0.4256193421875 0.45579839843750003 0.4359375 0.4577143921875 0.4359375 0.45108091562499997 0.3586452171875 0.42753271406250004 0.346982359375
311 0.436932996875 0.3629472375 0.4656847609375 0.43346328593749994 0.4890625 0.4382030109375 0.4890625 0.4323308234375 0.46221995312499997 0.3644340234375 0.436932996875 0.3629472375
311 0.4774325765625 0.365689884375 0.47185141093749994 0.44057865625000003 0.49099283906249996 0.459375 0.491384159375 0.459375 0.49795165937499997 0.37824014375 0.4774325765625 0.365689884375
311 0.49053645156250003 0.3790063265625 0.4999285109375 0.45197881874999996 0.5217704328125 0.4640625 0.5229228 0.4640625 0.5124144625 0.390333284375 0.49053645156250003 0.3790063265625
311 0.5515625 0.5129878640625 0.5515625 0.51320169375 0.574012371875 0.585162653125 0.5984375 0.5882201921875 0.5984375 0.5864254953125 0.577163884375 0.51786454375 0.5515625 0.5129878640625
311 0.556804865625 0.5093059140625 0.53529634375 0.49899078125 0.546962165625 0.5728838390625001 0.5671377984375 0.578125 0.56875 0.578125 0.56875 0.5684674953125 0.556804865625 0.5093059140625
311 0.5080999359375 0.49328938281249995 0.5328194984375 0.56508286875 0.5546875 0.568544178125 0.5546875 0.5645905015625 0.53029614375 0.498737428125 0.5080999359375 0.49328938281249995
311 0.5222286890625 0.559375 0.525 0.559375 0.525 0.5580287937499999 0.5172444953124999 0.4912095703125 0.49559149218750004 0.48125 0.4947958375 0.48125 0.5030888296875 0.55363131875 0.5222286890625 0.559375
311 0.4614226484375 0.47580430625 0.48958459374999996 0.543049253125 0.5125 0.5437554640625 0.5125 0.5408586 0.4852594953125 0.481628003125 0.4614226484375 0.47580430625
311 0.6200197796875 0.5994085921875 0.5988097671875 0.5280117671875 0.578125 0.523663584375 0.578125 0.5243396437500001 0.59405250625 0.593591978125 0.6200197796875 0.5994085921875
311 0.6031410875 0.529885065625 0.6102508703125 0.5993255484375 0.6349899406249999 0.6109375 0.6375276171875 0.6109375 0.6259908921874999 0.5366472812499999 0.6031410875 0.529885065625
311 0.54101533125 0.697831125 0.562073740625 0.62880031875 0.5295366796875001 0.6165457937500001 0.5126157 0.6789802046875 0.54101533125 0.697831125
311 0.492283890625 0.5992904453125 0.469634284375 0.66687985625 0.49951659375 0.6845548515625001 0.52120435 0.61242665 0.492283890625 0.5992904453125
311 0.482231940625 0.5940878703125 0.44115469531249996 0.6444246421875001 0.460747078125 0.6604027343750001 0.49806448437500006 0.6065102765625 0.482231940625 0.5940878703125
311 0.45337650468749996 0.5864558578125 0.42152169375000004 0.6418715171875 0.44369383281249997 0.6522905546875 0.4765625 0.5965576609375 0.4765625 0.594023371875 0.45660567968750004 0.582382278125 0.45337650468749996 0.5864558578125
311 0.5789464984375 0.638498303125 0.5566012171875 0.6332971046875 0.5550869296875 0.633288465625 0.5401903859375 0.69861008125 0.566272421875 0.7040531984375 0.5789464984375 0.638498303125
311 0.5786428640625 0.643913475 0.5577877906250001 0.70962693125 0.5838832046875 0.7196779921875 0.6033060625 0.6489229703125 0.6053041218749999 0.648201246875 0.5786428640625 0.643913475
311 0.5949237968750001 0.729716221875 0.6307215171875 0.667570684375 0.6138035093750001 0.65299178125 0.5744734515625 0.7130904890624999 0.5949237968750001 0.729716221875
311 0.667668946875 0.75625 0.668422509375 0.75625 0.6953125 0.695672071875 0.6953125 0.6943243375 0.6735747390625 0.6875 0.6727774734375 0.6875 0.6432612437499999 0.7453237859375 0.667668946875 0.75625
311 0.373889290625 0.54103330625 0.33208545156249997 0.5977943234375 0.353930078125 0.6106758343750001 0.3928753671875 0.5564598703125 0.373889290625 0.54103330625
311 0.3137599453125 0.5877910546875 0.3354141453125 0.6011251875 0.36875 0.546586846875 0.36875 0.5462849203125 0.35068968125 0.5338297203125 0.3137599453125 0.5877910546875
311 0.2921106296875 0.579304996875 0.3111201359375 0.5913737234374999 0.3484375 0.5397829921875 0.3484375 0.5391679578125 0.3318086953125 0.5233757828125001 0.2921106296875 0.579304996875
311 0.32353697187499997 0.40512773125 0.33625079687500004 0.47632170625 0.3578125 0.48197998281250004 0.3578125 0.4757108609375 0.34402339375 0.4104794625 0.32353697187499997 0.40512773125
311 0.41537790937499997 0.338646653125 0.40794235 0.4159382359375 0.42481180468749996 0.4234375 0.4283938625 0.4234375 0.4345766859375 0.3534977078125 0.41537790937499997 0.338646653125
311 0.3792336328125 0.33872091718749997 0.3765625 0.33960922656250003 0.3765625 0.3398708328125 0.399466509375 0.409029046875 0.4234375 0.4148629453125 0.4234375 0.41306611249999997 0.40270896718750004 0.3448898265625 0.3792336328125 0.33872091718749997
311 0.3996209953125 0.4040514609375 0.3796046046875 0.3317251875 0.3609375 0.32837565468749996 0.3609375 0.33129554687499996 0.37737939374999996 0.3970322234375 0.3996209953125 0.4040514609375
311 0.3375 0.3188452796875 0.3375 0.3190557234375 0.3398946796875 0.32521317031249997 0.362767796875 0.3904057390625 0.38125 0.3880437484375 0.38125 0.38258046874999996 0.35979168437500003 0.32444340625 0.3375 0.3188452796875
311 0.3559732765625 0.2699202546875 0.37635365468750004 0.2765625 0.3784425921875 0.2765625 0.4015625 0.230252134375 0.4015625 0.22805386093750002 0.3821943015625 0.21827360312500002 0.3559732765625 0.2699202546875
311 0.40190766250000004 0.23046930937500001 0.37825810937500004 0.2778405828125 0.3971715921875 0.2875 0.398539365625 0.2875 0.4218507140625 0.23604389062500003 0.40190766250000004 0.23046930937500001
311 0.09109709375 0.0959115625 0.0652409921875 0.1457420328125 0.0885769015625 0.1538909625 0.111795896875 0.10516820625000001 0.09109709375 0.0959115625
311 0.106299971875 0.1606059640625 0.1285198078125 0.11181907499999999 0.108716540625 0.10835113437499999 0.086942809375 0.153871684375 0.106299971875 0.1606059640625
311 0.12160337343750001 0.1710808734375 0.1530089 0.12648961875 0.13498810781249998 0.11452244062500001 0.1022276 0.15634612187500002 0.12160337343750001 0.1710808734375
311 0.14872470468750001 0.22470859999999998 0.1268865125 0.2186176546875 0.135202825 0.28840813125000003 0.152497534375 0.2921875 0.1546875 0.2921875 0.1546875 0.2729311625 0.14872470468750001 0.22470859999999998
311 0.164751521875 0.22842113125000002 0.1443330359375 0.223807703125 0.1576928328125 0.2951701046875 0.175 0.294488884375 0.175 0.2919771578125 0.1653071796875 0.23477233281249998 0.164751521875 0.22842113125000002
311 0.17051655 0.2925930421875 0.188106734375 0.309375 0.18916175 0.309375 0.1904801703125 0.240415065625 0.1710472515625 0.228125 0.17028380625 0.228125 0.171182015625 0.23539514687500002 0.17051655 0.2925930421875
311 0.213399909375 0.3184497 0.2101657828125 0.2568296375 0.1903938734375 0.240625 0.1902786671875 0.240625 0.191718740625 0.30816304687499996 0.213399909375 0.3184497
311 0.1870386734375 0.336427834375 0.18609354843749998 0.338706178125 0.1998837578125 0.415225828125 0.2203125 0.4211592171875 0.2203125 0.4123151765625 0.2092710921875 0.34985232499999996 0.1870386734375 0.336427834375
311 0.5844072031249999 0.37022853906250003 0.6057954421875 0.3843352640625 0.6375 0.3365848734375 0.6375 0.3358989015625 0.6174682328125 0.324712703125 0.5844072031249999 0.37022853906250003
311 0.607600234375 0.380427903125 0.6289227015625001 0.39375 0.6291903125 0.39375 0.65625 0.343756253125 0.65625 0.343230146875 0.6358461046875 0.3325579765625 0.607600234375 0.380427903125
311 0.6539927984375 0.40325669062499997 0.67230559375 0.347332415625 0.6501758296875 0.34311992187499996 0.630484303125 0.39505360624999997 0.6539927984375 0.40325669062499997
311 0.6693215859375 0.4121636578125 0.7006125234375 0.3621646421875 0.6800385343750001 0.3514274828125 0.6476690953124999 0.39552143125 0.6693215859375 0.4121636578125
311 0.6701261078125 0.41026360781250004 0.6895600046875 0.422564834375 0.721875 0.37391249375 0.721875 0.37379860468750004 0.70101248125 0.36030600156250003 0.6701261078125 0.41026360781250004
311 0.70674521875 0.43009249374999997 0.7433984078125 0.3879852921875 0.7267589484375 0.37102514062499997 0.6903904109375001 0.41533856093750005 0.70674521875 0.43009249374999997
311 0.7434654796875 0.44199425000000003 0.75663531875 0.384056753125 0.7321337734375 0.376485190625 0.718309325 0.43457381406250006 0.7434654796875 0.44199425000000003
311 0.44812948124999996 0.4589870796875 0.4608997203125 0.5359232031250001 0.484375 0.5438871515625 0.484375 0.5317083453125 0.47221226875 0.4652394484375 0.44812948124999996 0.4589870796875
311 0.5148540171875 0.38820642968749997 0.5223956171874999 0.4625 0.5394663671875 0.4625 0.5334874921874999 0.393869165625 0.5148540171875 0.38820642968749997
311 0.5540689953125 0.40611533906249997 0.531625240625 0.397333396875 0.5469921375 0.469164109375 0.5635650921875001 0.4734375 0.5640625 0.4734375 0.5640625 0.46361919374999994 0.5540689953125 0.40611533906249997
311 0.62897193125 0.43605231250000004 0.6065646890624999 0.42383388125000004 0.6065257 0.4340731171875 0.6058693765625 0.44174691875 0.6045551062500001 0.4986928328125 0.622846065625 0.5122964796875 0.62897193125 0.43605231250000004
311 0.631445909375 0.42191223593749994 0.6288555062500001 0.4339358984375 0.622165225 0.50602735 0.6436305875 0.5234375 0.6445170578125 0.5234375 0.65030565625 0.4469507359375 0.631445909375 0.42191223593749994
