311 0.48359375 0.43125 0.03828125 0.10703125
311 0.5015625 0.440625 0.0421875 0.10625
311 0.52421875 0.4515625 0.034375 0.10859375
311 0.54453125 0.46328125 0.03125 0.1109375
311 0.56875 0.4765625 0.034375 0.11015625
311 0.5875 0.48125 0.034375 0.11328125
311 0.61328125 0.4890625 0.034375 0.10234375
311 0.364408478125 0.33965794374999997 0.370481953125 0.41306600781249997 0.392953809375 0.4165616296875 0.3871840078125 0.34548398125 0.364408478125 0.33965794374999997
311 0.3662305203125 0.3379101328125 0.344973359375 0.32742326718750003 0.349528465625 0.39384008593750003 0.37382236406249997 0.4084051796875 0.3662305203125 0.3379101328125
311 0.32310885 0.31577119374999996 0.32189415625 0.31577119374999996 0.3303970203125 0.38859665312499997 0.3522615296875 0.38743144531249996 0.34588438125 0.329171078125 0.32310885 0.31577119374999996
311 0.3352558 0.3839358234375 0.3243235453125 0.3116929671875 0.30255050781250004 0.3020532796875 0.311265575 0.3827706171875 0.3352558 0.3839358234375
311 0.378291009375 0.294573709375 0.40497992031249996 0.2468946421875 0.3847741453125 0.2361150265625 0.3568966578125 0.2810991890625 0.378291009375 0.294573709375
311 0.3647210359375 0.2245784203125 0.3440830515625 0.212969603125 0.3156653046875 0.26064866875 0.33651939375 0.26894068125000004 0.3647210359375 0.2245784203125
311 0.3622259421875 0.22668349999999998 0.336302275 0.2716818671875 0.3602860765625 0.28047853906250003 0.385151634375 0.2358185078125 0.3622259421875 0.22668349999999998
311 0.3927347484375 0.421225309375 0.4146023328125 0.43577365468749996 0.414778684375 0.43645032031250003 0.41467465781249996 0.43544413125 0.43682261875000006 0.43814198906249996 0.42747599062499997 0.366753603125 0.4064901640625 0.3538969265625 0.3860333921875 0.3474685890625 0.3927347484375 0.421225309375
311 0.45004897968749996 0.3718286078125 0.4271232875 0.36878360468750004 0.43770437656250005 0.4499836640625 0.45675033593750003 0.44930699687500003 0.45004897968749996 0.3718286078125
311 0.32766105156249997 0.4134436375 0.3029718453125 0.40430863125 0.3063225234375 0.470960346875 0.3320698390625 0.48517035625 0.32766105156249997 0.4134436375
311 0.2800461515625 0.3917902890625 0.2878056171875 0.46520867499999996 0.31037860625 0.47129867968749994 0.3038536015625 0.4005869625 0.2800461515625 0.3917902890625
311 0.43646991562500004 0.5396420640625 0.4285340984375 0.4675770109375 0.40611362812499996 0.4544429375 0.41442598124999996 0.5315220578125001 0.43646991562500004 0.5396420640625
311 0.434882753125 0.539980396875 0.45780844531250003 0.5511454062500001 0.4481123453125 0.474031046875 0.4253597734375 0.46825367812499996 0.434882753125 0.539980396875
311 0.44563445 0.26880773750000003 0.417612021875 0.3109956203125 0.44115864531250004 0.3233159734375 0.46723507187499996 0.2811280921875 0.44563445 0.26880773750000003
311 0.46237006718749996 0.335636328125 0.48825189375000005 0.28747494218749997 0.467624271875 0.27664796406250003 0.43882344375000004 0.3233159734375 0.46237006718749996 0.335636328125
311 0.4580888625 0.3360096734375 0.48280308749999995 0.350570090625 0.5081011125 0.30203536249999996 0.511214715625 0.2979285765625 0.48533289062499996 0.286354909375 0.4580888625 0.3360096734375
311 0.5034307078125 0.3584103171875 0.5312585359375 0.30987558593750003 0.5067389125 0.2979285765625 0.48027328437500005 0.342356521875 0.5034307078125 0.3584103171875
311 0.523279928125 0.36961063906249997 0.55052395625 0.321449253125 0.5273665328125 0.3087555546875 0.5001225046875 0.3572902859375 0.523279928125 0.36961063906249997
311 0.54488055 0.3808109625 0.5703731765625 0.333769609375 0.5485779546875 0.321075909375 0.5223069265625 0.36699723125 0.54488055 0.3808109625
311 0.5649243703125 0.390891253125 0.5923629984375001 0.34384989843749997 0.569594775 0.33078285625000003 0.5431291484375 0.376704178125 0.5649243703125 0.390891253125
311 0.58788719375 0.40097154375 0.61260141875 0.3539301890625 0.5896385953125 0.3427298671875 0.56395136875 0.3901445640625 0.58788719375 0.40097154375
311 0.6073472140625 0.41590530625 0.6322560390625 0.3640104796875 0.6110446171875 0.355423565625 0.585746590625 0.40059819843750005 0.6073472140625 0.41590530625
311 0.658137865625 0.37483745625 0.633812840625 0.3621437578125 0.6022876078125 0.4114251765625 0.6293370359375 0.42598559687500004 0.658137865625 0.37483745625
311 0.6519106578125 0.43755926250000005 0.677014084375 0.385291090625 0.6538566609375 0.3725973921875 0.6260288328125 0.424118875 0.6519106578125 0.43755926250000005
311 0.671370678125 0.4495062734375 0.6976417046875001 0.3938780046875 0.67448428125 0.3837977140625 0.6476294546875 0.43270579062500003 0.671370678125 0.4495062734375
311 0.6925821 0.45771984374999997 0.7163233234375 0.40507832656250004 0.696279503125 0.3938780046875 0.6676732734375 0.4461461765625 0.6925821 0.45771984374999997
311 0.61240681875 0.7739422796875 0.6423752484375 0.71234050625 0.6209692265625 0.6955400218750001 0.5871087921875 0.7567684515625 0.61240681875 0.7739422796875
311 0.608709415625 0.6313248406249999 0.597422603125 0.5532959265625 0.5744597796875001 0.552922584375 0.5824383875 0.60593744375 0.608709415625 0.6313248406249999
311 0.5526645578125 0.5357487562500001 0.5625891671875001 0.6119109484374999 0.5867195921875 0.6111642609375 0.5767949828125001 0.546575734375 0.5526645578125 0.5357487562500001
311 0.529701734375 0.521935025 0.53826414375 0.5980972171875 0.56356216875 0.610790915625 0.554415959375 0.5346287234375 0.529701734375 0.521935025
311 0.510047115625 0.5129747671875 0.519387925 0.5876435828125001 0.54429675 0.6003372812500001 0.5339829390624999 0.5245484328125001 0.510047115625 0.5129747671875
311 0.48922489375 0.498041003125 0.49739810156250003 0.572336475 0.520555525 0.58652355 0.51393911875 0.5126014234375 0.48922489375 0.498041003125
311 0.46723507187499996 0.48572065000000003 0.47579748125 0.5682296906250001 0.50167930625 0.5756965734375 0.4929222984375 0.49878769062500006 0.46723507187499996 0.48572065000000003
311 0.44485605 0.4752670140625 0.44446684843749995 0.475640359375 0.4563374609375 0.5574027125 0.48105168593750003 0.5581494015625 0.47171087656250005 0.490200778125 0.44485605 0.4752670140625
311 0.5116039171875 0.6309514968750001 0.4785218828125 0.694793334375 0.5059605109375 0.7074870328125 0.53787494375 0.64924535625 0.5116039171875 0.6309514968750001
311 0.5283395328125 0.722794140625 0.5581133640625 0.658952303125 0.5333991390625 0.6462586031249999 0.5005117046875001 0.7086070656250001 0.5283395328125 0.722794140625
311 0.47735428124999996 0.703006903125 0.5127715187499999 0.6425251624999999 0.48922489375 0.6257246796875 0.454780659375 0.68471304375 0.47735428124999996 0.703006903125
311 0.45108325625 0.596230496875 0.45166705625 0.5977238734375 0.45030485468750003 0.5973505296875 0.4139146171875 0.6608190234375 0.44738585156250005 0.680979603125 0.4818300875 0.6197511734375001 0.45108325625 0.596230496875
311 0.0622720625 0.0675752796875 0.03055223125 0.12320354687499999 0.051763653124999996 0.13067042812500002 0.08231588281249999 0.0825090421875 0.0622720625 0.0675752796875
311 0.071418271875 0.14149740625 0.0992461 0.08997592343750001 0.08036988125 0.07840225625 0.0505960515625 0.12469692343750001 0.071418271875 0.14149740625
311 0.06811006875 0.13440386875000002 0.0910728921875 0.1493376328125 0.119873721875 0.09781615 0.0967162984375 0.0892292359375 0.084067284375 0.11349659999999999 0.06811006875 0.13440386875000002
311 0.10936531093749999 0.1997390828125 0.11598171718750001 0.275901275 0.13836074062499998 0.2773946515625 0.1348579359375 0.2101927171875 0.10936531093749999 0.1997390828125
311 0.151593553125 0.2184062875 0.1554855578125 0.292701759375 0.17961598125 0.3009153296875 0.1722211734375 0.228486578125 0.151593553125 0.2184062875
311 0.14867455000000002 0.313982371875 0.15470715625 0.3927579734375 0.17981058125 0.4032116078125 0.1739725765625 0.3266760703125 0.14867455000000002 0.313982371875
311 0.1584316171875 0.437437903125 0.1217589734375 0.499452303125 0.143501646875 0.5203091640624999 0.1855374828125 0.4532891171875 0.1584316171875 0.437437903125
311 0.096972325 0.405179290625 0.057545609374999994 0.4666375078125 0.089434865625 0.481098265625 0.1243680953125 0.42158668749999995 0.096972325 0.405179290625
311 0.4131558828125 0.67314505625 0.45257915468750004 0.5975107796875 0.41906937343750006 0.5982671234375 0.39226155 0.645160375 0.4131558828125 0.67314505625
311 0.4072423921875 0.5786022125 0.4044827640625 0.5770895265625 0.37215568125 0.638353290625 0.40172313437499996 0.651967459375 0.4356271484375 0.5914600375 0.4072423921875 0.5786022125
311 0.38043456875000004 0.5649880421875 0.34534785625 0.62625180625 0.378069171875 0.6368406046875 0.4123674171875 0.5808712390624999 0.38043456875000004 0.5649880421875
311 0.2992226296875 0.5196074765625001 0.2641359171875 0.5816275828124999 0.2893668109375 0.589947353125 0.3228765921875 0.5392723875 0.2992226296875 0.5196074765625001
311 0.3674248890625 0.5536429015625 0.3398285984375 0.54002873125 0.3197227296875 0.571038784375 0.3094726796875 0.5937290671875 0.333520875 0.6156630078124999 0.3674248890625 0.5536429015625
