311 0.8037242171875001 0.6513376953125001 0.7678680734375 0.6512620640625 0.761246953125 0.71833489375 0.796889653125 0.720387575 0.8037242171875001 0.6513376953125001
311 0.7625646359375 0.637574003125 0.7381449046874999 0.630282225 0.7142374234375 0.693767346875 0.7413108937499999 0.7046875 0.74141035 0.7046875 0.7632890328124999 0.6450846734375 0.7625646359375 0.637574003125
311 0.74797403125 0.6397355703125001 0.7266177859375 0.6223454359375 0.68280725625 0.678668284375 0.7112873515625 0.6934297921875 0.74797403125 0.6397355703125001
311 0.6879104046875 0.6187278125 0.6761012140625 0.6792873187499999 0.704075809375 0.6843955015625001 0.7160258453125 0.6244460703125 0.6879104046875 0.6187278125
311 0.6767952578124999 0.6091792218750001 0.648855390625 0.6626724187499999 0.670415175 0.6746148562500001 0.69943721875 0.6237303875 0.6767952578124999 0.6091792218750001
311 0.6530836734375 0.6027842734375 0.6285441171875 0.6575204328125 0.6504531124999999 0.6640625 0.6532850453125 0.6640625 0.6753077078125 0.6126587359375 0.6530836734375 0.6027842734375
311 0.6041068484375 0.6451297265625 0.6296556078125 0.6587262218750001 0.653125 0.6098815046875 0.653125 0.6056566171875 0.630802975 0.5929935421875 0.6041068484375 0.6451297265625
311 0.5573438625 0.6632793578125 0.5407787390625 0.7302832703125001 0.5669995906249999 0.733478371875 0.583363821875 0.667151346875 0.5573438625 0.6632793578125
311 0.5558991859375 0.7315747078125 0.5726078296875 0.7481352 0.6109375 0.6858395328125 0.6109375 0.6852310640625 0.5905103656249999 0.6746346015625 0.5558991859375 0.7315747078125
311 0.57586495625 0.7471532046875 0.599455953125 0.754242046875 0.6296875 0.6924603328125001 0.6296875 0.68904295625 0.6085357078125 0.681258321875 0.57586495625 0.7471532046875
311 0.6340343484375001 0.7628840609374999 0.6436607750000001 0.6928910312500001 0.6174341 0.690843534375 0.6049173437500001 0.7538325296874999 0.6340343484375001 0.7628840609374999
311 0.623068259375 0.7581661265624999 0.6426502484375 0.7773747984375 0.6745105921875 0.711957653125 0.678125 0.7047014015624999 0.678125 0.7046136765625 0.655970090625 0.6978194046875 0.623068259375 0.7581661265624999
311 0.7896678703125 0.822298671875 0.80166735625 0.7531767875 0.77642371875 0.7521414 0.76548720625 0.8152763625 0.7896678703125 0.822298671875
311 0.76251080625 0.738106859375 0.73980926875 0.7332610921875 0.7147266531249999 0.7911487265625 0.7389996765625 0.8046875 0.7390465296875 0.8046875 0.761945896875 0.7406325953125 0.76251080625 0.738106859375
311 0.6852386453125 0.783428765625 0.7121178312499999 0.7926187484375 0.746875 0.737577046875 0.746875 0.7362720828125 0.7232173078125 0.7259116671875 0.6852386453125 0.783428765625
311 0.71574704375 0.7253572265625 0.7063663734375 0.715493215625 0.690110646875 0.7169154078125 0.66993816875 0.782160040625 0.6962224890625001 0.7867740984375 0.71574704375 0.7253572265625
311 0.5580371093750001 0.6269274109375 0.5773915296875 0.644963053125 0.6140625 0.58748244375 0.6140625 0.585587059375 0.594503178125 0.5742298406249999 0.5580371093750001 0.6269274109375
311 0.516600509375 0.617167790625 0.5382432828125 0.628125 0.5405264734374999 0.628125 0.565625 0.57309415625 0.565625 0.5682982140624999 0.54238266875 0.5601907890625 0.516600509375 0.617167790625
311 0.530844675 0.54946851875 0.489386525 0.60710736875 0.513657815625 0.61565226875 0.5511194515625 0.5648906499999999 0.530844675 0.54946851875
311 0.5075384781250001 0.43328922968750005 0.5304866984375 0.50277559375 0.55625 0.508719728125 0.55625 0.504825296875 0.5313302984375 0.4337391515625 0.5075384781250001 0.43328922968750005
311 0.574509515625 0.514832040625 0.5521811265625 0.44288962187500003 0.5296875 0.4391952984375 0.5296875 0.4419313546875 0.550810665625 0.51102719375 0.574509515625 0.514832040625
311 0.4348370828125 0.3911503765625 0.434722540625 0.467007175 0.4527321296875 0.4765625 0.4573109546875 0.4765625 0.4539415 0.39826124687500003 0.4348370828125 0.3911503765625
311 0.1777841859375 0.6285515312500001 0.1751306875 0.7037414453124999 0.19361314062499999 0.71875 0.1952086890625 0.71875 0.19993679375 0.64199433125 0.1777841859375 0.6285515312500001
311 0.158471346875 0.6298273109375 0.1342922609375 0.6205502640625 0.1333878640625 0.684152334375 0.1565837015625 0.703125 0.157870778125 0.703125 0.1566228125 0.631492809375 0.158471346875 0.6298273109375
311 0.17947303750000002 0.70625 0.1808071515625 0.70625 0.177681434375 0.6352550484374999 0.154543259375 0.6296875 0.1519907328125 0.6296875 0.1569285828125 0.6934306015625 0.17947303750000002 0.70625
311 0.2309257046875 0.605978596875 0.2517288125 0.6169729937499999 0.2953125 0.56471266875 0.2953125 0.56457471875 0.2748892046875 0.5524110578125 0.2309257046875 0.605978596875
311 0.2386629390625 0.5443051765625 0.22284980000000001 0.6068567625 0.246222259375 0.6097291453125 0.26171877499999996 0.549140728125 0.2386629390625 0.5443051765625
311 0.2287434390625 0.5014158765625 0.2562909765625 0.5171875 0.2582874140625 0.5171875 0.284375 0.459380053125 0.284375 0.4539442484375 0.2542152578125 0.4452936421875 0.2287434390625 0.5014158765625
311 0.22737434374999999 0.42944466718749996 0.22472018125 0.4319032046875 0.209375 0.492093615625 0.209375 0.492427634375 0.23136083593749998 0.5078125 0.23384339999999998 0.5078125 0.259375 0.460267603125 0.259375 0.45884690624999996 0.23908860468749998 0.43152778906249994 0.22737434374999999 0.42944466718749996
311 0.221537015625 0.4857599125 0.216076446875 0.4262915109375 0.20802462500000002 0.42650436875000003 0.1879760921875 0.4273388984375 0.1770532515625 0.49249363749999997 0.221537015625 0.4857599125
311 0.8027674812500001 0.8829035671875 0.8184631953125001 0.9564515734375 0.8475478687500001 0.9734375 0.8488420453125001 0.9734375 0.8285846031249999 0.8845351203125 0.8027674812500001 0.8829035671875
311 0.803125 0.91796875 0.03046875 0.080078125
311 0.77734375 0.9078125 0.0375 0.087890625
311 0.75859375 0.9046875 0.036328125 0.087890625
311 0.73359375 0.8953125 0.0421875 0.08046875
311 0.7109375 0.8828125 0.0453125 0.093359375
311 0.68828125 0.8703125 0.046484375 0.09609375
311 0.6640625 0.86015625 0.04296875 0.091796875
311 0.6421875 0.8546875 0.041015625 0.089453125
311 0.62109375 0.8453125 0.032421875 0.087109375
311 0.59921875 0.83984375 0.03828125 0.08984375
311 0.5765625 0.8265625 0.03671875 0.08828125
311 0.55078125 0.81796875 0.03828125 0.087109375
311 0.5109375 0.80078125 0.03828125 0.087890625
311 0.790625 0.56328125 0.0515625 0.10703125
311 0.8171875 0.571875 0.04296875 0.105078125
311 0.771875 0.55703125 0.034765625 0.10703125
311 0.74921875 0.5515625 0.033203125 0.09765625
