311 0.6498080796875 0.1420997375 0.6528624078124999 0.08496685312499999 0.6152410671874999 0.1114080203125 0.61315615625 0.164073925 0.6498080796875 0.1420997375
311 0.64560838125 0.164073925 0.6112472015625 0.1904429484375 0.6085746656250001 0.2336588484375 0.64560838125 0.20655735000000003 0.64560838125 0.164073925
311 0.6066657109375 0.272479909375 0.6112472015625 0.26955001875 0.6471355437499999 0.240251103125 0.6463719625000001 0.20143004062499997 0.6093382468749999 0.23146142812499998 0.6066657109375 0.272479909375
311 0.6017024296875 0.3120334453125 0.6059021296875 0.313498390625 0.6448448 0.2812695859375 0.6440812171875 0.23512379375 0.6066657109375 0.26588765468750003 0.6017024296875 0.3120334453125
311 0.6028478015625 0.34133236093749997 0.641790471875 0.31130097343749996 0.6398815171875001 0.2841994765625 0.60475675625 0.30837108125 0.6028478015625 0.34133236093749997
311 0.6349182359375 0.3896755703125 0.5982663109375 0.421171903125 0.599793475 0.4673176953125 0.6353000265625 0.4380187796875 0.6349182359375 0.3896755703125
311 0.6421722625 0.3142308640625 0.6024660109375 0.3442622515625 0.5994116843749999 0.3838157875 0.6398815171875001 0.3574467640625 0.6421722625 0.3142308640625
311 0.599793475 0.41824201250000004 0.6360636093750001 0.3940704078125 0.6372089812499999 0.35598181875 0.60055705625 0.37942095 0.599793475 0.41824201250000004
311 0.5482517062500001 0.054935465625 0.5173266453124999 0.0131845125 0.5131269453125 0.058597829687500005 0.543288425 0.1018137296875 0.5482517062500001 0.054935465625
311 0.543288425 0.0871642734375 0.5138905265625 0.052738046875 0.5097563734375 0.09383736875000001 0.5417612609375 0.1333100625 0.543288425 0.0871642734375
311 0.5108362 0.08496685312499999 0.507018290625 0.1296476984375 0.5387069343750001 0.17213112656250001 0.5417612609375 0.1274502796875 0.5108362 0.08496685312499999
311 0.5337436531249999 0.24464594062499997 0.5379433515625001 0.199232621875 0.507781871875 0.1611440328125 0.5039639640625 0.1604115609375 0.5032003828125 0.2050924046875 0.5337436531249999 0.24464594062499997
311 0.49480098281249996 0.7881408140625 0.46731203906249996 0.7500522265625 0.4619669671875 0.79546554375 0.49174665624999997 0.8342866062500001 0.49480098281249996 0.7881408140625
311 0.4585308484375 0.8416113359375 0.4902194921875 0.8826298156249999 0.49174665624999997 0.8357515515625 0.4623487578125 0.7940005984375 0.4585308484375 0.8416113359375
311 0.49174665624999997 0.8789674515625 0.4589126390625 0.8372164968750001 0.455476521875 0.8811648703125 0.45585831250000003 0.887024653125 0.4871651640625 0.9317054984375 0.49174665624999997 0.8789674515625
311 0.45318577656250003 0.925845715625 0.48792874687500004 0.9705265624999999 0.48869232812499996 0.92071840625 0.45662189375000006 0.880432396875 0.45318577656250003 0.925845715625
311 0.482965465625 1 0.48525621093750004 0.9675966703125001 0.45433114999999996 0.9229158249999999 0.4486042859375 0.9697940890625001 0.46960278437499997 1 0.482965465625 1
311 0.5700137859375001 0.6848621390625 0.530307534375 0.7207533109375001 0.52572604375 0.7661666281249999 0.567723040625 0.7346702953124999 0.5700137859375001 0.6848621390625
311 0.5272532078125 0.8049876906250001 0.56734125 0.7705614671875 0.5658140875 0.73100793125 0.5261078343750001 0.7632367375 0.5272532078125 0.8049876906250001
311 0.562759759375 0.7756887765625 0.524580671875 0.8079175828125 0.5238170890625 0.8533309015625001 0.5646687140625 0.81743973125 0.562759759375 0.7756887765625
311 0.69638656875 0.56693400625 0.6593528531249999 0.51932326875 0.6547713625 0.5588768046875 0.6952411953125 0.6116148515625001 0.69638656875 0.56693400625
311 0.5860490031250001 0.6929193406249999 0.62308271875 0.662887953125 0.6249916734375 0.6138122703125 0.5887215390625 0.648238496875 0.5860490031250001 0.6929193406249999
311 0.62308271875 0.58011851875 0.59063049375 0.60575506875 0.5891033296875 0.6540982796875 0.62308271875 0.6218694734375 0.62308271875 0.58011851875
311 0.692568659375 0.6497034421875 0.6540077796875 0.5991628140625 0.65133524375 0.6431111859375 0.692568659375 0.7002440703125 0.692568659375 0.6497034421875
311 0.6918050765625 0.6958492328125 0.6528624078124999 0.6431111859375 0.6490444984375 0.6863270859374999 0.6906597046875 0.7434599703125 0.6918050765625 0.6958492328125
311 0.6211737640624999 0.7031739625 0.5826128859375 0.736135240625 0.57994035 0.779351140625 0.6204101828125 0.747122334375 0.6211737640624999 0.7031739625
311 0.6196466015625 0.66581784375 0.58490363125 0.6921868671875 0.5814675125 0.736135240625 0.6204101828125 0.7053713796875 0.6196466015625 0.66581784375
311 0.61888301875 0.7478548078125 0.58070393125 0.7764212500000001 0.5784131859375 0.8218345671874999 0.6165922734375 0.8005928546875 0.61888301875 0.7478548078125
311 0.6165922734375 0.8313567140625 0.5772678124999999 0.8591906843749999 0.5749770671875 0.9075338937499999 0.6150651093749999 0.8782349796875 0.6165922734375 0.8313567140625
311 0.610101828125 0.9192534609375 0.5745952765625 0.9456224843750001 0.57077736875 0.9976280578125 0.6093382468749999 0.9697940890625001 0.610101828125 0.9192534609375