311 0.6523710953124999 0.08492455156249999 0.6152169468750001 0.11201827499999999 0.6140658765625 0.1640625 0.61509404375 0.1640625 0.6503143390624999 0.14210203906250002 0.6523710953124999 0.08492455156249999
311 0.64040505625 0.1611748203125 0.61059194375 0.19259447031250002 0.6147127671875 0.2356963875 0.647050928125 0.2031352046875 0.64040505625 0.1611748203125
311 0.6159803390625 0.275 0.6176339046875 0.275 0.6199828609375 0.2725161203125 0.6477171171875 0.2354053328125 0.6377238640625 0.1984375 0.6371967609375 0.1984375 0.6089161468750001 0.23602074218750002 0.6159803390625 0.275
311 0.600881896875 0.3117406984375 0.605055390625 0.313278715625 0.64375 0.2823770203125 0.64375 0.2362539609375 0.606649778125 0.2656885578125 0.600881896875 0.3117406984375
311 0.6338279328125 0.2816986203125 0.603960671875 0.31212824375000003 0.608227903125 0.34375 0.6093429687499999 0.34375 0.6408730234375 0.307937940625 0.6338279328125 0.2816986203125
311 0.6371528093750001 0.391377696875 0.59839309375 0.4202405984375 0.5966975703124999 0.4663805109375 0.63416141875 0.43962977812500004 0.6371528093750001 0.391377696875
311 0.6341354796875 0.310417540625 0.60154078125 0.3480480640625 0.6065857984374999 0.3859375 0.608207275 0.3859375 0.6408798828125 0.3531653421875 0.6341354796875 0.310417540625
311 0.6051138265625 0.4203125 0.605554403125 0.4203125 0.6366927437500001 0.39057602812500003 0.6312442078125 0.353125 0.6309263359374999 0.353125 0.5991817640625 0.3823147765625 0.6051138265625 0.4203125
311 0.52377740625 0.0122500703125 0.5132982640625 0.0566369421875 0.5368954203125 0.103125 0.5372780265625 0.103125 0.548590896875 0.0578986421875 0.52377740625 0.0122500703125
311 0.54037959375 0.1328125 0.5410558609375 0.1328125 0.5421875 0.1104386296875 0.5421875 0.0861054546875 0.51500505 0.053125 0.5144898328124999 0.053125 0.5097036734375 0.09359923437499999 0.54037959375 0.1328125
311 0.5080292656250001 0.08642949375 0.507337434375 0.131267821875 0.5419123796875 0.171437275 0.5418424875000001 0.126652209375 0.5080292656250001 0.08642949375
311 0.5263588593749999 0.2453125 0.5267088125 0.2453125 0.5386107703125 0.201757071875 0.5155215265625 0.1590096484375 0.5123799796874999 0.1578125 0.5118525015625 0.1578125 0.5033780859375 0.201494778125 0.5263588593749999 0.2453125
311 0.49395770624999996 0.7870238281249999 0.4638787984375 0.750945553125 0.46171462031250005 0.7966211000000001 0.49412978750000003 0.8332702703124999 0.49395770624999996 0.7870238281249999
311 0.459964425 0.8455306234375 0.50063505 0.8776645015625 0.49077597187500005 0.83180926875 0.45215084687499996 0.7984104921874999 0.459964425 0.8455306234375
311 0.45525115156249996 0.8871106515625 0.4861785890625 0.93125 0.48660504375 0.93125 0.490625 0.8849758609375 0.490625 0.8783992296875001 0.4584608015625 0.8375 0.45829003593750006 0.8375 0.4548693609375 0.8812508687499999 0.45525115156249996 0.8871106515625
311 0.4572472125 0.8806660953125001 0.453019046875 0.9260125296874999 0.48624167500000004 0.9703125 0.48700908906249996 0.9703125 0.488609675 0.921505675 0.4572472125 0.8806660953125001
311 0.4554359328125 0.9222299453125 0.4480765296875 0.9688797875 0.4671296984375 0.9984375 0.48155625312500006 0.9984375 0.48478281562500003 0.967962840625 0.4554359328125 0.9222299453125
311 0.5749523765625 0.688400403125 0.5311680546875001 0.7191850718749999 0.5210862234375 0.7637015421875 0.56660861875 0.737558125 0.5749523765625 0.688400403125
311 0.5215532890625 0.8014914624999999 0.5665332281250001 0.773760234375 0.5712124046875 0.7344547671874999 0.5269533046875 0.76007535625 0.5215532890625 0.8014914624999999
311 0.5229516859375 0.8530586703124999 0.5640625 0.8194078296875 0.5640625 0.777229946875 0.5252997046875 0.807699665625 0.5229516859375 0.8530586703124999
311 0.6507666875 0.5239196046875 0.6538165421875 0.5636206203125 0.703125 0.6072424296875 0.703125 0.6048047140625 0.696204546875 0.5635892328125001 0.6507666875 0.5239196046875
311 0.5861587703125 0.6921875 0.5873000265625 0.6921875 0.6231343078125 0.6631287578125 0.625 0.6151652734375 0.625 0.6140941375 0.5887731281249999 0.6484793015625 0.5861587703125 0.6921875
311 0.6189587671875 0.5784829874999999 0.5893640687499999 0.6073712796875 0.592830971875 0.6546875 0.593686203125 0.6546875 0.6233229312499999 0.6200052265625 0.6189587671875 0.5784829874999999
311 0.6440679593749999 0.604456153125 0.6505912046875 0.6479997984375 0.7015625 0.694187946875 0.7015625 0.6894791140625001 0.6922941781249999 0.6458750890625 0.6440679593749999 0.604456153125
311 0.6648131953124999 0.6400192171875 0.6513716765625001 0.681268653125 0.6786481953125 0.7453125 0.6793209734375 0.7453125 0.6908942859375 0.7001657859375 0.6648131953124999 0.6400192171875
311 0.6110945984375 0.6992325312500001 0.5816531984375 0.7405434390625001 0.5894577390625 0.7828125 0.589752271875 0.7828125 0.620985771875 0.742060175 0.6110945984375 0.6992325312500001
311 0.6127862578125 0.6630558328125 0.5837130593750001 0.6955696546875 0.58851221875 0.7375 0.5903305640625 0.7375 0.6210829796875 0.7017369609374999 0.6127862578125 0.6630558328125
311 0.615764784375 0.7459032437500001 0.580220709375 0.777688509375 0.5818504718749999 0.821875 0.5837490484375001 0.821875 0.6180791796875 0.7986402578125 0.615764784375 0.7459032437500001
311 0.5740614140625 0.90625 0.5751771828125001 0.90625 0.6146012390625 0.878478803125 0.615625 0.8580284390624999 0.615625 0.8325353625 0.5771420671875 0.8587777546875 0.5740614140625 0.90625
311 0.571474625 0.996875 0.5732868796874999 0.996875 0.609375 0.9708259140625 0.609375 0.920864009375 0.575191125 0.94625074375 0.571474625 0.996875
