311 0.40123456874999996 0.11197243750000001 0.3225308640625 0.16795865625 0.3811728390625 0.1880562734375 0.4459876546875 0.1349411421875 0.40123456874999996 0.11197243750000001
311 0.426058590625 0.20516724218750002 0.4920513609375 0.14377861875 0.4364785015625 0.134085678125 0.3768534546875 0.1857813625 0.426058590625 0.20516724218750002
311 0.46889600312499996 0.21432168749999997 0.53373100625 0.156702540625 0.47757926250000005 0.145394109375 0.416796446875 0.19332031562500002 0.46889600312499996 0.21432168749999997
311 0.5169433703124999 0.22186064062500002 0.57425288125 0.16908796406249998 0.5238899781249999 0.15508705 0.46194939531249996 0.20516724218750002 0.5169433703124999 0.22186064062500002
311 0.510575646875 0.216475675 0.5632540875000001 0.23370756875 0.6182480625 0.185242865625 0.6251946703125 0.1803963953125 0.5667273921875 0.166933978125 0.510575646875 0.216475675
311 0.60724926875 0.24824697968749998 0.666874315625 0.19332031562500002 0.615932528125 0.1798578984375 0.5499397562499999 0.23155358124999997 0.60724926875 0.24824697968749998
311 0.65008668125 0.2579399203125 0.70913284375 0.20139776562499997 0.6570332875 0.1906278328125 0.6003026593749999 0.24340050937500002 0.65008668125 0.2579399203125
311 0.7120272640625 0.2008592703125 0.6489289125 0.2504009671875 0.7062384234375 0.26494037656249997 0.7508124890625 0.2213221453125 0.7548646765625 0.224014628125 0.755443559375 0.2127061984375 0.7120272640625 0.2008592703125
311 0.736340390625 0.2837877625 0.80117539375 0.226168615625 0.747339184375 0.21216770000000001 0.683083065625 0.2644018796875 0.736340390625 0.2837877625
311 0.7901765968750001 0.29186521249999997 0.8480649937500001 0.2369385484375 0.794228784375 0.225091621875 0.73344596875 0.2767873046875 0.7901765968750001 0.29186521249999997
311 0.8932179421875001 0.24878547499999998 0.8312773578125 0.29832717343750004 0.8833769140625 0.3101741 0.9381755734375 0.2633248875 0.8932179421875001 0.24878547499999998
311 0.44872475156249997 0.25830674375 0.3986278890625 0.2409975296875 0.4086472609375 0.31622604062500004 0.46590081874999995 0.3421898625 0.44872475156249997 0.25830674375
311 0.5102723250000001 0.34485281875 0.4888022421875 0.25364657031250004 0.4408523875 0.2529808328125 0.46232247031249996 0.3361982125 0.5102723250000001 0.34485281875
311 0.5589378484374999 0.3581676 0.5317424078124999 0.27029004843750004 0.487370903125 0.267627090625 0.507409646875 0.35017873125 0.5589378484374999 0.3581676
311 0.55464383125 0.3535074265625 0.602593684375 0.3701509015625 0.5882802953125 0.30224552031249996 0.5875646265625 0.283604828125 0.5317424078124999 0.26962430937500004 0.55464383125 0.3535074265625
311 0.64839653125 0.38013698749999997 0.6247794390625 0.2909279578125 0.5746825765625 0.2969196078125 0.5947213203125 0.3648249890625 0.64839653125 0.38013698749999997
311 0.69849339375 0.3994434203125 0.6784546484375 0.3089029109375 0.6254951078125 0.29625386875 0.6376614890625001 0.378805509375 0.69849339375 0.3994434203125
311 0.7364238734375 0.4021063765625 0.7178164687499999 0.3242149078125 0.67416063125 0.3142288234375 0.6927680374999999 0.39345176875 0.7364238734375 0.4021063765625
311 0.290625 0.12890625 0.09453125 0.08359375
311 0.3390625 0.140625 0.10703125 0.0875
311 0.246875 0.23359375 0.0640625 0.10078125
311 0.290625 0.25078125 0.078125 0.0953125
311 0.33671875 0.2625 0.07890625 0.096875
311 0.24375 0.34765625 0.08359375 0.096875
311 0.5125 0.41875 0.09453125 0.10234375
311 0.56953125 0.43046875 0.090625 0.11640625
311 0.34296875 0.375 0.1015625 0.10625
311 0.38671875 0.38515625 0.09609375 0.11640625
311 0.4296875 0.396875 0.0875 0.11015625
