311 0.5051378359375 0.062694946875 0.49871972031249995 0.0243044 0.4625 0.005203757812499999 0.4625 0.008628054687500001 0.4705106359375 0.0433259328125 0.5051378359375 0.062694946875
311 0.4625 0.041275451562499996 0.4625 0.0415043015625 0.4689023296875 0.07573089375 0.503125 0.10074958281249999 0.503125 0.0960242546875 0.49569748281250003 0.058118432812499995 0.4625 0.041275451562499996
311 0.46126831093750004 0.076643434375 0.469150934375 0.110786825 0.5046875 0.1319782390625 0.5046875 0.12753449687500001 0.4966692828125 0.095833809375 0.46126831093750004 0.076643434375
311 0.4759141203125 0.10081285625 0.46624243906249996 0.13844219062500002 0.4890113515625 0.175 0.48935007500000005 0.175 0.49983933281250004 0.14192394218749999 0.4759141203125 0.10081285625
311 0.4750846421875 0.140481540625 0.46815047656250003 0.1754898953125 0.4908253328125 0.2109375 0.4918018453125 0.2109375 0.49967009687499997 0.1739202859375 0.4750846421875 0.140481540625
311 0.4744093796875 0.176002834375 0.4662975734375 0.21416588124999997 0.490904078125 0.246875 0.492315275 0.246875 0.5005492671875 0.20928555312500002 0.4744093796875 0.176002834375
311 0.49572724375000005 0.3234375 0.496924071875 0.3234375 0.5025016765625 0.2845340890625 0.470919646875 0.25 0.470677240625 0.25 0.4682776859375 0.29156985468749996 0.49572724375000005 0.3234375
311 0.4691386421875 0.33195532499999997 0.5049516828125 0.3611141890625 0.501528278125 0.3169527875 0.46309506875000006 0.2929093765625 0.4691386421875 0.33195532499999997
311 0.5635776671875 0.2928453859375 0.5293699015625 0.3305181765625 0.52770448125 0.3294477953125 0.525 0.36484854218749996 0.525 0.36766545 0.5616797234375001 0.3342083859375 0.5635776671875 0.2928453859375
311 0.577258803125 0.6842839125 0.619871809375 0.651995028125 0.628125 0.603950384375 0.628125 0.6024641984375 0.585759384375 0.63355631875 0.577258803125 0.6842839125
311 0.4698329734375 0.6039337828125 0.46958496875 0.6453284203125 0.5032929125 0.678125 0.5043055390625 0.678125 0.5043055390625 0.6343850093750001 0.4698329734375 0.6039337828125
311 0.465625 0.7774464562500001 0.465625 0.777802215625 0.471594978125 0.8202808203125 0.5109375 0.8515769203125 0.5109375 0.846742959375 0.5059005156249999 0.8077718687500001 0.465625 0.7774464562500001
311 0.4664340453125 0.733558384375 0.47132017187499997 0.77945768125 0.509375 0.8081486109375 0.509375 0.806339715625 0.5047524140624999 0.7648065 0.4664340453125 0.733558384375
311 0.46602163750000003 0.650473875 0.46964742656249997 0.6922135593750001 0.47390540156250005 0.6984019765625 0.5078125 0.72255025625 0.5078125 0.71160829375 0.5030796718749999 0.677562378125 0.46602163750000003 0.650473875
311 0.47186332656249996 0.6849772296875 0.4703389359375 0.7330191312500001 0.5009973125 0.76875 0.502922896875 0.76875 0.5040751203125 0.7195406609375 0.47186332656249996 0.6849772296875
311 0.46498816718749997 0.8204617734375 0.47100493437499996 0.8647915578125 0.5125 0.90027945625 0.5125 0.8982601750000001 0.50604508125 0.852979234375 0.46498816718749997 0.8204617734375
311 0.45992597812499997 0.864873359375 0.47221035625 0.9147754062500001 0.473125084375 0.9121226453125001 0.5171875 0.9395832546875 0.5171875 0.93779858125 0.5055157968749999 0.89146013125 0.45992597812499997 0.864873359375
311 0.49283953125 0.987331621875 0.5077720640625001 0.9433219125000001 0.47956534375000004 0.9 0.47895619062500006 0.9 0.46929750937500003 0.9477910749999999 0.49283953125 0.987331621875
311 0.5234375 0.9433112328125001 0.5234375 0.9433539578125 0.567085025 0.918941309375 0.5796875 0.8693301484375 0.5796875 0.8655169640624999 0.534745809375 0.9020516421875 0.5234375 0.9433112328125001
311 0.5268388359375 0.859500646875 0.5700086734375 0.82604571875 0.578125 0.7787522859375 0.578125 0.7735469765625 0.5342030703125 0.8134513999999999 0.5268388359375 0.859500646875
311 0.6166913203125 0.6425482625 0.583822478125 0.6857118796874999 0.5912166640625001 0.728125 0.59200209375 0.728125 0.6241789515625 0.6876897203125 0.6166913203125 0.6425482625
311 0.6211313140625 0.68284310625 0.585016128125 0.719806671875 0.5872654359375 0.7734375 0.5878462296875 0.7734375 0.6227556796875 0.7318863671875 0.6211313140625 0.68284310625
