311 0.5333011578125 0.0925925921875 0.5011261265625 0.061728395312499997 0.49629987187499996 0.10030864218749999 0.528474903125 0.1296296296875 0.5333011578125 0.0925925921875
311 0.609375 0.65078125 0.04453125 0.059375
311 0.4890625 0.71640625 0.04765625 0.0578125
311 0.60703125 0.74296875 0.04765625 0.078125
311 0.6734375 0.646875 0.05 0.07421875
311 0.699115915625 0.557738834375 0.6528660734375 0.4983206359375 0.6483236781249999 0.5545698640625 0.6945735187500001 0.6060656375 0.699115915625 0.557738834375
311 0.457956025 0.9356385859374999 0.46125958437500003 0.9356385859374999 0.489752790625 0.9760429625 0.49512107656250004 0.926923915625 0.4608466390625 0.8881040265625 0.457956025 0.9356385859374999
311 0.526091953125 0.8984031796874999 0.56614761875 0.858791046875 0.5665605640625 0.8120487296875 0.5248531171875 0.850076378125 0.526091953125 0.8984031796874999
311 0.5673864546875 0.7288632500000001 0.5293955125 0.7645141703125 0.5252660625 0.8112564875 0.566973509375 0.7787745375 0.5673864546875 0.7288632500000001
311 0.6908570140625 0.68370541875 0.6528660734375 0.63379413125 0.6474977875000001 0.6789519625 0.6896181796875 0.7217330671875 0.6908570140625 0.68370541875
311 0.634283546875 0.1220053703125 0.601660890625 0.1513183484375 0.600835 0.193307209375 0.6330447109375 0.167163203125 0.634283546875 0.1220053703125
311 0.6355223828125001 0.1972684234375 0.5995961656250001 0.22499691562500002 0.5958796609375 0.26777802031250003 0.6351094374999999 0.2384650421875 0.6355223828125001 0.1972684234375
311 0.6318058765625 0.275700446875 0.59670555 0.3010522125 0.5950537703125 0.34224883125 0.63139293125 0.3153125796875 0.6318058765625 0.275700446875
311 0.6346964921875 0.2384650421875 0.597531440625 0.2693625046875 0.59670555 0.30025996875 0.6330447109375 0.276492690625 0.6346964921875 0.2384650421875
311 0.63139293125 0.3105591234375 0.5950537703125 0.3430410734375 0.5958796609375 0.38186096406250003 0.6309799875000001 0.3493790140625 0.63139293125 0.3105591234375
311 0.59629260625 0.417511884375 0.632218821875 0.389783390625 0.63139293125 0.3454178015625 0.594640825 0.3810687203125 0.59629260625 0.417511884375
311 0.6900311234375 0.4658386859375 0.6569955234375 0.42860328125 0.6557566875 0.4721766265625 0.68837934375 0.5070353046875 0.6900311234375 0.4658386859375
311 0.6305670421875 0.384237690625 0.59629260625 0.4143429125 0.597531440625 0.45395504531249997 0.630154096875 0.430980009375 0.6305670421875 0.384237690625
