311 0.746875 0.2515625 0.04921875 0.06015625
311 0.73359375 0.28125 0.050390625 0.06328125
311 0.7203125 0.31328125 0.046484375 0.061328125
311 0.71171875 0.3453125 0.055859375 0.059765625
311 0.70703125 0.37734375 0.06484375 0.069140625
311 0.6859375 0.40625 0.046875 0.056640625
311 0.6734375 0.43671875 0.053515625 0.0609375
311 0.6967546171875 311 0.7037556640625 0.0687687234375 0.7330640109375001 0.0218370421875 0.725439584375 0.002481125 0.705657484375 311 0.6967546171875 0
311 0.696875 0.04296875 0.039453125 0.08359375
311 0.68515625 0.0671875 0.0421875 0.093359375
311 0.67578125 0.0984375 0.043359375 0.104296875
311 0.66328125 0.1265625 0.046484375 0.105859375
311 0.653125 0.15 0.044921875 0.108984375
311 0.6390625 0.17890625 0.0375 0.1015625
311 0.62890625 0.21328125 0.042578125 0.090625
311 0.6171875 0.24453125 0.03203125 0.093359375
311 0.60234375 0.271875 0.0359375 0.086328125
311 0.792490596875 0.026159717187499997 0.74653065625 0.027697323437499997 0.7361676953125 0.0744328625 0.7813531890625 0.07103544218749999 0.792490596875 0.026159717187499997
311 0.7264668734375 0.1029720828125 0.7644725 0.1171875 0.76462190625 0.1171875 0.7828125 0.0816922546875 0.7828125 0.081190303125 0.7366165953125 0.057908404687500005 0.7264668734375 0.1029720828125
311 0.7532108234375 0.139138909375 0.7580112234375 0.11135418906250001 0.721633146875 0.10352591250000001 0.715880571875 0.1420942828125 0.7532108234375 0.139138909375
311 0.7324617875 0.1843179140625 0.754151590625 0.15609334218749998 0.7175947500000001 0.13558282187499998 0.7003884109375 0.1593360125 0.7324617875 0.1843179140625
311 0.8312963328125 0.0858924109375 0.7883094171875 0.0881828640625 0.780486384375 0.1215894796875 0.8232201328125001 0.118107984375 0.8312963328125 0.0858924109375
311 0.8230060187499999 0.1257326546875 0.7815230093750001 0.1120516125 0.7649915171874999 0.142531878125 0.8046028578125 0.158436696875 0.8230060187499999 0.1257326546875
311 0.8058790281249999 0.1445154875 0.7636702046875 0.14453943125 0.7588545453125 0.1775358765625 0.7992021796875 0.1834040703125 0.8058790281249999 0.1445154875
311 0.747580634375 0.20104441718750002 0.7878217578125 0.2171875 0.788146628125 0.2171875 0.796875 0.1825870953125 0.796875 0.17867919062499998 0.7600041796875 0.168956296875 0.747580634375 0.20104441718750002
311 0.671933821875 0.32219189375 0.6315036875 0.3249932953125 0.6236778359375 0.36284804375 0.6675549828125 0.3631481484375 0.671933821875 0.32219189375
311 0.7118871437500001 0.234906065625 0.670223609375 0.2304957171875 0.657680715625 0.26493997343750003 0.703166259375 0.2739655578125 0.7118871437500001 0.234906065625
311 0.679246240625 0.2345444078125 0.721551496875 0.23141237499999998 0.728540865625 0.1924686859375 0.6900915734375 0.1955390265625 0.6835240015624999 0.1948424140625 0.679246240625 0.2345444078125
311 0.6148159484375 0.393900725 0.6599184671875 0.39240543906249997 0.661934065625 0.3515192546875 0.6190858296874999 0.35751479218750004 0.6148159484375 0.393900725
311 0.634488478125 0.479619325 0.6755019609375 0.490625 0.6821779921875 0.490625 0.6890625 0.46001956093749996 0.6890625 0.457373975 0.6502645296875 0.444941634375 0.634488478125 0.479619325
311 0.6261866890625 0.5158377984375 0.66576165 0.5222251296875 0.6815319796875 0.48389331718750006 0.633494609375 0.47931835781250004 0.6261866890625 0.5158377984375
311 0.6110054515625001 0.5430267296875 0.649624390625 0.5615824265625 0.6671875 0.5243123671875 0.6671875 0.52318270625 0.626618628125 0.5093049140625 0.6110054515625001 0.5430267296875
311 0.6190013046875 0.6376117703124999 0.5707903296875 0.6355571640625 0.5625507328125 0.6752129124999999 0.6088536625 0.679955390625 0.6190013046875 0.6376117703124999
311 0.5537661671875 0.7111561531249999 0.5957747078125 0.7139545218750001 0.601886809375 0.6713039843749999 0.5546528000000001 0.6740858921874999 0.5537661671875 0.7111561531249999
311 0.5314717124999999 0.7337112046875001 0.576648934375 0.7552779562499999 0.5999879734375 0.7161180234375 0.555421859375 0.7002229859375 0.5314717124999999 0.7337112046875001
311 0.522450175 0.7746415921875001 0.5688828625 0.78581325625 0.58125 0.7454406140625001 0.58125 0.7438756718749999 0.5363984265624999 0.7376027125 0.522450175 0.7746415921875001
311 0.513428821875 0.8187428546875 0.5617777171875 0.82301441875 0.565612990625 0.781898025 0.5207809359375 0.775287775 0.513428821875 0.8187428546875
311 0.620194575 0.730527078125 0.642920546875 0.8125 0.6439787375 0.8125 0.65625 0.7689271453125001 0.65625 0.7675154875 0.6380973359375 0.697614478125 0.620194575 0.730527078125
311 0.66479575625 0.771371190625 0.674377853125 0.729194271875 0.6381281578125 0.662309609375 0.63438751875 0.6997543609375 0.66479575625 0.771371190625
311 0.6824219109375 0.7039145296875 0.6712591984375 0.6168872890625 0.6534710609375 0.6568091375 0.660527071875 0.729733421875 0.6824219109375 0.7039145296875
311 0.7006853453125 0.6584831953125 0.6690388671874999 0.58607971875 0.6595223625 0.6255353203125 0.6880616890625 0.6940718171875 0.7006853453125 0.6584831953125
311 0.5056976343749999 0.47071713125 0.4904616921875 0.4972760078125 0.490329225 0.5046082328125 0.495833496875 0.564568128125 0.5118331125 0.5307433671874999 0.5056976343749999 0.47071713125
311 0.4881244953125 0.4998346015625 0.469281225 0.546140709375 0.485159584375 0.6078125 0.48617523125 0.6078125 0.5016446546875 0.5673183625 0.4881244953125 0.4998346015625
311 0.5560683953125001 0.320065753125 0.58699615625 0.39312599375 0.5940726703125 0.34736654375 0.566408340625 0.287331659375 0.5560683953125001 0.320065753125
311 0.5914913890625 0.26324594375 0.5735819578125 0.29189889375 0.5888155609375 0.3515541015625 0.6035400234375 0.318406253125 0.5914913890625 0.26324594375
311 0.5673331015625 0.321432646875 0.5472318921875 0.35330088437499996 0.5658580062499999 0.421875 0.56590833125 0.421875 0.5798009015625001 0.38671012656250003 0.5673331015625 0.321432646875
311 0.47137277187500004 0.5443515578125 0.45942738906249997 0.5725150703125 0.4727972453125 0.6484375 0.4730152625 0.6484375 0.48830578750000003 0.6008094921875 0.47137277187500004 0.5443515578125
311 0.4604377125 0.5753093765624999 0.44792534218749996 0.613207359375 0.46053125 0.6765625 0.46147388749999996 0.6765625 0.47934082031249997 0.6505346890625 0.4604377125 0.5753093765624999
311 0.4349097265625 0.6361277984375 0.4371581328125 0.7012713203125001 0.459870728125 0.6702679203125 0.4559524578125 0.602756446875 0.4349097265625 0.6361277984375
311 0.41620794375000003 0.681692040625 0.4409771453125 0.7477542359375 0.45193220156249997 0.7030032453125 0.42549164531250006 0.6425773640625 0.41620794375000003 0.681692040625
311 0.40383163125 0.7118926890624999 0.41019492343749997 0.7853332187500001 0.43293177031249996 0.7442562781250001 0.42537422343750003 0.6828115328125001 0.40383163125 0.7118926890624999
311 0.3998026140625 0.71773518125 0.38986900625 0.742835596875 0.407856015625 0.8125 0.40821333125 0.8125 0.4205936265625 0.773875353125 0.3998026140625 0.71773518125
311 0.39828410000000003 0.7441464953125 0.37641742968749997 0.7788241421875 0.38563482968749996 0.853125 0.3860223828125 0.853125 0.4061987328125 0.8122073140625 0.39828410000000003 0.7441464953125
311 0.3622251328125 0.8081127546875001 0.3736871484375 0.8890563640625 0.3943388234375 0.8412634015625 0.38029687343749996 0.7762531671875 0.3622251328125 0.8081127546875001
311 0.3581658671875 0.8135483484374999 0.344054509375 0.8488298703125 0.345029375 0.8467887828125 0.36591182031249997 0.9203125 0.3662566109375 0.9203125 0.377610390625 0.871073571875 0.3581658671875 0.8135483484374999
311 0.3299062703125 0.8772682421875 0.3559633953125 0.9484813796875 0.36647244843750004 0.9151069328125001 0.342981246875 0.844968684375 0.3299062703125 0.8772682421875
311 0.5701073734375 0.5681963609375 0.527882621875 0.574589721875 0.51763683125 0.61848879375 0.5702709796875001 0.61639083125 0.5701073734375 0.5681963609375
311 0.5036395234375 0.64686429375 0.553118175 0.6526028828125 0.56021434375 0.6177528546875 0.5125881156250001 0.6131945203125 0.5036395234375 0.64686429375
311 0.493862753125 0.674322603125 0.530478071875 0.6842984234375 0.5484375 0.6501331828125 0.5484375 0.6494212187499999 0.5044099296875 0.6419092187500001 0.493862753125 0.674322603125
311 0.48125 0.7163030953125 0.48125 0.7170289078125001 0.515765746875 0.7203125 0.5234409734375001 0.7203125 0.5359375 0.690659434375 0.5359375 0.6894459000000001 0.4966590046875 0.6768864796875 0.48125 0.7163030953125
311 0.6487970437499999 0.8018410812500001 0.61125149375 0.7274046984375 0.6048444796875 0.768436034375 0.6407093921875 0.8497293765625 0.6487970437499999 0.8018410812500001
311 0.4578125 0.7465339109375 0.4578125 0.746547278125 0.502383525 0.7580713640625001 0.5328125 0.7245663671875 0.5328125 0.72418609375 0.4868754625 0.710344678125 0.4578125 0.7465339109375
311 0.5110113171874999 0.74606636875 0.461103890625 0.7452369171875 0.45805401874999996 0.7877988593749999 0.5041486578125001 0.7922533359374999 0.5110113171874999 0.74606636875
311 0.49529503437500005 0.78276591875 0.44662946562499994 0.7831748484375 0.43882896562499996 0.82231521875 0.44731089687500003 0.8265625 0.457249815625 0.8265625 0.49151671406249997 0.823500409375 0.49529503437500005 0.78276591875
311 0.4037516296875 0.8949230328125 0.45038494218749997 0.9040622218750001 0.471875 0.8575408843749999 0.471875 0.856171628125 0.43052966562500006 0.84343399375 0.4037516296875 0.8949230328125
311 0.46954466093749997 0.8604230828125001 0.4839873234375 0.821574515625 0.436932428125 0.8167447843750001 0.42585144843749995 0.8528360125000001 0.46954466093749997 0.8604230828125001
311 0.45655206875000004 0.9385394640625 0.40045731093750003 0.9121166859375001 0.38179211562500004 0.9583260921875001 0.423807859375 0.97358939375 0.45655206875000004 0.9385394640625