311 0.4453125 0.5078125 0.034375 0.093359375
311 0.42421875 0.5 0.045703125 0.1015625
311 0.46640625 0.525 0.042578125 0.10078125
311 0.4875 0.53359375 0.044140625 0.090625
311 0.509375 0.5453125 0.038671875 0.08515625
311 0.5515625 0.565625 0.04296875 0.10078125
311 0.59609375 0.5921875 0.05 0.099609375
311 0.53046875 0.553125 0.040234375 0.09609375
311 0.42421875 0.27578125 0.044140625 0.0734375
311 0.38828125 0.2609375 0.04453125 0.075
311 0.69609375 0.41875 0.029296875 0.078125
311 0.46640625 0.3015625 0.037890625 0.0734375
311 0.4875 0.3125 0.0453125 0.072265625
311 0.51328125 0.3234375 0.0421875 0.06640625
311 0.5428509453125 0.3193261734375 0.526128971875 0.370079475 0.5549863890625 0.37813641875 0.5722269625 0.32669967031249997 0.5428509453125 0.3193261734375
311 0.59099599375 0.34028711562499997 0.567998896875 0.3899931421875 0.59750930625 0.40052717812500005 0.619786103125 0.34969181875 0.59099599375 0.34028711562499997
