311 0.746875 0.2515625 0.046875 0.0578125
311 0.73359375 0.28125 0.04453125 0.059375
311 0.7203125 0.31328125 0.04609375 0.06171875
311 0.71171875 0.3453125 0.05078125 0.05546875
311 0.70703125 0.37734375 0.059375 0.06328125
311 0.6859375 0.40625 0.0453125 0.05546875
311 0.6734375 0.43671875 0.04921875 0.0578125
311 0.7194327 311 0.6904724859375 0.0019494984375 0.71079544375 0.069207196875 0.7306103265624999 0.0175454859375 0.7194327 0
311 0.696875 0.04296875 0.03046875 0.08125
311 0.68515625 0.0671875 0.03125 0.09140625
311 0.67578125 0.0984375 0.03359375 0.10234375
311 0.66328125 0.1265625 0.03515625 0.10390625
311 0.653125 0.15 0.03359375 0.10703125
311 0.6390625 0.17890625 0.03125 0.1
311 0.62890625 0.21328125 0.03671875 0.0890625
311 0.6171875 0.24453125 0.0296875 0.09296875
311 0.60234375 0.271875 0.0296875 0.08515625
311 0.796151865625 0.030217226562499998 0.7504252109375 0.02534348125 0.7336587703124999 0.070181946875 0.7788773515625 0.0731061953125 0.796151865625 0.030217226562499998
311 0.7819294171875 0.0791473171875 0.7340108546875 0.059056075 0.727029340625 0.1047179890625 0.76606234375 0.1162856734375 0.7819294171875 0.0791473171875
311 0.7492432453125 0.1424651703125 0.7597155140625 0.1162856734375 0.725759975 0.1010650359375 0.7121142921875 0.13759456718750002 0.7492432453125 0.1424651703125
311 0.7381362921875 0.181430003125 0.7517819765625 0.14855342656249998 0.7111622671875 0.138203390625 0.7006899984375 0.1656005390625 0.7381362921875 0.181430003125
311 0.8346081046875 0.091932653125 0.7920843453125 0.085235571875 0.7774866375 0.1162856734375 0.8200103953125 0.121765103125 0.8346081046875 0.091932653125
311 0.821597103125 0.121765103125 0.778756003125 0.1132415453125 0.76606234375 0.145509296875 0.8073167375000001 0.15646815625 0.821597103125 0.121765103125
311 0.8092207859375 0.14855342656249998 0.7676490515625 0.1412475203125 0.75717678125 0.1729064453125 0.79589244375 0.18569178125000002 0.8092207859375 0.14855342656249998
311 0.7482912203125001 0.202738896875 0.7898629546875 0.21613305781249997 0.7968444671875 0.177168225 0.7584461484375 0.16986231875 0.7482912203125001 0.202738896875
311 0.6759373625 0.326330475 0.63563499375 0.322068696875 0.6213546265625001 0.357989403125 0.66451306875 0.36590413437499997 0.6759373625 0.326330475
311 0.712748975 0.23683312500000003 0.6714945812499999 0.22952721875 0.65657953125 0.263012621875 0.70132468125 0.2751891328125 0.712748975 0.23683312500000003
311 0.7181437796875 0.2343978234375 0.7317894640625 0.1972594671875 0.69339114375 0.1936065140625 0.6870443140625 0.1917800375 0.6759373625 0.23013604375000002 0.7181437796875 0.2343978234375
311 0.611517040625 0.388430678125 0.6559448484375 0.39634540937499996 0.6664171171875 0.3567717515625 0.623258675 0.3537276234375 0.611517040625 0.388430678125
311 0.6350003109375 0.4821898078125 0.683236215625 0.490713365625 0.6879963390625 0.4554014859375 0.6476939703125 0.446269103125 0.6350003109375 0.4821898078125
311 0.625162725 0.513239909375 0.6641957265625 0.522372290625 0.6826015328125 0.48523393593749997 0.6350003109375 0.477319203125 0.625162725 0.513239909375
311 0.6127864062499999 0.5479429625 0.6540408 0.5595106484375 0.6651477515625001 0.5187193375 0.6223066515625 0.5120222578125 0.6127864062499999 0.5479429625
311 0.62071994375 0.6417020921875001 0.5731187203125 0.6337873609375 0.5601077203125 0.6721433671875 0.6054875515625 0.682493403125 0.62071994375 0.6417020921875001
311 0.550270134375 0.7050199453125 0.590572503125 0.7171964562500001 0.6061222359375 0.6770139734375 0.5594730375 0.669099240625 0.550270134375 0.7050199453125
311 0.5328163531250001 0.739723 0.5810522578125 0.7531171624999999 0.5972366734375 0.710499375 0.550587475 0.7025846437500001 0.5328163531250001 0.739723
311 0.5217094 0.773208403125 0.567723915625 0.7859937390625 0.5820042828124999 0.7445936046875 0.5369417921874999 0.7366788734374999 0.5217094 0.773208403125
311 0.5112371312499999 0.8152173640625 0.5585210125 0.8261762234375001 0.5680412578125 0.7859937390625 0.5245654734375 0.773208403125 0.5112371312499999 0.8152173640625
311 0.6213546265625001 0.7299817921875 0.6416644812500001 0.8146085375000001 0.6562621890625 0.768946625 0.640395115625 0.6977140390625001 0.6213546265625001 0.7299817921875
311 0.6540408 0.771990753125 0.6714945812499999 0.73241709375 0.648673090625 0.6598445234375 0.6378563828125 0.6958875625000001 0.6540408 0.771990753125
311 0.68640963125 0.70197581875 0.663243703125 0.617349071875 0.6511847265624999 0.6593580328125 0.6683211671875 0.7305906171875 0.68640963125 0.70197581875
311 0.6978339250000001 0.6611845093750001 0.6765720453124999 0.5850813203125 0.6616569953125 0.6228285015624999 0.6803801421875 0.6946699125 0.6978339250000001 0.6611845093750001
311 0.48838854375 0.498628096875 0.48902322812500004 0.5059340031249999 0.5007648625 0.564990078125 0.5131411796875 0.5296781968750001 0.5007648625 0.4706221234375 0.48838854375 0.498628096875
311 0.5026689109375 0.5668165546874999 0.4868018375 0.49984574843749996 0.46958610624999997 0.54678126875 0.48807120312499996 0.609434340625 0.5026689109375 0.5668165546874999
311 0.5604250625 0.3165892671875 0.5781961843750001 0.3939101078125 0.593111234375 0.3500746703125 0.5762921359375001 0.286147990625 0.5604250625 0.3165892671875
311 0.5883511125 0.263012621875 0.5724840375 0.2928450734375 0.59184186875 0.35129232187500004 0.6042181859375 0.3171980921875 0.5883511125 0.263012621875
311 0.545827353125 0.35433645 0.5680412578125 0.42191608125 0.5801002328125 0.3859953765625 0.564233159375 0.321459871875 0.545827353125 0.35433645
311 0.4586280546875 0.5729959421874999 0.47605313281250006 0.6485484984375 0.488947690625 0.5997402093749999 0.4690831015625 0.5442458546875 0.4586280546875 0.5729959421874999
311 0.47953815000000005 0.6498857124999999 0.4593250578125 0.5750017625 0.4474760046875 0.61311234375 0.46141606875 0.6772985874999999 0.47953815000000005 0.6498857124999999
311 0.43214193749999996 0.6385193984375 0.44677900312499996 0.702037034375 0.46315857656250004 0.6672694859375 0.44643050000000006 0.6017460296875 0.43214193749999996 0.6385193984375
311 0.41855037656249994 0.6786358015625 0.4338844453125 0.7475022906250001 0.450961021875 0.7047114624999999 0.4331874421875 0.6411938265625 0.41855037656249994 0.6786358015625
311 0.4004282953125 0.71407195625 0.418201875 0.7856128734375 0.4342329453125 0.74148483125 0.41715636875 0.681978834375 0.4004282953125 0.71407195625
311 0.3906702515625 0.74282204375 0.406352821875 0.8136943546875001 0.4202928828125 0.774915165625 0.40147380000000005 0.718083596875 0.3906702515625 0.74282204375
311 0.37463917812499997 0.78026401875 0.39171575625 0.85381075625 0.40774682812499996 0.8103513203125001 0.392761259375 0.74349065 0.37463917812499997 0.78026401875
311 0.3606991171875 0.8090141078125 0.3763816859375 0.8892469109375 0.39450376875000004 0.840438621875 0.3770786890625 0.7762523796874999 0.3606991171875 0.8090141078125
311 0.345016546875 0.847793296875 0.34606205156250003 0.8457874750000001 0.364532634375 0.9206714265624999 0.37777569375 0.8711945312499999 0.360350615625 0.8130257468750001 0.345016546875 0.847793296875
311 0.3317734875 0.8758747781249999 0.35024406875 0.9494215140625 0.36418413125 0.9173283921875001 0.3481530609375 0.84511886875 0.3317734875 0.8758747781249999
311 0.5757245796875 0.5750017625 0.533207390625 0.570990121875 0.512645796875 0.6111065234375 0.5642240296875001 0.62180423125 0.5757245796875 0.5750017625
311 0.5025392515625 0.6438682515624999 0.5513294703125 0.653897353125 0.561436015625 0.6197984109375 0.5143883046875 0.6111065234375 0.5025392515625 0.6438682515624999
311 0.494175215625 0.6752927671875 0.5311163796875 0.6839846546875 0.5481929562500001 0.6485484984375 0.50358475625 0.6425310375 0.494175215625 0.6752927671875
311 0.536343903125 0.6893335078125 0.49661472656249994 0.6766299796874999 0.4809321546875 0.7167463828125 0.52310084375 0.720758021875 0.536343903125 0.6893335078125
311 0.64577339375 0.8056710734375001 0.6231207921874999 0.72543826875 0.6090023453125 0.7644932265625 0.6286968171875 0.8511363296875001 0.64577339375 0.8056710734375001
311 0.5307678796874999 0.7167463828125 0.48267466406250004 0.7127347421875 0.46176456874999994 0.7541883578124999 0.507766775 0.756194178125 0.5307678796874999 0.7167463828125
311 0.51473680625 0.75285114375 0.46629509062499996 0.7408162234375 0.4537490328125 0.7816012328124999 0.4976602296875 0.7963105796875001 0.51473680625 0.75285114375
311 0.437020959375 0.8190432078125 0.44643050000000006 0.8250606671874999 0.48929619375 0.8257292749999999 0.49731172968750004 0.7856128734375 0.4488700109375 0.7809326265625 0.437020959375 0.8190432078125
311 0.4715226125 0.8544793625 0.4290054234375 0.84378165625 0.40495881406249995 0.8966015859375001 0.452006525 0.9032876515625 0.4715226125 0.8544793625
311 0.4669920921875 0.8611654296875001 0.48476567187499997 0.8237234546875 0.43831077343749997 0.8148109968749999 0.42412640156250003 0.849799115625 0.4669920921875 0.8611654296875001
311 0.455143040625 0.9340435609375 0.3962462765625 0.9146539656250001 0.38335171875 0.9627936484375 0.42691441250000006 0.9728227484374999 0.455143040625 0.9340435609375