311 0.1265625 0.23359375 0.02890625 0.0890625
311 0.1625 0.25703125 0.03125 0.07421875
311 0.20078125 0.278125 0.03046875 0.075
311 0.240625 0.2953125 0.03359375 0.07890625
311 0.30078125 0.33125 0.03125 0.09296875
311 0.33828125 0.346875 0.03203125 0.0953125
311 0.3171875 0.34140625 0.03203125 0.08984375
311 0.359375 0.359375 0.034375 0.1
311 0.3796875 0.3703125 0.034375 0.0953125
311 0.39921875 0.384375 0.028125 0.09296875
311 0.42109375 0.3953125 0.02734375 0.08984375
311 0.4421875 0.40234375 0.028125 0.08359375
311 0.4625 0.41328125 0.03359375 0.0890625
311 0.48125 0.42890625 0.034375 0.0890625
311 0.42421875 0.2765625 0.040625 0.08515625
311 0.44140625 0.29765625 0.03359375 0.06640625
311 0.46015625 0.29765625 0.03046875 0.06640625
311 0.34140625 0.2453125 0.03125 0.07265625
311 0.365625 0.25234375 0.034375 0.0703125
311 0.38515625 0.2640625 0.0375 0.07265625
311 0.440625 0.51015625 0.03359375 0.0890625
311 0.4640625 0.52734375 0.03828125 0.09609375
311 0.48203125 0.53359375 0.03515625 0.09609375
311 0.5046875 0.540625 0.03671875 0.1046875
311 0.52578125 0.55625 0.034375 0.08359375
311 0.54765625 0.571875 0.03671875 0.0890625
311 0.2953125 0.43203125 0.03359375 0.0828125
311 0.31796875 0.44609375 0.03671875 0.0890625
311 0.3375 0.4546875 0.03125 0.08359375
311 0.35703125 0.46640625 0.0328125 0.08359375
311 0.378125 0.475 0.034375 0.08046875
311 0.39921875 0.48984375 0.03515625 0.09140625
311 0.22109375 0.38671875 0.0328125 0.08984375
311 0.2 0.378125 0.03125 0.0890625
311 0.18203125 0.36953125 0.03125 0.08515625
311 0.16328125 0.35859375 0.03203125 0.09296875
311 0.06171875 0.09375 0.03828125 0.06875
311 0.09609375 0.11484375 0.0296875 0.0640625
311 0.1230893796875 0.156174796875 0.14175131875 0.10361254375 0.1060156921875 0.096756596875 0.081794878125 0.1462717625 0.1230893796875 0.156174796875
311 0.4859375 0.31328125 0.03828125 0.0828125
311 0.509375 0.328125 0.034375 0.07890625