311 0.335330228125 0.274759215625 0.377302065625 0.2280861984375 0.3511186625 0.21493968749999998 0.311622565625 0.2520308671875 0.335330228125 0.274759215625
311 0.33784526875 0.273029025 0.35721859375 0.2875 0.3576721640625 0.2875 0.3875 0.239244284375 0.3875 0.2360725609375 0.3670394375 0.22458243281249998 0.33784526875 0.273029025
311 0.3607872890625 0.28633260625 0.3860175484375 0.2923399375 0.4030366390625 0.24034925000000001 0.3793855265625 0.2357136703125 0.3607872890625 0.28633260625
311 0.41636273125 0.257418271875 0.400417509375 0.306438040625 0.4193139796875 0.3125 0.42191091406250003 0.3125 0.446440753125 0.26274851093749996 0.41636273125 0.257418271875
311 0.4390625 0.3184512796875 0.4390625 0.3185289390625 0.4575507734375 0.3343210359375 0.4890625 0.28910695625 0.4890625 0.28885706093749997 0.47146360468750004 0.2739955078125 0.4390625 0.3184512796875
311 0.29767599375 0.59000014375 0.3155114140625 0.5336052890625 0.291896353125 0.5198376875 0.2718165203125 0.582132184375 0.29767599375 0.59000014375
311 0.33647370468750004 0.5437207296875 0.3113972484375 0.6009522703125 0.337350125 0.6116772 0.361518678125 0.5507910546875 0.33647370468750004 0.5437207296875
311 0.3981267171875 0.5766001937499999 0.3774117921875 0.6439639953125 0.40360453749999997 0.6518453265625 0.42249413750000003 0.589414928125 0.3981267171875 0.5766001937499999
311 0.5331519124999999 0.5217303203125 0.514178015625 0.5085760359375 0.5143087484375 0.516065684375 0.5277180703125001 0.5907509203125 0.541567853125 0.5953125 0.54375 0.5953125 0.54375 0.588562246875 0.5331519124999999 0.5217303203125
311 0.44354941718749996 0.4812443828125 0.4664174484375 0.5538722984375 0.4859375 0.5603014843749999 0.4859375 0.5579866296875 0.4614594625 0.48539401406250005 0.44354941718749996 0.4812443828125
311 0.4240897796875 0.46831921249999997 0.442519621875 0.54152674375 0.4609375 0.5485793171875 0.4609375 0.545071125 0.44358203749999997 0.476491725 0.4240897796875 0.46831921249999997
311 0.43699304375 0.5421875 0.437390546875 0.5421875 0.4306811125 0.46924222968749996 0.4110920765625 0.45625 0.4110345234375 0.45625 0.4140526015625 0.5328799562500001 0.43699304375 0.5421875
311 0.2244959921875 0.5540899140625 0.24643115937500001 0.5706419296874999 0.284375 0.5151992234375 0.284375 0.5128652781249999 0.25853435 0.5039065453125 0.2244959921875 0.5540899140625
311 0.36876563125 0.40625 0.3703314734375 0.40625 0.37164929375 0.338450284375 0.35324926093750003 0.325 0.35177263124999997 0.325 0.3502122328125 0.397703896875 0.36876563125 0.40625
311 0.47928545937499994 0.34153613437499997 0.5008465953125001 0.353643640625 0.53125 0.3110670109375 0.53125 0.31099789375000003 0.512353790625 0.2970149546875 0.47928545937499994 0.34153613437499997
311 0.5071189953124999 0.35868900312499996 0.53492409375 0.3645702140625 0.547134571875 0.3133178921875 0.52414490625 0.310937646875 0.5071189953124999 0.35868900312499996
311 0.523002590625 0.3647583171875 0.5421766859375 0.3765652625 0.5734375 0.3368014046875 0.5734375 0.33582553593750003 0.5544187109375 0.319855165625 0.523002590625 0.3647583171875
311 0.578006225 0.331914878125 0.5414770359375 0.3703771953125 0.5595366 0.387615878125 0.5963593734375 0.34614620937499996 0.578006225 0.331914878125