311 0.4070208125 0.1148120015625 0.321291271875 0.159299928125 0.3765654984375 0.1873633421875 0.44814173906250004 0.143785603125 0.4070208125 0.1148120015625
311 0.420663690625 0.20352274062500003 0.4954472765625 0.1532134578125 0.4420749203125 0.13494634218749998 0.3750969703125 0.1766781546875 0.420663690625 0.20352274062500003
311 0.46657530312500006 0.214084275 0.5343370046875 0.1599372953125 0.4788540515625 0.14570560625 0.41564627343750005 0.1903850046875 0.46657530312500006 0.214084275
311 0.5145395749999999 0.22191266562499998 0.574532453125 0.172211659375 0.5249713218750001 0.1555941421875 0.4604946328125 0.20236398125 0.5145395749999999 0.22191266562499998
311 0.5754464171875 0.1673055328125 0.5083856625000001 0.20062599531249997 0.5548091859375 0.2309049109375 0.620472875 0.19832509062499998 0.6284371421875 0.19544167343750002 0.5754464171875 0.1673055328125
311 0.604088296875 0.2479896578125 0.6682736265625 0.19846867031249998 0.6186990156250001 0.1806176125 0.5484517906249999 0.22636492968750002 0.604088296875 0.2479896578125
311 0.6437671609375 0.256507615625 0.7125172296875 0.21227083906250002 0.6634298890625 0.1917577171875 0.5976720609374999 0.232736096875 0.6437671609375 0.256507615625
311 0.6489981484375 0.2478599171875 0.7057653296875 0.2643905421875 0.7518344953125 0.22235449375 0.7546875 0.22439720468750002 0.7546875 0.21326031875 0.7137870421875 0.2005505 0.6489981484375 0.2478599171875
311 0.6827551796875 0.26290816562499997 0.7356660640625 0.28322056406249996 0.8 0.2280258703125 0.8 0.22632443750000003 0.747913125 0.21180336406250003 0.6827551796875 0.26290816562499997
311 0.7332676375 0.2756712890625 0.7897264796875 0.29173698593749997 0.8484375 0.2379454875 0.8484375 0.23779866093750002 0.794943409375 0.2250442859375 0.7332676375 0.2756712890625
311 0.8902908234375 0.24782270781250001 0.833868075 0.303567565625 0.8869205640625 0.3099037078125 0.9365219546875 0.25758312031249997 0.8902908234375 0.24782270781250001
311 0.39712210312499996 0.24238144374999998 0.4097608078125 0.31721445625 0.4671875 0.340876690625 0.4671875 0.338272515625 0.4477925296875 0.2579317578125 0.39712210312499996 0.24238144374999998
311 0.5019413140625 0.3484375 0.50332361875 0.3484375 0.49479905 0.2556003234375 0.4485056890625 0.2484375 0.44742773593749996 0.2484375 0.45708800937499994 0.33366330624999996 0.5019413140625 0.3484375
311 0.477303371875 0.27808265312499997 0.5167179281250001 0.3533343453125 0.5671875 0.3487527140625 0.5671875 0.34620779375 0.52100108125 0.2699320703125 0.477303371875 0.27808265312499997
311 0.5992131484375001 0.3703125 0.600705296875 0.3703125 0.5888785203125 0.30256775937499997 0.5888138390625001 0.28391344687500003 0.53614209375 0.26875 0.5336920093749999 0.26875 0.5534735328125 0.3526245421875 0.5992131484375001 0.3703125
311 0.5801853265625 0.29251350781249996 0.5905784515625 0.3625468921875 0.6362631796875 0.3828125 0.6413167875 0.3828125 0.6306285265625 0.29355230312499997 0.5801853265625 0.29251350781249996
311 0.691376815625 0.4015625 0.6931385734375 0.4015625 0.6827709578125 0.3102800078125 0.6314889703125 0.2921875 0.6314246781249999 0.2921875 0.63489445625 0.3755356265625 0.691376815625 0.4015625
311 0.6717995015625 0.31681953749999997 0.6958878953125 0.3945515125 0.7375 0.399818146875 0.7375 0.392048678125 0.7160455906250001 0.32373601875 0.6717995015625 0.31681953749999997
311 0.290625 0.12890625 0.096484375 0.086328125
311 0.3390625 0.140625 0.115234375 0.0984375
311 0.246875 0.23359375 0.06484375 0.101953125
311 0.290625 0.25078125 0.08125 0.09765625
311 0.33671875 0.2625 0.086328125 0.10234375
311 0.24375 0.34765625 0.091796875 0.10390625
311 0.5125 0.41875 0.101953125 0.109765625
311 0.56953125 0.43046875 0.1015625 0.124609375
311 0.34296875 0.375 0.11171875 0.115625
311 0.38671875 0.38515625 0.101171875 0.120703125
311 0.4296875 0.396875 0.09453125 0.115234375
