311 0.2953125 0.125 0.12421875 0.081640625
311 0.3859375 0.15390625 0.115234375 0.08359375
311 0.33828125 0.1453125 0.105078125 0.082421875
311 0.43359375 0.159375 0.1078125 0.090234375
311 0.478125 0.17109375 0.10546875 0.092578125
311 0.51640625 0.18828125 0.1015625 0.089453125
311 0.56640625 0.20234375 0.095703125 0.083984375
311 0.615625 0.2109375 0.09765625 0.0828125
311 0.6578125 0.21328125 0.108203125 0.090625
311 0.70234375 0.23125 0.1046875 0.08984375
311 0.79375 0.25859375 0.106640625 0.090625
311 0.8328125 0.265625 0.09921875 0.07890625
311 0.42890625 0.2890625 0.08203125 0.100390625
311 0.47734375 0.29453125 0.07109375 0.098828125
311 0.515625 0.3046875 0.081640625 0.10625
311 0.56484375 0.3234375 0.078125 0.094921875
311 0.609375 0.33203125 0.085546875 0.096484375
311 0.659375 0.340625 0.07890625 0.09140625
311 0.70546875 0.34921875 0.08515625 0.092578125
311 0.5203125 0.41640625 0.07578125 0.09765625
311 0.56640625 0.4265625 0.09453125 0.096484375
311 0.38515625 0.3859375 0.090625 0.10859375
311 0.4328125 0.39765625 0.090625 0.10078125
311 0.47734375 0.41015625 0.09453125 0.1109375
311 0.65234375 0.45 0.100390625 0.101171875
311 0.296875 0.35859375 0.09140625 0.106640625
311 0.240625 0.34375 0.0859375 0.105078125
311 0.15546875 0.32265625 0.076953125 0.10078125
311 0.24453125 0.478125 0.10703125 0.101953125
311 0.3 0.490625 0.130859375 0.111328125
311 0.44140625 0.521875 0.11875 0.115625
311 0.478125 0.53203125 0.11953125 0.0984375
311 0.521875 0.55 0.115234375 0.10234375
311 0.72265625 0.60234375 0.11796875 0.1046875
311 0.1125 0.43125 0.115625 0.102734375
311 0.2015625 0.23046875 0.086328125 0.10234375
311 0.24921875 0.2390625 0.0796875 0.1
311 0.29375 0.2515625 0.07578125 0.088671875
311 0.33828125 0.26328125 0.0859375 0.096875
311 0.38515625 0.27421875 0.0921875 0.09765625
311 0.15859375 0.221875 0.0796875 0.096484375
311 0.1109375 0.20703125 0.087109375 0.09765625
311 0.0671875 0.30234375 0.07578125 0.09921875
