311 0.3280557703125 0.4461805046875 0.29989044374999996 0.391115553125 0.27306632343750004 0.4055250734375 0.3020363734375 0.4585315234375 0.3280557703125 0.4461805046875
311 0.311424815625 0.5058770906250001 0.2714568765625 0.5233743640624999 0.27548049375 0.5557957859375 0.3165213984375 0.5377838859375 0.311424815625 0.5058770906250001
311 0.2805770765625 0.5799831953125001 0.3208132578125 0.5671175515625 0.3202767765625 0.5403570140625 0.318667328125 0.53469613125 0.2773581828125 0.55270803125 0.2805770765625 0.5799831953125001
311 0.31813084687500004 0.5753515625000001 0.279772353125 0.5923342125 0.284332453125 0.6242410078125 0.3221544640625 0.608287609375 0.31813084687500004 0.5753515625000001
311 0.28674662500000003 0.6535746734375001 0.3264463234375 0.634018896875 0.3234956703125 0.6088022359374999 0.2846006953125 0.622182503125 0.28674662500000003 0.6535746734375001
311 0.3288604953125 0.643282159375 0.28674662500000003 0.65872093125 0.291306725 0.696803234375 0.3323476296875 0.6721012 0.3288604953125 0.643282159375
311 0.2985492375 0.7209897171875 0.335566525 0.7040079953125 0.3323476296875 0.6798205859374999 0.33046994218750003 0.6762172796875 0.2923796890625 0.6947438046875 0.2985492375 0.7209897171875
311 0.40209034531250004 0.7534111375 0.37124260625 0.6895975484375 0.3519292390625 0.7086387000000001 0.3779486359375 0.7642182796875 0.40209034531250004 0.7534111375
311 0.4366934609375 0.5290343203125001 0.426232053125 0.6098305609375 0.45627506875 0.5985087953125 0.46190813437499995 0.5218295625 0.4366934609375 0.5290343203125001
311 0.47371074843749994 0.5923332859375 0.48229446718749996 0.5110224203125 0.46163989375 0.5151394265625 0.4525196921875 0.5928479109375 0.47371074843749994 0.5923332859375
311 0.6217798953125 0.63298964375 0.5901274328125 0.577410065625 0.5670586890625 0.5938780890625 0.59549225625 0.652545421875 0.6217798953125 0.63298964375
311 0.6089043171874999 0.3447992375 0.5858355734375 0.3586941328125 0.5791295421875 0.426110103125 0.6008570796875 0.4194199671875 0.6089043171874999 0.3447992375
311 0.5665222062499999 0.364869640625 0.5600844171875 0.43331486249999995 0.578056578125 0.4302271078125 0.586640296875 0.3576648796875 0.5665222062499999 0.364869640625
311 0.547745321875 0.36744276875000004 0.5386251203125 0.4461805046875 0.560889140625 0.435373365625 0.5692046171875 0.359723384375 0.547745321875 0.36744276875000004
311 0.516629340625 0.466765534375 0.5273589890625 0.3839107921875 0.5040220046874999 0.392144803125 0.49382883906249997 0.4703679140625 0.516629340625 0.466765534375
311 0.479075571875 0.4008934421875 0.4712965765625 0.48529206093750005 0.49785245624999996 0.471911790625 0.5045584859375001 0.3972910625 0.4968446421875 0.3936912671875 0.479075571875 0.4008934421875
311 0.44071707812499994 0.43228561093750006 0.43159687812499997 0.5053624640625001 0.45225145156249996 0.5012454578125001 0.46351758125 0.422507721875 0.44071707812499994 0.43228561093750006
311 0.47880733124999997 0.409127453125 0.4629810984375 0.41581758750000003 0.45332441562500003 0.4924968203125 0.4747837125 0.4868359375 0.47880733124999997 0.409127453125
311 0.41952602343749995 0.4420635 0.4096010984375 0.5171988562500001 0.43266984218750004 0.5079355921875 0.44071707812499994 0.43228561093750006 0.41952602343749995 0.4420635
311 0.3961890375 0.44823900937500005 0.38733707812499996 0.5254328671875 0.41040582187499997 0.519257359375 0.418989540625 0.43794649375 0.3961890375 0.44823900937500005
311 0.5955563546875 0.299714365625 0.5695618671875 0.25277704375 0.5481546421875 0.26597816406249997 0.5744039765625 0.3129154875 0.5955563546875 0.299714365625
311 0.55554523125 0.32513875 0.5275119593750001 0.2713564 0.50508534375 0.28798003437499997 0.5323540703125 0.33638415 0.55554523125 0.32513875
311 0.9141162515625 0.4767071890625 0.8766536078125 0.41999125625 0.8580497093749999 0.43221451718750004 0.8899057000000001 0.48941937968750004 0.9141162515625 0.4767071890625