311 0.655242834375 0.21681197187499998 0.68464073125 0.2636902359375 0.707548184375 0.2527031421875 0.6770049140625 0.2043599328125 0.655242834375 0.21681197187499998
311 0.68464073125 0.262225290625 0.65638820625 0.21534702656250002 0.632717171875 0.22633411875 0.660969696875 0.27321238281250004 0.68464073125 0.262225290625
311 0.6151547921875 0.2343913203125 0.64226194375 0.283467003125 0.6636422328125 0.2666201265625 0.637680453125 0.2248691734375 0.6151547921875 0.2343913203125
311 0.6437891078125 0.2805371125 0.6151547921875 0.23512379375 0.594919875 0.2461108859375 0.6212634453125 0.29298915000000003 0.6437891078125 0.2805371125
311 0.6010285296875 0.30104635156250004 0.575448540625 0.2556330328125 0.55330466875 0.2680850734375 0.582702565625 0.3149633375 0.6010285296875 0.30104635156250004
311 0.582320775 0.3142308640625 0.554450040625 0.26588765468750003 0.5330697515625 0.2798046375 0.5605586953125 0.32375301093750003 0.582320775 0.3142308640625
311 0.5128348359375 0.28712936718750004 0.540323778125 0.3347401046875 0.562085859375 0.3259504296875 0.5330697515625 0.2776072203125 0.5128348359375 0.28712936718750004
311 0.4914545453125 0.29958140625 0.5197070703125 0.34572719687500003 0.54070556875 0.33254268593749997 0.5143619984375001 0.2863968953125 0.4914545453125 0.29958140625
311 0.5189434890625 0.34279730625 0.49183633593750004 0.2981164609375 0.470456046875 0.30983602656250003 0.4987085734375 0.3574467640625 0.5189434890625 0.34279730625
311 0.45022113125 0.322288065625 0.47732828281249995 0.36843385624999997 0.49947215468749995 0.35524934531249996 0.473892165625 0.30983602656250003 0.45022113125 0.322288065625
311 0.428077259375 0.3318102140625 0.45671157500000004 0.3801534234375 0.47885544687500003 0.3669689109375 0.45251187656249997 0.3208231203125 0.428077259375 0.3318102140625
311 0.4082241328125 0.34133236093749997 0.43494949531250005 0.39114051562499996 0.456329784375 0.37942095 0.4315133765625 0.3303452671875 0.4082241328125 0.34133236093749997
311 0.387225634375 0.3515869796875 0.414714578125 0.399930190625 0.437240240625 0.38821062500000003 0.4112784609375 0.3391349421875 0.387225634375 0.3515869796875
311 0.36546355468749997 0.3625740734375 0.39180712500000003 0.41018481093750003 0.4154781609375 0.399930190625 0.38760742656249997 0.350122034375 0.36546355468749997 0.3625740734375
311 0.34675580156249997 0.3757585859375 0.371954 0.423369321875 0.3937160796875 0.41091728437499997 0.36699071875 0.3640390203125 0.34675580156249997 0.3757585859375
311 0.3238483484375 0.38235084218750004 0.3509555015625 0.43069405156249996 0.3746265359375 0.42043943125 0.34866475625 0.3750261125 0.3238483484375 0.38235084218750004
311 0.302468059375 0.395535353125 0.3288116296875 0.4438785625 0.3517190828125 0.432158996875 0.32613909375 0.380885896875 0.302468059375 0.395535353125
311 0.279942396875 0.4079873921875 0.3085767140625 0.4577955484375 0.331102375 0.44094867187500003 0.3062859671875 0.393337934375 0.279942396875 0.4079873921875
311 0.3837895171875 0.4680501671875 0.371954 0.5471572375 0.3975339890625 0.5303103625000001 0.4066969703125 0.45633060312499996 0.3837895171875 0.4680501671875
311 0.41738711406249995 0.51932326875 0.4257865140625 0.44534350937499995 0.404024434375 0.44900587343750004 0.396006825 0.5303103625000001 0.41738711406249995 0.51932326875
311 0.4383856125 0.509801121875 0.447166803125 0.43875125312499996 0.42502293281250003 0.4394837265625 0.414714578125 0.5215206875 0.4383856125 0.509801121875
311 0.4598658578125 0.50149649375 0.46985438124999995 0.42520539062499996 0.4436580640625 0.435690896875 0.43593109218750004 0.5116204328125 0.4598658578125 0.50149649375
311 0.4822929203125 0.4881184328125 0.4905852796875 0.41038105312499995 0.4664620515625 0.4241206828125 0.457038915625 0.4975192328125 0.4822929203125 0.4881184328125
311 0.50245843125 0.4751019421875 0.511316178125 0.4027881 0.48794680156250003 0.41291203750000005 0.478335203125 0.4881184328125 0.50245843125 0.4751019421875
311 0.52507395625 0.46389329687499997 0.5312932265625 0.39013317812500004 0.5099969390625 0.4020649625 0.49887763906249993 0.474378803125 0.52507395625 0.46389329687499997
311 0.5471240953125001 0.45196151249999994 0.5537202890625 0.3796476703125 0.529785525 0.39013317812500004 0.5228124046875 0.46208545 0.5471240953125001 0.45196151249999994
311 0.5427827609375 0.4529643859375 0.5663057515625 0.442935653125 0.573624015625 0.3737374046875 0.5757149484374999 0.3670515828125 0.551146490625 0.3794203515625 0.5427827609375 0.4529643859375
311 0.5624723765625 0.44159848906250004 0.587737809375 0.432906921875 0.5950560734375 0.3600314703125 0.5954045625 0.3540142328125 0.57083610625 0.366048709375 0.5624723765625 0.44159848906250004
311 0.608472890625 0.4155237859375 0.6152684203125001 0.3476627015625 0.5913969421874999 0.3576914328125 0.5833817 0.43156975781250007 0.608472890625 0.4155237859375
311 0.629556459375 0.40549505625000004 0.6370489671875 0.33529393281250003 0.61265475625 0.3479969921875 0.605859225 0.418866696875 0.629556459375 0.40549505625000004
311 0.6502915406249999 0.3961349046875 0.6544734046875 0.326602365625 0.6335640796875001 0.33629680624999997 0.6262458171875 0.4061636375 0.6502915406249999 0.3961349046875
311 0.7109247484375001 0.3717316578125 0.7152808578125 0.2948447140625 0.6935003125 0.3042048640625 0.6865305359375 0.3740716953125 0.7109247484375001 0.3717316578125
311 0.6908866453125 0.37507456875 0.696462465625 0.3052077375 0.6724167421875 0.314902178125 0.6661439453125 0.3864404640625 0.6908866453125 0.37507456875
311 0.6549923046874999 0.3229251625 0.646628575 0.39747206875 0.6696288328125 0.38577188281249997 0.6753788968750001 0.3189136703125 0.6549923046874999 0.3229251625
311 0.6293783828125 0.63749305 0.5974916609375 0.5823350265625 0.57152925 0.5903580109375001 0.6034159703124999 0.64852465625 0.629421615625 0.637548346875 0.6293783828125 0.63749305
311 0.6989018875 0.524502671875 0.73392500625 0.5769863671875 0.75535800625 0.567960509375 0.7231218546875 0.5094595734375 0.6989018875 0.524502671875
311 0.6941982296875 0.6007210328125 0.693675496875 0.6003867421875 0.6619630203125 0.543891553125 0.6321672328125 0.5589346500000001 0.6696297734375001 0.6174355859375 0.6941982296875 0.6007210328125
311 0.7123196453125 0.4680074828125 0.7184181984375 0.394797740625 0.694372475 0.4014835625 0.6854860109375001 0.47970767031249995 0.7123196453125 0.4680074828125
311 0.6706752390624999 0.48605919999999997 0.677296525 0.411178003125 0.653425046875 0.4215410265625 0.644538584375 0.4960879328125 0.6706752390624999 0.48605919999999997
311 0.691933053125 0.47770192343750006 0.69959980625 0.4024864359375 0.6746828609375 0.4145209140625 0.666493375 0.4803762515625 0.691933053125 0.47770192343750006
311 0.5866894515625 0.5321913671875 0.5955759140625 0.4549701328125 0.571704434375 0.4663360265625 0.5619467499999999 0.5418858078125 0.5866894515625 0.5321913671875