311 0.56296486875 0.050715790625 0.53163465 0.0093918140625 0.5254338781250001 0.058855362499999994 0.557416809375 0.10017934218749999 0.56296486875 0.050715790625
311 0.557090453125 0.12459805625 0.525107521875 0.0795173515625 0.516622253125 0.128980903125 0.5515423937499999 0.1734354859375 0.557090453125 0.12459805625
311 0.5495842546875 0.1947235953125 0.5176013234375 0.152147375 0.5127059765624999 0.1997325625 0.5437098390624999 0.2454393859375 0.5495842546875 0.1947235953125
311 0.5365299968749999 0.3168171671875 0.5440361953124999 0.2692319796875 0.5120532625 0.22540351875 0.5091160546875 0.21976843124999998 0.5029152828125001 0.27236258593749996 0.5365299968749999 0.3168171671875
311 0.661850871875 0.1314853859375 0.62562530625 0.1546518578125 0.621056315625 0.2078721328125 0.6579345953125 0.1809489359375 0.661850871875 0.1314853859375
311 0.65597645625 0.20098480312499997 0.620403603125 0.22978636406250003 0.6155082562499999 0.2792499140625 0.6546710296875 0.2560834421875 0.65597645625 0.20098480312499997
311 0.613876475 0.31869553125 0.6563028125 0.292398453125 0.6556501 0.23917817812500003 0.6161609703125001 0.2673536171875 0.613876475 0.31869553125
311 0.6481439015625 0.3687852015625 0.6491229703125 0.3155649265625 0.6115919796875 0.343740365625 0.6109392671875 0.34311424375 0.6076757015625 0.3925777953125 0.6481439015625 0.3687852015625
311 0.537182709375 0.347497090625 0.5032416390625001 0.2974074203125 0.4970408671875 0.34499260781249996 0.530329225 0.3963345203125 0.537182709375 0.347497090625
311 0.6004958609375 0.290520090625 0.56165944375 0.31869553125 0.55415324375 0.373168046875 0.598211365625 0.3481232125 0.6004958609375 0.290520090625
311 0.620729959375 0.7018815125 0.578956334375 0.7300569515625 0.5756927703125 0.7895384359375 0.6171400390625 0.761362996875 0.620729959375 0.7018815125
311 0.5655757203125 0.7256741046874999 0.5247811640625 0.7532234250000001 0.5189067484375001 0.812704909375 0.5619858 0.7820249859375 0.5655757203125 0.7256741046874999
311 0.5557850265625001 0.8246012046875 0.5182540359375001 0.8508982828124999 0.5133586890624999 0.8915961390625 0.5561113828125 0.8602900953124999 0.5557850265625001 0.8246012046875
311 0.5597013046875 0.7807727437499999 0.5205385312499999 0.8089481828125 0.516295896875 0.8527766437500001 0.557743165625 0.8233489625000001 0.5597013046875 0.7807727437499999
311 0.48333389687499995 0.9229021843749999 0.4513509640625 0.8765692375 0.44710833125000005 0.9110058875 0.47876490625 0.9592171953124999 0.48333389687499995 0.9229021843749999
311 0.4725641328125 1 0.47941761875 0.9610955578124999 0.44743468750000004 0.9147626125 0.44188662812499996 0.9686090093749999 0.464731578125 1 0.4725641328125 1
311 0.4976935796875 0.7839033484375 0.463426153125 0.737570403125 0.45755173750000006 0.7882861937500001 0.49018738125 0.8408803484374999 0.4976935796875 0.7839033484375
311 0.4875765296875 0.8915961390625 0.4924718765625 0.8427587109375001 0.45853080625000003 0.790790678125 0.4523300328125 0.8383758640625001 0.45330910312499995 0.8452631937499999 0.4875765296875 0.8915961390625
311 0.45069825156250004 0.8728125140625 0.48398660937500004 0.91288425 0.489861025 0.89097001875 0.45330910312499995 0.8471415562500001 0.45069825156250004 0.8728125140625
311 0.6980764374999999 0.6179813140625 0.6595663765625 0.5666394015625 0.6540183171875 0.6129723453125 0.6948128734375 0.668070984375 0.6980764374999999 0.6179813140625
