311 0.3044490796875 0.3956785671875 0.287629834375 0.3823208515625 0.2765033890625 0.4562089953125 0.3033036640625 0.4734375 0.30423461406249996 0.4734375 0.3099585921875 0.40062965625 0.3044490796875 0.3956785671875
311 0.30510916718750003 0.39640010000000003 0.3006482375 0.46808342343750003 0.322671496875 0.4796875 0.32456077968749997 0.4796875 0.3259003265625 0.4139380109375 0.30510916718750003 0.39640010000000003
311 0.28655733125 0.29598664375 0.28666023125 0.36984230937499996 0.307107675 0.378125 0.3109176 0.378125 0.308126315625 0.30616964062499996 0.28655733125 0.29598664375
311 0.31160880625 0.303996184375 0.3027547328125 0.3707008328125 0.32236307656249996 0.3859375 0.3244724796875 0.3859375 0.3325863828125 0.3162379859375 0.31160880625 0.303996184375
311 0.32771455625 0.38656537343749997 0.3512737140625 0.4 0.35338981875000003 0.4 0.3466940234375 0.326288575 0.325150484375 0.3125 0.3238489390625 0.3125 0.32376115625 0.3150137515625 0.32771455625 0.38656537343749997
311 0.35012781875 0.322080425 0.3459394453125 0.3960854078125 0.3668810765625 0.4125 0.368332846875 0.4125 0.37232497656249997 0.33571246875 0.35012781875 0.322080425
311 0.3555205015625 0.339189475 0.37896319218749996 0.411700903125 0.4015625 0.4159230265625 0.4015625 0.4074496671875 0.382559953125 0.34702059687500003 0.3555205015625 0.339189475
311 0.39116568125 0.23427450468750002 0.35355109375 0.2744231390625 0.3719854671875 0.2927496046875 0.4116298359375 0.251635953125 0.39116568125 0.23427450468750002
311 0.42584495 0.255559096875 0.39761434375000004 0.3036105796875 0.4172919125 0.3157239046875 0.4465305359375 0.26723153593750004 0.42584495 0.255559096875
311 0.45456153125 0.33522379375 0.49364453125 0.29492690781249997 0.47312214218750004 0.27798104375 0.435299246875 0.3161272671875 0.43487111875 0.31798169062500004 0.45456153125 0.33522379375
311 0.060212371875000004 0.07140263125 0.0355706984375 0.1214774734375 0.0557671046875 0.129159328125 0.0822422640625 0.07993645 0.060212371875000004 0.07140263125
311 0.081023165625 0.08122155156250001 0.047159595312500004 0.124490559375 0.0679539578125 0.1381208453125 0.10135245 0.0941362328125 0.102401040625 0.09220322656249999 0.081023165625 0.08122155156250001
311 0.0979207234375 0.1466699125 0.11415950625 0.09446250625 0.090378409375 0.0903443171875 0.0730602703125 0.140395584375 0.0979207234375 0.1466699125
311 0.103125 0.20368625312500002 0.103125 0.2063573484375 0.10334277812499999 0.20709663906250003 0.121577028125 0.2758323671875 0.146875 0.27859921875000004 0.146875 0.27629727656249997 0.126902315625 0.2125860015625 0.103125 0.20368625312500002
311 0.090625 0.192722246875 0.090625 0.197605484375 0.09717767499999999 0.263884390625 0.1234375 0.2714668984375 0.1234375 0.2665774421875 0.115020534375 0.20356463749999998 0.090625 0.192722246875
311 0.14695479218750002 0.22333394062499998 0.144172615625 0.22336848437499998 0.14406815312500001 0.2265913484375 0.1576073578125 0.2938426890625 0.1828125 0.3012292078125 0.1828125 0.29286164062500003 0.16870850937499998 0.22740595 0.14695479218750002 0.22333394062499998
311 0.3358595546875 0.2115746578125 0.3193733796875 0.2631232296875 0.34472593281249997 0.276753515625 0.366331671875 0.2183345328125 0.3358595546875 0.2115746578125
311 0.3360329578125 0.25477294375000004 0.3306772609375 0.2669263703125 0.3526995921875 0.29007094218749996 0.3894496578125 0.24107801874999998 0.36885349375 0.218955375 0.334331703125 0.2598661703125 0.3360329578125 0.25477294375000004
311 0.48518248125 0.35434259218749997 0.50863271875 0.29762190781250003 0.48035922031249995 0.285967565625 0.45741829687499996 0.3433757953125 0.48518248125 0.35434259218749997
311 0.5177619203125 0.3109701296875 0.5055341796875 0.3632836390625 0.5332307359375 0.36810782343750004 0.5462924515625 0.3093305328125 0.5177619203125 0.3109701296875
311 0.5203125 0.3675495078125 0.5203125 0.368822503125 0.5424596203125 0.3828125 0.5435673015625 0.3828125 0.5703125 0.336447803125 0.5703125 0.334645934375 0.548404303125 0.31587565624999997 0.5203125 0.3675495078125
311 0.5668950703125 0.3928821890625 0.5919204859375 0.3414242625 0.565653290625 0.3314039578125 0.54121921875 0.37903192343750003 0.5668950703125 0.3928821890625
311 0.6136083328125 0.3590832265625 0.5985094421875 0.342806959375 0.5620020593749999 0.3829694375 0.5794033984375 0.399819771875 0.6136083328125 0.3590832265625
311 0.407246809375 0.35014840937499997 0.3824275015625 0.344403109375 0.38890592968750004 0.42647396249999997 0.41337931406250006 0.43125 0.4140625 0.43125 0.4140625 0.426261125 0.407246809375 0.35014840937499997
311 0.396892415625 0.3555671640625 0.41653978281250004 0.431581021875 0.4421875 0.4378648640625 0.4421875 0.4346744359375 0.42243157656249997 0.36765458125 0.396892415625 0.3555671640625
311 0.41880717343749996 0.3695362390625 0.4372900875 0.4421829984375 0.4609375 0.45015215 0.4609375 0.44524969375 0.444439271875 0.3770913234375 0.41880717343749996 0.3695362390625
311 0.4563542515625 0.396213971875 0.48421761406249997 0.4606439078125 0.509375 0.4636369703125 0.509375 0.46022986250000003 0.483065 0.399391840625 0.4563542515625 0.396213971875
311 0.57679431875 0.5203125 0.577233196875 0.5203125 0.5834680999999999 0.4436300375 0.5603874953125 0.43125 0.5594756125 0.43125 0.5537401578125001 0.501694571875 0.57679431875 0.5203125
311 0.51211431875 0.406165478125 0.48482558750000004 0.3925079296875 0.4951082984375 0.4729357125 0.5216782828125 0.4875 0.521875 0.4875 0.521875 0.48106967031250003 0.51211431875 0.406165478125
311 0.533159528125 0.503125 0.5344320109375 0.503125 0.5422602078125001 0.4234055 0.5222166171875 0.409375 0.5213697453125 0.409375 0.5122590984375 0.4816117734375 0.533159528125 0.503125
311 0.5272774328125001 0.426011396875 0.5449063671875 0.50236041875 0.565625 0.5099041578125 0.565625 0.499986634375 0.552161434375 0.4303561796875 0.5272774328125001 0.426011396875
311 0.570856509375 0.44735714687500006 0.578616259375 0.522248471875 0.6078125 0.539746728125 0.6078125 0.5282963875 0.5958895265625 0.45027904999999996 0.570856509375 0.44735714687500006
311 0.58382079375 0.45871879375 0.6119784828125 0.5351786187500001 0.634375 0.5423388671875 0.634375 0.5376377796875 0.6110821375000001 0.46424108124999997 0.58382079375 0.45871879375
311 0.5691769453125 0.539651734375 0.5774489609375 0.6096120015625 0.6072533421874999 0.6359375 0.608761303125 0.6359375 0.5969080828125 0.5598663562499999 0.5691769453125 0.539651734375
311 0.5322921843749999 0.516789859375 0.5366219203125 0.6022804374999999 0.5561364734375001 0.609375 0.5623692921875 0.609375 0.55727230625 0.53374875 0.5322921843749999 0.516789859375
311 0.5130723296874999 0.5073353609375 0.514399584375 0.591994740625 0.535277025 0.6 0.5400726031249999 0.6 0.5374909484375 0.52318143125 0.5130723296874999 0.5073353609375
311 0.46311400625 0.49115498750000003 0.4816667234375 0.5676154296875 0.5046875 0.5773505906249999 0.5046875 0.5690983890625 0.48805349218750005 0.4995595640625 0.46311400625 0.49115498750000003
311 0.4976272546875 0.49900671562500004 0.489746584375 0.5741262890625001 0.5107759984375 0.59375 0.512492903125 0.59375 0.5202632921875 0.5123508953125 0.4976272546875 0.49900671562500004
311 0.4658066140625 0.5640625 0.47056561406249997 0.5640625 0.47726800625 0.490833575 0.4547957171875 0.4703125 0.45467567343750004 0.4703125 0.4458994140625 0.5589397234375 0.4658066140625 0.5640625
311 0.43761720625 0.3784269921875 0.459608290625 0.45406963906250003 0.4875 0.46083772031250003 0.4875 0.45843467968749996 0.46475337968749997 0.387956834375 0.43761720625 0.3784269921875
311 0.08694571875 0.482612828125 0.114561334375 0.41786748281249997 0.09049351875 0.40894037499999997 0.0652424234375 0.465146996875 0.0626619546875 0.469612865625 0.08694571875 0.482612828125
311 0.10065365 0.4882901984375 0.1424044015625 0.4388839125 0.11917852031250001 0.42010015 0.0776314734375 0.4776991578125 0.10065365 0.4882901984375
311 0.096438053125 0.48958548593750006 0.1168774609375 0.5151666734375 0.1599974796875 0.447560271875 0.1640625 0.4454352046875 0.1640625 0.445029559375 0.13902437343750002 0.4321293796875 0.096438053125 0.48958548593750006
311 0.138257428125 0.515327175 0.162213346875 0.5234375 0.16545556875 0.5234375 0.196875 0.47278152812499996 0.196875 0.4720202484375 0.18053181093749998 0.45625 0.1795254734375 0.45625 0.1420333234375 0.5091654250000001 0.138257428125 0.515327175
311 0.2481378421875 0.5621081609374999 0.244927946875 0.5693994953125 0.26664187968749997 0.58125 0.26702966093749997 0.58125 0.30625 0.5262089609375 0.30625 0.5247721796875 0.28157015625000004 0.5109652203125 0.2481378421875 0.5621081609374999
311 0.39420762656249997 0.4595784890625 0.4200205078125 0.5321570328125 0.446875 0.535927359375 0.446875 0.5326630921875 0.42244056875 0.46418081562499997 0.39420762656249997 0.4595784890625
311 0.37384001875 0.43216508749999993 0.3622456921875 0.5040762921875 0.381971475 0.5140625 0.3829144375 0.5140625 0.394055165625 0.448098246875 0.37384001875 0.43216508749999993
311 0.6276862296875 0.6990909109375 0.585693653125 0.7523283703125 0.6073232609375 0.772400153125 0.65078415 0.715308778125 0.6276862296875 0.6990909109375
311 0.36864626875 0.637840628125 0.3955351078125 0.65 0.39616908125 0.65 0.4265625 0.5925446625 0.4265625 0.5911788171875 0.40081739218749995 0.579707259375 0.36864626875 0.637840628125
311 0.514173921875 0.638477309375 0.4730675890625 0.6946972437500001 0.499776790625 0.7074817296875 0.539665559375 0.6558212671875 0.514173921875 0.638477309375
311 0.611107209375 0.407082884375 0.6373202265625 0.358614546875 0.6100977328125 0.350630390625 0.5843721687500001 0.3990560828125 0.611107209375 0.407082884375
311 0.6320706828125 0.428472815625 0.6576909578125 0.3739822875 0.6302190453125001 0.3599054046875 0.6045987703125 0.4143959328125 0.6320706828125 0.428472815625
311 0.6478165359375 0.43735225 0.67827788125 0.3900186484375 0.6577676421875001 0.3723673328125 0.62196394375 0.4190449765625 0.6478165359375 0.43735225
311 0.6987423203125 0.394077509375 0.6639941281249999 0.44075655312500006 0.6867433703125 0.4602233 0.7252879421875 0.4148576359375 0.6987423203125 0.394077509375
311 0.679923703125 0.3808153109375 0.641257190625 0.4212236015625 0.665946946875 0.446570778125 0.703392325 0.4039578421875 0.679923703125 0.3808153109375
