311 0.545433 0.2715361046875 0.5274442328125 0.3307921859375 0.5529000359375 0.3307921859375 0.5712282140625 0.273489603125 0.545433 0.2715361046875
311 0.5043643062500001 0.27414076718749997 0.48433907343750005 0.33469917968749996 0.507079590625 0.3353503453125 0.5250683578124999 0.2754431 0.5043643062500001 0.27414076718749997
311 0.56919175 0.276094265625 0.551881803125 0.33144335156250004 0.5749617312499999 0.3327456828125 0.5912534453125 0.2754431 0.56919175 0.276094265625
311 0.482302609375 0.273489603125 0.46431384218750005 0.336652678125 0.4863755375 0.33600151093749997 0.50402489375 0.273489603125 0.482302609375 0.273489603125
311 0.6567597109375 0.2715361046875 0.6360556578125001 0.33144335156250004 0.6621902828125 0.3288386890625 0.678481996875 0.27218727187499997 0.6567597109375 0.2715361046875
311 0.6330009624999999 0.27283843750000003 0.6163698375 0.3307921859375 0.6377527109375001 0.33014102031250003 0.6547232468749999 0.273489603125 0.6330009624999999 0.27283843750000003
311 0.5932899093749999 0.3340480140625 0.6119574984375 0.27414076718749997 0.590914034375 0.2708849390625 0.5725858578125 0.3333968484375 0.5932899093749999 0.3340480140625
311 0.61059985625 0.27283843750000003 0.5932899093749999 0.33014102031250003 0.6160304265625001 0.3320945171875 0.63401919375 0.27479193281250003 0.61059985625 0.27283843750000003
311 0.680857871875 0.33014102031250003 0.6981678171875 0.2708849390625 0.676106121875 0.269582609375 0.6574385328125001 0.3288386890625 0.680857871875 0.33014102031250003
311 0.70258015625 0.3294898546875 0.7188718703125 0.2715361046875 0.6998648703125 0.27414076718749997 0.68119728125 0.3294898546875 0.70258015625 0.3294898546875
311 0.72396303125 0.3333968484375 0.7388971015625 0.2708849390625 0.720908334375 0.27218727187499997 0.7012225140624999 0.3288386890625 0.72396303125 0.3333968484375
311 0.7463641375 0.3353503453125 0.76265585 0.2708849390625 0.7405941546875 0.269582609375 0.7263389046875 0.3333968484375 0.7463641375 0.3353503453125
311 0.7670681890625 0.3307921859375 0.7820022609375 0.273489603125 0.7643529046875 0.27283843750000003 0.747042959375 0.3262340265625 0.7670681890625 0.3307921859375
311 0.789469296875 0.3294898546875 0.8050821890625001 0.2702337734375 0.784717546875 0.2715361046875 0.7667287796875 0.3281875234375 0.789469296875 0.3294898546875
311 0.8274832953125 0.27283843750000003 0.8067792421875 0.2715361046875 0.7921845828125 0.3236293625 0.812549225 0.3255828609375 0.8274832953125 0.27283843750000003
311 0.849544990625 0.2656756140625 0.8274832953125 0.2656756140625 0.812549225 0.32428052812499997 0.8352897406249999 0.32753635625 0.849544990625 0.2656756140625
311 0.7657105468750001 0.4408391921875 0.7891298859375 0.4382345296875 0.7653711359375001 0.37702495156250004 0.7534917625 0.383536609375 0.747042959375 0.38744360312500004 0.7657105468750001 0.4408391921875
311 0.7270177265625 0.3815831125 0.7456853156250001 0.4388856953125 0.7660499578125 0.43693219843750003 0.7450064937499999 0.37507145468749997 0.7270177265625 0.3815831125
311 0.6078845703125 0.3711644609375 0.6126363203125 0.382234278125 0.633679784375 0.4388856953125 0.65777794375 0.44474618593750004 0.6333403718749999 0.3731179578125 0.6078845703125 0.3711644609375
311 0.567494696875 0.3692109625 0.5712282140625 0.38549010625 0.5885381609375 0.4421415234375 0.6143333734375 0.44474618593750004 0.5888775703125 0.3666063 0.567494696875 0.3692109625
311 0.54679064375 0.37572262031250003 0.548487696875 0.382234278125 0.567494696875 0.44474618593750004 0.58921698125 0.442792690625 0.566815875 0.3744202890625 0.54679064375 0.37572262031250003
311 0.54916651875 0.3763737859375 0.5233713046874999 0.3776761171875 0.545093590625 0.44735085 0.567494696875 0.44344385624999993 0.54916651875 0.3763737859375
311 0.5274442328125 0.38028077968749996 0.5033460734374999 0.383536609375 0.5209954296875 0.4421415234375 0.5464512328125 0.44669968437499996 0.5274442328125 0.38028077968749996
311 0.5060613593750001 0.3815831125 0.47992673437500005 0.38288544375 0.5002913765625 0.445397353125 0.5243895359375 0.44409502031250003 0.5060613593750001 0.3815831125
311 0.48128437812499997 0.38028077968749996 0.4588832703125 0.38288544375 0.476532628125 0.44474618593750004 0.5030066625 0.44409502031250003 0.48128437812499997 0.38028077968749996
311 0.47551439531249995 0.47730447343750004 0.49825491250000004 0.5495838671875 0.52065601875 0.5469792046874999 0.49791550156250003 0.4766533078125 0.47551439531249995 0.47730447343750004
311 0.6075451593750001 0.474699809375 0.6309644984375 0.5417698796875 0.6550626578125 0.53981638125 0.6319827296875 0.47144398125000003 0.6075451593750001 0.474699809375
311 0.677803175 0.5378628859375 0.6540444265625001 0.46883931875 0.6289280328125 0.47144398125000003 0.6530261937499999 0.5411187140625 0.677803175 0.5378628859375
311 0.6754273000000001 0.47144398125000003 0.6981678171875 0.5385140500000001 0.72158715625 0.536560553125 0.697149584375 0.470792815625 0.6754273000000001 0.47144398125000003
311 0.7222659765625 0.47014164999999997 0.698507228125 0.47144398125000003 0.7205689234375 0.536560553125 0.7453459046875001 0.536560553125 0.7222659765625 0.47014164999999997
311 0.77215935 0.5437233765625 0.7429700296874999 0.47144398125000003 0.7198901015625 0.470792815625 0.7429700296874999 0.53721171875 0.77215935 0.5437233765625
311 0.788111653125 0.535258221875 0.764692315625 0.470792815625 0.739915334375 0.4727463125 0.7619770296875 0.5378628859375 0.788111653125 0.535258221875
311 0.6116180875 0.5899561421875 0.58684110625 0.670700690625 0.6160304265625001 0.66353786875 0.6333403718749999 0.5938631375 0.6116180875 0.5899561421875
311 0.6547232468749999 0.594514303125 0.6292674453125 0.590607309375 0.6112786765625 0.661584371875 0.6353768375 0.6628867031250001 0.6547232468749999 0.594514303125
311 0.6988466390625 0.5893049765625 0.68017905 0.661584371875 0.704277209375 0.6648402 0.721926565625 0.5958166328125001 0.6988466390625 0.5893049765625
311 0.7443276734375 0.5873514796875 0.7226053875 0.5873514796875 0.7029195671874999 0.6602820406250001 0.7256600843750001 0.664189034375 0.7443276734375 0.5873514796875
311 0.5186195546875 0.593211971875 0.49723668125 0.6733053546875001 0.5243895359375 0.665491365625 0.543057125 0.593211971875 0.5186195546875 0.593211971875
311 0.4931637515625 0.5958166328125001 0.49553962812499996 0.59777013125 0.4748355734375 0.6693983609374999 0.4985943234375 0.6687471953124999 0.520316609375 0.5925608046875 0.4931637515625 0.5958166328125001
311 0.472799109375 0.5951654671875 0.44971918281249995 0.6700495265625 0.47551439531249995 0.6687471953124999 0.496557859375 0.59777013125 0.472799109375 0.5951654671875
311 0.4534527 0.47860680312500004 0.47585380625000007 0.551537365625 0.4999519671875 0.548932703125 0.4748355734375 0.4766533078125 0.4534527 0.47860680312500004
311 0.5871805171875 0.4760021421875 0.6072057484375 0.5417698796875 0.6289280328125 0.53981638125 0.6075451593750001 0.4727463125 0.5871805171875 0.4760021421875
311 0.6537050140625 0.474699809375 0.6747484781249999 0.5385140500000001 0.70020428125 0.5385140500000001 0.6774637640625001 0.472095146875 0.6537050140625 0.474699809375
311 0.1685986109375 0.2873591625 0.1479001203125 0.3472858203125 0.1716093015625 0.3472858203125 0.1900497734375 0.2873591625 0.1685986109375 0.2873591625
311 0.2081139109375 0.2873591625 0.18967343750000001 0.286637153125 0.168222275 0.3458418046875 0.190802446875 0.342231765625 0.2081139109375 0.2873591625
311 0.1471474484375 0.286637153125 0.13247033749999998 0.3364557015625 0.1516634828125 0.340065740625 0.1697276203125 0.28808116875 0.1471474484375 0.286637153125
311 0.22956507343750002 0.28808116875 0.208866584375 0.2873591625 0.190802446875 0.34078775 0.21300628124999998 0.3429537734375 0.22956507343750002 0.28808116875
311 0.2280597296875 0.387718265625 0.24386584843749998 0.45414299687500004 0.26494067499999996 0.449088940625 0.2476292109375 0.38122019375 0.2280597296875 0.387718265625
311 0.2664460203125 0.38699625625 0.24574752968750002 0.38627425 0.26027410624999997 0.4420132625 0.28375748437500004 0.4454789015625 0.2664460203125 0.38699625625
311 0.293542225 0.3884402734375 0.2690803734375 0.3920503140625 0.2833811484375 0.4526989796875 0.308972009375 0.4512549640625 0.293542225 0.3884402734375
311 0.35375601562500003 0.4483669328125 0.3360682140625 0.382664209375 0.3093483453125 0.38916228125 0.3259071375 0.44764492499999997 0.35375601562500003 0.4483669328125
311 0.28827351874999996 0.3848302328125 0.29166054375 0.3927723203125 0.3082193359375 0.4512549640625 0.3307995078125 0.446200909375 0.31160636249999996 0.3841082265625 0.28827351874999996 0.3848302328125
311 0.1392443890625 0.45630902031250004 0.1204275796875 0.38699625625 0.095589390625 0.3898842890625 0.11327719218750001 0.4555870125 0.1392443890625 0.45630902031250004
311 0.142255078125 0.38916228125 0.122685596875 0.39060629687500004 0.13773904374999998 0.4555870125 0.15467417187500002 0.45053295625 0.142255078125 0.38916228125
311 0.1761253359375 0.4512549640625 0.16295356875 0.398548384375 0.1437604234375 0.3963823609375 0.15580318124999998 0.4498109484375 0.1761253359375 0.4512549640625
311 0.172738309375 0.3927723203125 0.1862864125 0.45630902031250004 0.20585589375 0.45342098750000004 0.18816809375000002 0.3884402734375 0.172738309375 0.3927723203125
311 0.22467270312499998 0.4512549640625 0.20623222968750002 0.38699625625 0.18779175625 0.387718265625 0.206984903125 0.45053295625 0.22467270312499998 0.4512549640625
311 0.293542225 0.5963785609375 0.26494067499999996 0.683741521875 0.293542225 0.6801314828125 0.31875675000000003 0.602154625 0.293542225 0.5963785609375
311 0.3164987328125 0.680853490625 0.33832623125 0.6043206484375 0.3164987328125 0.600710609375 0.290907871875 0.6779654578125001 0.3164987328125 0.680853490625
311 0.3631644203125 0.601432615625 0.361659075 0.601432615625 0.3368208875 0.672911403125 0.366175109375 0.6714673859375 0.385744590625 0.5985445859375 0.3631644203125 0.601432615625
311 0.1004817625 0.6072086796875 0.0711275390625 0.6822975062500001 0.09747107187500001 0.6844635296875 0.12230926093750001 0.6093747031250001 0.1004817625 0.6072086796875
311 0.0730092203125 0.608652696875 0.049300040625 0.675799434375 0.07338555625 0.686629553125 0.0970947359375 0.608652696875 0.0730092203125 0.608652696875
311 0.133599346875 0.6880735687499999 0.1644589140625 0.601432615625 0.13773904374999998 0.6100967125000001 0.11064283906250001 0.680853490625 0.133599346875 0.6880735687499999
311 0.246123865625 0.6794094734375 0.27209106250000004 0.5978225765625 0.24875821875 0.5978225765625 0.22316735781250002 0.6801314828125 0.246123865625 0.6794094734375
311 0.2852628296875 0.4786912671875 0.304455975 0.5537800921875 0.3262834734375 0.5472820203125 0.3093483453125 0.48085729062500004 0.2852628296875 0.4786912671875
311 0.3511216625 0.5537800921875 0.3319285171875 0.48230130625 0.30972468124999997 0.483745321875 0.324778128125 0.5487260375 0.3511216625 0.5537800921875
311 0.37407816875 0.5487260375 0.3514979984375 0.47724725 0.32967050000000003 0.48663335312499995 0.3477346359375 0.555224109375 0.37407816875 0.5487260375