311 0.3084995828125 0.0166673171875 0.30870322968749997 0.057499907812499994 0.34498188125 0.071875 0.348042853125 0.071875 0.345105278125 0.025781657812499997 0.3084995828125 0.0166673171875
311 0.30963442343750003 0.052425196875 0.32223401875 0.0898482203125 0.3578125 0.09252653281249999 0.3578125 0.0875037609375 0.34884282187500004 0.053513885937500005 0.30963442343750003 0.052425196875
311 0.3255429578125 0.0821838546875 0.3253734046875 0.12073450625 0.3540281984375 0.13125 0.3589017859375 0.13125 0.35999203281250003 0.0954986390625 0.3255429578125 0.0821838546875
311 0.3656605125 0.1578125 0.369603103125 0.1578125 0.3638185703125 0.1228137703125 0.3369786265625 0.1203125 0.3309800671875 0.1203125 0.33614817812500003 0.15305428906250002 0.3656605125 0.1578125
311 0.37119389375 0.196875 0.374783703125 0.196875 0.37586335000000004 0.159433 0.344215425 0.1484375 0.34372562812499996 0.1484375 0.338707334375 0.18167339375 0.37119389375 0.196875
311 0.3425513484375 0.1850347 0.3506998890625 0.2203361921875 0.376132053125 0.2234375 0.3869602734375 0.2234375 0.37875440625 0.18795962187499998 0.3425513484375 0.1850347
311 0.3898494453125 0.26111986875 0.38874534843749997 0.2241646328125 0.3545599890625 0.21064800312499998 0.35398815781250004 0.257403759375 0.3898494453125 0.26111986875
311 0.40885095156249995 0.29155020781249996 0.36758258125 0.286285678125 0.37336138750000003 0.3262508984375 0.4004889625 0.3296875 0.4140625 0.3296875 0.4140625 0.32528122656249997 0.40885095156249995 0.29155020781249996
311 0.3843903734375 0.3572499234375 0.3893281859375 0.3951331984375 0.42443867968750004 0.4015625 0.4298111140625 0.4015625 0.42481507343749997 0.3616088546875 0.3843903734375 0.3572499234375
311 0.374419728125 0.3234958109375 0.38286560625 0.3599055703125 0.421875 0.3643895921875 0.421875 0.3594789515625 0.40953196875 0.3245637078125 0.374419728125 0.3234958109375
311 0.501822553125 0.16114180312499998 0.46784157656250003 0.2101649765625 0.4680585296875 0.2488119953125 0.501131846875 0.2050757921875 0.501822553125 0.16114180312499998
311 0.46464010624999996 0.09410579218750001 0.45379021093749994 0.1495632375 0.4665210390625 0.1875 0.4666069859375 0.1875 0.47897666406250006 0.12494606718750001 0.46464010624999996 0.09410579218750001
311 0.46260181093749997 0.2185103109375 0.4928501578125 0.1664254640625 0.4880938625 0.1287141765625 0.45869638124999995 0.17474479999999998 0.46260181093749997 0.2185103109375
311 0.5032116640625001 0.22681510781249997 0.48905016406249996 0.29018363593749996 0.5054459921875 0.322405153125 0.5214898859375 0.2556435171875 0.5032116640625001 0.22681510781249997
311 0.5138450109375 0.29124071093750004 0.5059360484375001 0.363237765625 0.522134628125 0.3972964921875 0.5332780484375 0.3347686828125 0.5138450109375 0.29124071093750004
311 0.5782188406250001 0.6762899874999999 0.61358931875 0.6173228328125 0.600705890625 0.565037375 0.5731818109375 0.6270679625 0.5711596546875 0.6296538515625001 0.5782188406250001 0.6762899874999999
311 0.6046622421875 0.645613734375 0.5953090234375 0.709059696875 0.6148249375 0.7464524328125 0.6251975859375001 0.682220728125 0.6046622421875 0.645613734375
311 0.46170790625 0.7204156328125 0.47852377031250004 0.7646418796875001 0.51875 0.764315759375 0.51875 0.759659175 0.5059599359375 0.7206834984375 0.46170790625 0.7204156328125
311 0.6181783671875001 0.8360189531250001 0.5792257765625 0.90488815625 0.5846450062499999 0.9476689500000001 0.628362459375 0.8785095093749999 0.6181783671875001 0.8360189531250001
311 0.488069359375 0.8375084671874999 0.51252508125 0.8828184875 0.5515625 0.8745719609375 0.5515625 0.87090085 0.53167485625 0.829858190625 0.488069359375 0.8375084671874999
311 0.549648490625 0.879671521875 0.5078125 0.8759496328124999 0.5078125 0.8760261843749999 0.51550851875 0.9186800109375 0.5587660671875 0.928125 0.559375 0.928125 0.559375 0.9239607421875 0.549648490625 0.879671521875
311 0.513747409375 0.9179339640625 0.527119796875 0.9642573875 0.5671875 0.97125003125 0.5671875 0.9692706375 0.5559957171875001 0.9181489328125 0.513747409375 0.9179339640625
311 0.6970967890625 0.8265839375 0.7050774046875 0.8755556609375 0.750838615625 0.8875 0.7551308828125001 0.8875 0.746432440625 0.837366175 0.6970967890625 0.8265839375
311 0.6000960171874999 0.31875 0.6078125 0.31875 0.6078125 0.3186583765625 0.5922497124999999 0.276891446875 0.5612868875 0.2734375 0.551109328125 0.2734375 0.56028904375 0.3125193296875 0.6000960171874999 0.31875
311 0.565625 0.349590259375 0.565625 0.3518250453125 0.58381123125 0.3878634109375 0.6265625 0.3825418125 0.6265625 0.37982863125 0.605114078125 0.3418175125 0.565625 0.349590259375
311 0.5622153812499999 0.305014584375 0.5674922578125 0.34362780000000004 0.6077038859375 0.353125 0.6101004265625 0.353125 0.6041071671875 0.31445475625 0.5622153812499999 0.305014584375
311 0.5765625 0.376580953125 0.5765625 0.3768378765625 0.588985225 0.41810709218750003 0.63125 0.41888108125 0.63125 0.41357929687499995 0.618587365625 0.3797685125 0.5765625 0.376580953125
311 0.63241149375 0.4159716515625 0.5865294125 0.41398900781250003 0.598000865625 0.4560982734375 0.6210386796875 0.4578125 0.6390625 0.4578125 0.6390625 0.4519118921875 0.63241149375 0.4159716515625
311 0.6001708390625 0.4411290359375 0.603261946875 0.48601184062499997 0.6429114109375 0.5015625 0.6485908609375 0.5015625 0.6428568921875 0.4511274765625 0.6001708390625 0.4411290359375
311 0.6129943421874999 0.530208275 0.6293739015625001 0.564623709375 0.6765625 0.5652244671875 0.6765625 0.5639556453125001 0.6572897390625 0.5257890390625 0.6129943421874999 0.530208275
311 0.610855175 0.48029935156250003 0.614658671875 0.52411478125 0.6553845 0.5359375 0.6595334546875 0.5359375 0.6537510484375 0.4919488671875 0.610855175 0.48029935156250003
311 0.68117650625 0.6156173125 0.6740615109375 0.5667365703125 0.632747275 0.5546875 0.629183534375 0.5546875 0.6346146359375 0.6006491296875 0.68117650625 0.6156173125