311 0.8110396171875 0.657426928125 0.776119478125 0.6492873578125 0.754579953125 0.7131516875 0.7888473796875 0.723169621875 0.8110396171875 0.657426928125
311 0.7633915765625 0.6386433031250001 0.7392412 0.6305037312499999 0.713132684375 0.6931158203125001 0.7398939125 0.705012115625 0.7638534140625 0.6461746796875001 0.7633915765625 0.6386433031250001
311 0.7421784078125 0.63238209375 0.7170489609375 0.6211119171874999 0.6893086640625 0.6868546109375 0.7206388828125 0.693741940625 0.7421784078125 0.63238209375
311 0.6955094359375 0.6173551921875 0.6703799890625 0.673706071875 0.6964885062499999 0.6849762484374999 0.7216179515625 0.6292514890625001 0.6955094359375 0.6173551921875
311 0.6742962671875 0.6092156203125 0.6511249593749999 0.6649403796875 0.6736435546874999 0.6749583140625 0.6981202875 0.6217380375 0.6742962671875 0.6092156203125
311 0.6543885234375 0.602328290625 0.6279536515624999 0.6561746875 0.6521040296875 0.664314259375 0.67625440625 0.6129723453125 0.6543885234375 0.602328290625
311 0.629585434375 0.592936478125 0.603803275 0.6455306328125 0.629585434375 0.6586791703125 0.6537358109375 0.606085015625 0.629585434375 0.592936478125
311 0.5639877890625 0.6630620171875 0.534942065625 0.7256741046874999 0.5600715109375 0.7338136765625001 0.588790878125 0.671827709375 0.5639877890625 0.6630620171875
311 0.577368403125 0.748840578125 0.608045909375 0.68184564375 0.5861800265625 0.673706071875 0.5587660859375 0.734439796875 0.577368403125 0.748840578125
311 0.6005397109375 0.7544756671874999 0.629911790625 0.6887329734375001 0.6070668390625 0.681219521875 0.5767156890625 0.74821445625 0.6005397109375 0.7544756671874999
311 0.62501644375 0.7632413578125 0.6524303859375 0.6981247859375 0.6276272953124999 0.68935909375 0.599234284375 0.746962215625 0.62501644375 0.7632413578125
311 0.624037375 0.7594846328125 0.64459783125 0.7776421375 0.6729908421874999 0.710647203125 0.67625440625 0.703133753125 0.6537358109375 0.697498665625 0.624037375 0.7594846328125
311 0.7826466078125 0.8220967218749999 0.8087551234375001 0.75698015 0.7842783890625 0.750718940625 0.7604543687499999 0.810200425 0.7826466078125 0.8220967218749999
311 0.714111753125 0.7901645562499999 0.7379357734374999 0.8045653375 0.7630652203125 0.7413271265625 0.7637179328125 0.7388226437500001 0.7411993390625 0.73318755625 0.714111753125 0.7901645562499999
311 0.717701675 0.725047984375 0.6902877328125 0.7882861937500001 0.7183543875 0.7926690390625 0.743483834375 0.73130919375 0.717701675 0.725047984375
311 0.70921640625 0.7162822921875 0.692898584375 0.7162822921875 0.667116425 0.7795205015625 0.692898584375 0.78640783125 0.717701675 0.726926346875 0.70921640625 0.7162822921875
311 0.58324281875 0.646156753125 0.610004046875 0.581666303125 0.587811809375 0.5735267312500001 0.5610505796874999 0.6317559734375 0.58324281875 0.646156753125
311 0.5401637671875 0.6286253671875001 0.567577709375 0.5685177625 0.5424482625 0.5597520703125001 0.516666103125 0.616729071875 0.5401637671875 0.6286253671875001
311 0.5248250140625 0.5484818953125 0.495126578125 0.6129723453125 0.52058238125 0.616729071875 0.5476699671875 0.5597520703125001 0.5248250140625 0.5484818953125
311 0.5127498265625 0.43014504843749995 0.525804084375 0.50214895 0.5519126 0.512166884375 0.536247490625 0.4339017734375 0.5127498265625 0.43014504843749995
311 0.57116763125 0.51717585 0.556481590625 0.4432935859375 0.5336366390625 0.43703237812499995 0.547996321875 0.5109146421874999 0.57116763125 0.51717585
311 0.463796359375 0.4771041140625 0.44911032031250003 0.39758676249999997 0.42920218437499996 0.393203915625 0.4396459828125 0.46833842187499997 0.463796359375 0.4771041140625
311 0.203037559375 0.7181606546875 0.19422593593749998 0.640521665625 0.1700755578125 0.6311298515625 0.1805189640625 0.7056382375 0.203037559375 0.7181606546875
311 0.1361344890625 0.6856023687499999 0.1628957171875 0.7025076328125001 0.1527786671875 0.6305037312499999 0.15441044843750001 0.6286253671875001 0.129281003125 0.622364159375 0.1361344890625 0.6856023687499999
311 0.18312981718750002 0.7062643578125 0.1749709046875 0.6348865765625 0.1488623890625 0.6305037312499999 0.1583267265625 0.6943680624999999 0.18312981718750002 0.7062643578125
311 0.259497225 0.618607434375 0.28919566093750004 0.5572475875 0.266350709375 0.5503602578125 0.2366522734375 0.6129723453125 0.259497225 0.618607434375
311 0.244484828125 0.54472516875 0.21804995625 0.6035805328125 0.2405685515625 0.6104678625 0.266350709375 0.5534908625 0.244484828125 0.54472516875
311 0.284953028125 0.4533115203125 0.2523173828125 0.44517195000000004 0.22881971874999998 0.50214895 0.2585181546875 0.517801971875 0.284953028125 0.4533115203125
311 0.233715065625 0.5084101578125 0.259497225 0.4583204875 0.23828405625000001 0.43077116875000004 0.2265352234375 0.42889280625000004 0.223924371875 0.431397290625 0.20956468906249998 0.4921310140625 0.233715065625 0.5084101578125
311 0.223598015625 0.432023409375 0.21576546093750001 0.43014504843749995 0.1961840734375 0.42576220156250005 0.1687701328125 0.48586980625000004 0.213480965625 0.4908787734375 0.223598015625 0.432023409375
311 0.8501737734375 0.9732254265625 0.8265970578124999 0.8842198015625 0.8007387234375001 0.883490246875 0.8189916640625 0.9564456765625 0.8501737734375 0.9732254265625
311 0.803125 0.91796875 0.025 0.07890625
311 0.77734375 0.9078125 0.034375 0.08671875
311 0.75859375 0.9046875 0.03359375 0.08671875
311 0.73359375 0.8953125 0.034375 0.078125
311 0.7109375 0.8828125 0.0359375 0.09140625
311 0.68828125 0.8703125 0.03984375 0.09375
311 0.6640625 0.86015625 0.034375 0.08984375
311 0.6421875 0.8546875 0.03203125 0.08671875
311 0.62109375 0.8453125 0.03203125 0.08671875
311 0.59921875 0.83984375 0.034375 0.0890625
311 0.5765625 0.8265625 0.034375 0.0875
311 0.55078125 0.81796875 0.034375 0.08671875
311 0.5109375 0.80078125 0.028125 0.08671875
311 0.790625 0.56328125 0.0421875 0.1046875
311 0.8171875 0.571875 0.034375 0.10390625
311 0.771875 0.55703125 0.02734375 0.10625
311 0.74921875 0.5515625 0.03203125 0.0984375