311 0.06882468593749999 0.0797448171875 0.0068068375 0.261563 0.08168204531249999 0.27591706718750003 0.1482377859375 0.0972886765625 0.06882468593749999 0.0797448171875
311 0.1300862203125 0.28389154687499996 0.1898351234375 0.106858053125 0.13386779531249998 0.0925039859375 0.0680683703125 0.26953748125 0.1300862203125 0.28389154687499996
311 0.1868098625 0.2902711328125 0.24655876562499998 0.11961722500000001 0.18454091718750001 0.11323763906249999 0.1293299046875 0.261563 0.1868098625 0.2902711328125
311 0.23294509218749998 0.2950558203125 0.2911813640625 0.12440191249999999 0.2442898203125 0.1180223296875 0.1883224921875 0.271132375 0.23294509218749998 0.2950558203125
311 0.29042504999999996 0.3157894734375 0.3463923765625 0.141945771875 0.288156103125 0.1228070171875 0.222356678125 0.30143540625 0.29042504999999996 0.3157894734375
311 0.3456360609375 0.3110047859375 0.4008470734375 0.1515151515625 0.3494176375 0.1307814984375 0.29042504999999996 0.29665071875 0.3456360609375 0.3110047859375
311 0.4008470734375 0.31259968125 0.4583270296875 0.15629984218749998 0.397065496875 0.1467304625 0.3456360609375 0.2982456140625 0.4008470734375 0.31259968125
311 0.4583270296875 0.3365231265625 0.5150506734375 0.16267942500000002 0.45605808437500006 0.1531100484375 0.39630918125000003 0.3110047859375 0.4583270296875 0.3365231265625
311 0.5127817265625 0.34609250468749997 0.5702616859375 0.180223284375 0.509756465625 0.170653909375 0.44925124843750003 0.3237639546875 0.5127817265625 0.34609250468749997
311 0.6224474359375 0.1818181828125 0.5679927390625 0.17543859687500002 0.5142943578125 0.330143540625 0.5740432609375 0.3476874 0.6224474359375 0.1818181828125
311 0.626985328125 0.360446571875 0.6837089703125 0.1961722484375 0.626985328125 0.177033490625 0.5679927390625 0.34609250468749997 0.626985328125 0.360446571875
311 0.68673423125 0.3716108453125 0.73891998125 0.210526315625 0.677658446875 0.1961722484375 0.6171532296875 0.36204146718749997 0.68673423125 0.3716108453125
311 0.7434578734375 0.3795853265625 0.7888367875 0.20893142031249998 0.7306005140625 0.20574162812500002 0.6731205578125 0.3716108453125 0.7434578734375 0.3795853265625
311 0.8009378296874999 0.381180225 0.852367265625 0.22807017499999999 0.7918620484375001 0.20733652343750003 0.7336257749999999 0.3795853265625 0.8009378296874999 0.381180225
311 0.8546362125 0.4051036671875 0.9090909078125 0.2376395546875 0.8500983218749999 0.2200956953125 0.794887309375 0.38277511875000003 0.8546362125 0.4051036671875
311 0.9121161703125 0.41467304531250004 0.962032975 0.24242424218749997 0.8985024953125 0.23604465624999998 0.8493420046875 0.3923444984375 0.9121161703125 0.41467304531250004
311 0.9053093328124999 0.4019138765625 0.964301921875 0.4098883578125 1 0.271132375 0.99833610625 0.245614034375 0.962032975 0.244019140625 0.9053093328124999 0.4019138765625
311 311 0.3962141515625 0.001780934375 0.41874765625 0.03205681875 0.5877489546875 0.0917181203125 0.5971379156250001 0.0534280296875 0.39245856562500003 311 0.3962141515625
311 0.150488953125 0.6008934984375001 0.107746528125 0.4168698625 0.044523359375 0.4074809046875 0.082813446875 0.5990157046875 0.150488953125 0.6008934984375001
311 0.099732325 0.4074809046875 0.1460366171875 0.602771290625 0.20302651562500001 0.610282459375 0.167407828125 0.4168698625 0.099732325 0.4074809046875
311 0.2546736125 0.6140380453125001 0.21549305625 0.426258825 0.15939362343750002 0.426258825 0.193231378125 0.612160253125 0.2546736125 0.6140380453125001
311 0.3134444453125 0.625304796875 0.2689210859375 0.43564778593750003 0.21282165625 0.42438103437499997 0.24933080937500002 0.610282459375 0.3134444453125 0.625304796875
311 0.3722152796875 0.6459605125000001 0.3205681828125 0.43376999375 0.26535921875 0.43001441093750004 0.3045397734375 0.6365715515625 0.3722152796875 0.6459605125000001
311 0.42386237656250003 0.6459605125000001 0.386462753125 0.44128116562499997 0.319677715625 0.4563035015625 0.3597487390625 0.6365715515625 0.42386237656250003 0.6459605125000001
311 0.479071340625 0.64408271875 0.4452335875 0.4656924625 0.3820104171875 0.4713258390625 0.4176291046875 0.6403271328125 0.479071340625 0.64408271875
311 0.5342803046875 0.6553494734374999 0.493318815625 0.4713258390625 0.4300956453125 0.47508142031249995 0.47550947031249996 0.6515938875 0.5342803046875 0.6553494734374999
311 0.6045486640625 0.689903509375 0.5547795234375 0.46765271249999996 0.48598100781250003 0.47691316562499997 0.5247716609374999 0.66829579375 0.6045486640625 0.689903509375
311 0.6550497015625 0.6790996484375 0.6023529671875 0.48617361406250004 0.5511200296875 0.48771702031249997 0.6023529671875 0.6837298765625001 0.6550497015625 0.6790996484375
311 0.6469988125 0.6729260171875 0.7070145390625 0.6976205515625 0.660172996875 0.4923472453125 0.6616367953125 0.47536975468750003 0.60162106875 0.5016076953125 0.6469988125 0.6729260171875
311 0.7662983671875 0.6991639578125 0.7297034109375 0.5139549609375 0.6565135015625 0.5077813296875 0.69310845625 0.680643059375 0.7662983671875 0.6991639578125
311 0.824850296875 0.7145980421875 0.7780087531250001 0.5031511046875 0.7201887234375 0.5170417796875 0.760443175 0.7099678171875 0.824850296875 0.7145980421875
311 0.8716918390625 0.711511225 0.8314373875 0.5324758625 0.7714216609375 0.5293890453125 0.81679940625 0.7161414484375 0.8716918390625 0.711511225
311 0.0102465875 0.65440511875 0.04610964375 0.8643086453125 0.11710385625 0.8627652390625 0.0827045984375 0.665208975 0.0102465875 0.65440511875
311 0.1266185453125 0.676012834375 0.1244228484375 0.6775562421875 0.1558945109375 0.8735690953124999 0.22103353124999997 0.8704822812499999 0.18517047343749998 0.6883601015624999 0.1266185453125 0.676012834375
311 0.0724580109375 0.6667523828124999 0.10173397656250001 0.8751125046875 0.1646773 0.8720256875000001 0.13247373906249998 0.665208975 0.0724580109375 0.6667523828124999
311 0.1749238875 0.691446915625 0.21371453906250001 0.8843729546875 0.27153456875000004 0.8612218281249999 0.2481137984375 0.696077140625 0.1749238875 0.691446915625
311 0.3381373875 0.9075240765625001 0.2993467359375 0.706881 0.23128011874999999 0.6991639578125 0.270070771875 0.892089996875 0.3381373875 0.9075240765625001
311 0.311057121875 0.9090674875 0.40108071250000005 0.9214147546874999 0.3557776 0.7026112421875 0.28178115625 0.685273284375 0.311057121875 0.9090674875
311 0.45688602500000003 0.9273759546875 0.410294109375 0.7138288421875 0.33945538124999997 0.7118237046875 0.379391309375 0.92136054375 0.45688602500000003 0.9273759546875
311 0.5163144875000001 0.9394067796875 0.46972257187500005 0.7328776453125 0.39793298906249996 0.718841684375 0.4402460546875 0.9263733859375 0.5163144875000001 0.9394067796875
311 0.5714641015625 0.9554478734374999 0.527249325 0.740898196875 0.44927918125 0.7308725093749999 0.499199090625 0.943417053125 0.5714641015625 0.9554478734374999
311 0.634220559375 0.96447099375 0.5809726562499999 0.7539315859375 0.508232215625 0.7459110390625 0.5514961375 0.95043503125 0.634220559375 0.96447099375
311 0.6123508828124999 0.963468425 0.6869930328125 0.980512090625 0.6374295328125 0.7635125609375 0.566709825 0.7529290171875 0.6123508828124999 0.963468425
311 0.8063253874999999 0.9795095234375 0.7516512015625 0.7799983687500001 0.6846158953125 0.7789958 0.7236009671875 0.981514659375 0.8063253874999999 0.9795095234375
311 0.6993541546875 0.7759880953125 0.628990853125 0.7649598421875 0.6713039203125 0.9684812671874999 0.73929008125 0.983519796875 0.6993541546875 0.7759880953125
311 0.7858819968749999 0.9754992453125 0.852441875 0.9855249328125 0.8068008156250001 0.79202919375 0.8044236765624999 0.79202919375 0.7407163640625 0.7890214875 0.7858819968749999 0.9754992453125