311 0.1265625 0.23359375 0.038671875 0.090625
311 0.1625 0.25703125 0.03359375 0.074609375
311 0.20078125 0.278125 0.033203125 0.07578125
311 0.240625 0.2953125 0.037890625 0.080078125
311 0.30078125 0.33125 0.04140625 0.095703125
311 0.33828125 0.346875 0.037890625 0.09609375
311 0.3171875 0.34140625 0.037109375 0.091015625
311 0.359375 0.359375 0.040625 0.1015625
311 0.3796875 0.3703125 0.04609375 0.0984375
311 0.39921875 0.384375 0.03828125 0.094921875
311 0.42109375 0.3953125 0.034765625 0.091796875
311 0.4421875 0.40234375 0.03203125 0.083984375
311 0.4625 0.41328125 0.044140625 0.09140625
311 0.48125 0.42890625 0.03984375 0.090625
311 0.42421875 0.2765625 0.04609375 0.087109375
311 0.44140625 0.29765625 0.034765625 0.067578125
311 0.46015625 0.29765625 0.033984375 0.067578125
311 0.34140625 0.2453125 0.03359375 0.073046875
311 0.365625 0.25234375 0.03515625 0.0703125
311 0.38515625 0.2640625 0.0390625 0.073046875
311 0.440625 0.51015625 0.044140625 0.09140625
311 0.4640625 0.52734375 0.038671875 0.095703125
311 0.48203125 0.53359375 0.037109375 0.095703125
311 0.5046875 0.540625 0.039453125 0.10625
311 0.52578125 0.55625 0.034375 0.083984375
311 0.54765625 0.571875 0.042578125 0.08984375
311 0.2953125 0.43203125 0.035546875 0.08359375
311 0.31796875 0.44609375 0.039453125 0.08984375
311 0.3375 0.4546875 0.0390625 0.085546875
311 0.35703125 0.46640625 0.03828125 0.084765625
311 0.378125 0.475 0.0359375 0.081640625
311 0.39921875 0.48984375 0.045703125 0.094140625
311 0.22109375 0.38671875 0.034375 0.090234375
311 0.2 0.378125 0.0359375 0.08984375
311 0.18203125 0.36953125 0.034375 0.086328125
311 0.16328125 0.35859375 0.040234375 0.094140625
311 0.06171875 0.09375 0.038671875 0.06875
311 0.09609375 0.11484375 0.03359375 0.065625
311 0.105550725 0.096763865625 0.08219775781250001 0.1466942015625 0.1182958265625 0.1546875 0.1240572328125 0.1546875 0.1414005609375 0.10299509531249999 0.105550725 0.096763865625
311 0.4859375 0.31328125 0.041015625 0.08359375
311 0.509375 0.328125 0.04375 0.080859375
