311 0.3041498875 0.398406646875 0.2977968875 0.3945977875 0.2787378875 0.38469475468750003 0.2819143875 0.45934839062500005 0.3124882 0.47153673906250004 0.3041498875 0.398406646875
311 0.33035601406250004 0.47839268593749995 0.3224147640625 0.41211853906249996 0.2993851375 0.397644875 0.3049440125 0.46925142343750004 0.33035601406250004 0.47839268593749995
311 0.284212671875 0.2968994578125 0.2881807375 0.370648521875 0.3129811453125 0.37921292968750003 0.306285034375 0.305939665625 0.284212671875 0.2968994578125
311 0.3328214703125 0.385398334375 0.3261253609375 0.3140282734375 0.30306098124999997 0.3064154671875 0.3082690671875 0.373503325 0.3328214703125 0.385398334375
311 0.3229013078125 0.312125071875 0.3229013078125 0.3154556734375 0.3293494140625 0.38682573593749997 0.3556378453125 0.40062394843750004 0.346213690625 0.3259232828125 0.3229013078125 0.312125071875
311 0.342741634375 0.32449588125 0.35018175625 0.3982449453125 0.3749821640625 0.4120431578125 0.3667980296875 0.334487690625 0.342741634375 0.32449588125
311 0.3628299640625 0.335439290625 0.3720061140625 0.41109155625 0.3960625109375 0.420607565625 0.3878783765625 0.34828590312499996 0.3628299640625 0.335439290625
311 0.3839103109375 0.233618003125 0.3571258703125 0.28167384375000004 0.3794462375 0.29499625625000003 0.40796670625000003 0.2455130140625 0.3839103109375 0.233618003125
311 0.42507898749999995 0.255980621875 0.39854255156249996 0.304988065625 0.41863088125000003 0.316407275 0.446159334375 0.2669240328125 0.42507898749999995 0.255980621875
311 0.48980805156249996 0.28833505000000004 0.465999659375 0.276440040625 0.4377271953125 0.32211687968749997 0.4377271953125 0.32402008125 0.4607915734375 0.33639089218749996 0.48980805156249996 0.28833505000000004
311 0.062205065625 0.071941115625 0.033292851562499996 0.11967774375 0.0527428875 0.1290906 0.08340735625 0.0823624921875 0.062205065625 0.071941115625
311 0.0487127 0.127073559375 0.0706158921875 0.13883962968750002 0.10005378125 0.092111521875 0.10092990937499999 0.09009448125 0.07867626718750001 0.0810177984375 0.0487127 0.127073559375
311 0.0909420546875 0.1469077921875 0.11932859062500001 0.1001796859375 0.0972501734375 0.09043065624999999 0.06833795937500001 0.13480555 0.0909420546875 0.1469077921875
311 0.110212315625 0.1990895234375 0.110580303125 0.20297247343749997 0.11536414375 0.27392459062499996 0.1403873078125 0.2816904953125 0.132659565625 0.2128563515625 0.110212315625 0.1990895234375
311 0.09218091875 0.19202961093749998 0.0954928078125 0.2636877203125 0.121987921875 0.2728656046875 0.11646810625 0.20438445624999999 0.09218091875 0.19202961093749998
311 0.1521629140625 0.2216812421875 0.14940300625 0.2213282453125 0.148851025 0.22450520625 0.1528988890625 0.2929863546875 0.178658028125 0.304635209375 0.1731382125 0.2287411546875 0.1521629140625 0.2216812421875
311 0.34407529375 0.2109332421875 0.31480912031249997 0.256458403125 0.335770028125 0.276185971875 0.37175951406249996 0.22534954375 0.34407529375 0.2109332421875
311 0.359499359375 0.2906022734375 0.38718357812500004 0.2359720796875 0.363058759375 0.21776201562500003 0.3361655171875 0.2640459296875 0.3369564953125 0.25873466093749997 0.333792584375 0.27163345625 0.359499359375 0.2906022734375
311 0.48012345625 0.354337496875 0.5121580531250001 0.30198356249999997 0.4860557890625 0.28604975625 0.45441668125 0.33916244375 0.48012345625 0.354337496875
311 0.5248136953125 0.309571090625 0.5002933875 0.35737250781249996 0.5260001625 0.368753796875 0.552893403125 0.3148823578125 0.5248136953125 0.309571090625
311 0.5437971609375001 0.3831700984375 0.5706904015625 0.334609928125 0.5477520484375 0.3156411109375 0.5200678296875 0.368753796875 0.5437971609375001 0.3831700984375
311 0.565549046875 0.393033884375 0.593233265625 0.3429562078125 0.5675264906249999 0.3315749171875 0.5406332500000001 0.3778588296875 0.565549046875 0.393033884375
311 0.609843796875 0.35281999062499997 0.591255821875 0.34067995 0.565549046875 0.3884813671875 0.58650995625 0.40062140937499996 0.609843796875 0.35281999062499997
311 0.3820422234375 0.34447371250000003 0.38995199999999997 0.4264190015625 0.415658775 0.43097151718750004 0.40695802031249995 0.34978498125 0.3820422234375 0.34447371250000003
311 0.4041895984375 0.35281999062499997 0.41170388750000003 0.43097151718750004 0.437015171875 0.4415940546875 0.42752344062500003 0.368753796875 0.4041895984375 0.35281999062499997
311 0.45718510312499994 0.45297534375000004 0.4484843484375 0.3778588296875 0.42396404062500004 0.3672362921875 0.4334557734375 0.4415940546875 0.45718510312499994 0.45297534375000004
311 0.503061809375 0.46966790312500006 0.49040616718749996 0.40062140937499996 0.4650948796875 0.391516378125 0.4777505234375 0.460562871875 0.503061809375 0.46966790312500006
311 0.5861144671875 0.5182280734375 0.5762272453125 0.4415940546875 0.55012498125 0.43400652656250005 0.559221225 0.5045705265625 0.5861144671875 0.5182280734375
311 0.523231740625 0.4878779671875 0.5125535421875 0.4059326796875 0.4852648109375 0.39227513125 0.495547521875 0.4727029140625 0.523231740625 0.4878779671875
311 0.5453791156250001 0.501535515625 0.53351445 0.42110773281249997 0.5097851203125 0.41200270000000005 0.518485875 0.48484295624999996 0.5453791156250001 0.501535515625
311 0.5643625796875 0.5113993 0.554475359375 0.4302127640625 0.5299550515625 0.42414274374999994 0.5422152046875001 0.501535515625 0.5643625796875 0.5113993
311 0.6082618421875 0.5417494078125 0.5975836421875 0.45069908593749997 0.572667846875 0.4469053234375 0.5778092 0.5220218375 0.6082618421875 0.5417494078125
311 0.6276407953125 0.547060675 0.6181490625 0.46511538750000003 0.5924422890625001 0.45449285 0.6054934203125 0.5349206328125 0.6276407953125 0.547060675
311 0.609843796875 0.6365934906249999 0.5963971765625 0.55920071875 0.56831746875 0.53947315 0.5778092 0.6092783953125 0.609843796875 0.6365934906249999
311 0.5287685843750001 0.5174693203125 0.5390512937499999 0.6024496203124999 0.565549046875 0.610037146875 0.5548708484375 0.5326443750000001 0.5287685843750001 0.5174693203125
311 0.50938963125 0.5083642890625 0.5180903859375 0.5925858359375 0.5445881375 0.6001733625 0.53509640625 0.5220218375 0.50938963125 0.5083642890625
311 0.4686542796875 0.48863672031250005 0.4777505234375 0.5667882453125 0.5014798546875 0.5804457921874999 0.49238361093750005 0.500018009375 0.4686542796875 0.48863672031250005
311 0.48842872187499997 0.501535515625 0.49633849999999996 0.5766520296875 0.5228362515625 0.5925858359375 0.51334451875 0.5098817953125 0.48842872187499997 0.501535515625
311 0.44571592656250003 0.4727029140625 0.45402119374999994 0.5614769765625 0.479332478125 0.56299448125 0.47181819062499997 0.48863672031250005 0.44571592656250003 0.4727029140625
311 0.44492494843749997 0.3748238203125 0.4548121703125 0.45297534375000004 0.4821009015625 0.46435663437499997 0.47023623593749997 0.3884813671875 0.44492494843749997 0.3748238203125
311 0.11789770156249998 0.42190329374999996 0.095306525 0.40971347187499996 0.062478721875 0.46185882187500005 0.059301837499999996 0.46592209687499997 0.081540028125 0.48217519218750005 0.11789770156249998 0.42190329374999996
311 0.10413120468749999 0.48894731562500005 0.140488878125 0.43544754062499996 0.1154267921875 0.41919444375000003 0.08012807968749999 0.48082076718750005 0.10413120468749999 0.48894731562500005
311 0.0974244484375 0.49301059062499997 0.120015625 0.516713021875 0.1570792734375 0.44560572656249997 0.16131511875 0.4428968765625 0.134841084375 0.43206147968749997 0.0974244484375 0.49301059062499997
311 0.19802578125 0.47269422031249997 0.18108239843750001 0.45576391093749996 0.14225381406249998 0.5085864734375 0.13837095625 0.5146813859375 0.164844990625 0.5241623578125 0.19802578125 0.47269422031249997
311 0.30533386875 0.5234851453125 0.27921282187499996 0.5106181109375 0.24850294062499997 0.5634406734375 0.24567904375 0.570890009375 0.2682702203125 0.5817254078125 0.30533386875 0.5234851453125
311 0.4034642921875 0.45440948593749997 0.4122889703125 0.53093448125 0.43876300468749996 0.5410926671875 0.4299383265625 0.465244884375 0.4034642921875 0.45440948593749997
311 0.363223759375 0.43477032812500005 0.3706364890625 0.50723205 0.3932276640625 0.5119725359375 0.38687389687499996 0.4449285140625 0.363223759375 0.43477032812500005
311 0.6201983906249999 0.6975287203125 0.5891355218750001 0.7578006187499999 0.614197609375 0.773376503125 0.6459664515625 0.7090413296875 0.6201983906249999 0.6975287203125
311 0.395698575 0.65012385625 0.42782040312499997 0.5918835921875 0.40169935625 0.5796937703125 0.36851856562499996 0.6372568203125 0.395698575 0.65012385625
311 0.508398846875 0.6383574296875001 0.47659333593750003 0.7003156500000001 0.5049736375 0.7087644984375 0.5362898328125 0.6515000828125 0.508398846875 0.6383574296875001
311 0.6087085328125 0.40742224218749995 0.6390460953125 0.36142295625 0.61262305625 0.35109658593750004 0.582774809375 0.397095871875 0.6087085328125 0.40742224218749995
311 0.6297491 0.42901374375 0.6591080328125 0.37644313125 0.63268499375 0.36048419531250003 0.6033260609375 0.4130548078125 0.6297491 0.42901374375
311 0.6517683 0.43746259062500004 0.6762340765625 0.3867695015625 0.6537255625 0.3717493265625 0.6238773140625 0.42244241562499996 0.6517683 0.43746259062500004
311 0.6931928046875 0.3938340046875 0.6670782453124999 0.44583785000000004 0.692862240625 0.46105848906249997 0.72294356875 0.4096888359375 0.6931928046875 0.3938340046875
311 0.6723672703125 0.380515946875 0.6429470703125 0.4280804390625 0.6723672703125 0.44774043125 0.7001346500000001 0.3982733578125 0.6723672703125 0.380515946875