311 0.3448586421875 0.21422241562500002 0.3139373203125 0.2587147640625 0.341852403125 0.27601734375000003 0.3732031890625 0.2216378078125 0.3448586421875 0.21422241562500002
311 0.358601453125 0.287552396875 0.3882343875 0.2356446578125 0.365902321875 0.22410960468750002 0.3384167 0.273545546875 0.358601453125 0.287552396875
311 0.4075602140625 0.2447079140625 0.38522814843750003 0.2356446578125 0.357313065625 0.2817848703125 0.3809335203125 0.292495990625 0.4075602140625 0.2447079140625
311 0.4195851734375 0.3130943 0.44792971875000004 0.264482290625 0.418296784375 0.2570669 0.39897095781249997 0.3048549765625 0.4195851734375 0.3130943
311 0.47026178593749995 0.273545546875 0.44019938906249995 0.319685759375 0.459525215625 0.3345165421875 0.4887286875 0.287552396875 0.47026178593749995 0.273545546875
311 0.29947246875 0.5206098 0.26589406875 0.5767907140624999 0.28932085937499996 0.5902741328125 0.319385240625 0.5393367718750001 0.29947246875 0.5206098
311 0.33305086875 0.6119974203125 0.365457928125 0.5550674265625 0.341640690625 0.5445803234375 0.3088431859375 0.597764921875 0.33305086875 0.6119974203125
311 0.3970840953125 0.6524476781249999 0.427538921875 0.5947686062499999 0.406064365625 0.5775397921875001 0.37287641250000003 0.6397133375 0.3970840953125 0.6524476781249999
311 0.5146084921875 0.5086245375 0.5146084921875 0.5161153265625 0.526712334375 0.5910232125 0.54389198125 0.59701584375 0.533349925 0.5221079578125 0.5146084921875 0.5086245375
311 0.45174660624999996 0.47791230625000003 0.46033642812500003 0.55356926875 0.4790778609375 0.5640563734375 0.46853580624999996 0.48540309375 0.45174660624999996 0.47791230625000003
311 0.45643196406250003 0.5505729546875 0.44706124843749995 0.4764141484375 0.4287102625 0.46592704375 0.438080978125 0.5408349296875 0.45643196406250003 0.5505729546875
311 0.40918793750000004 0.456938096875 0.4162159734375 0.533344140625 0.44003321093750003 0.541584009375 0.42949115468750004 0.468923359375 0.40918793750000004 0.456938096875
311 0.256523353125 0.5033809859375 0.22606852656249998 0.55581650625 0.2491048703125 0.5707980828125 0.2842450546875 0.510871775 0.256523353125 0.5033809859375
311 0.346716496875 0.3258493 0.3541349796875 0.3992590265625 0.37521909062500003 0.40600073593749997 0.3681910546875 0.33783456093750003 0.346716496875 0.3258493
311 0.5083613484375 0.296635225 0.48181098593750005 0.34532535000000003 0.5048473296875 0.354314296875 0.5290550140625 0.3078714078125 0.5083613484375 0.296635225
311 0.552481803125 0.3183585109375 0.5306168 0.310867721875 0.50328554375 0.3535652171875 0.5290550140625 0.3655504796875 0.552481803125 0.3183585109375
311 0.5450633203125 0.3767866625 0.572394575 0.3333400875 0.5513104640625001 0.319107590625 0.5247601015625001 0.3670486359375 0.5450633203125 0.3767866625
311 0.56614743125 0.388771921875 0.59269779375 0.340081796875 0.5716136828125 0.3303437734375 0.5446728734375 0.3760375828125 0.56614743125 0.388771921875