311 0.31535926875000003 0.2636902359375 0.34475716562500003 0.21681197187499998 0.32299508593750004 0.2043599328125 0.292451815625 0.2527031421875 0.31535926875000003 0.2636902359375
311 0.34361179375 0.21534702656250002 0.31535926875000003 0.262225290625 0.33903030312500004 0.27321238281250004 0.367282828125 0.22633411875 0.34361179375 0.21534702656250002
311 0.35773805625 0.283467003125 0.3848452078125 0.2343913203125 0.362319546875 0.2248691734375 0.3363577671875 0.2666201265625 0.35773805625 0.283467003125
311 0.3848452078125 0.23512379375 0.3562108921875 0.2805371125 0.3787365546875 0.29298915000000003 0.405080125 0.2461108859375 0.3848452078125 0.23512379375
311 0.42455145937500005 0.2556330328125 0.3989714703125 0.30104635156250004 0.417297434375 0.3149633375 0.44669533125000005 0.2680850734375 0.42455145937500005 0.2556330328125
311 0.44554995937499997 0.26588765468750003 0.417679225 0.3142308640625 0.4394413046875 0.32375301093750003 0.4669302484375 0.2798046375 0.44554995937499997 0.26588765468750003
311 0.459676221875 0.3347401046875 0.4871651640625 0.28712936718750004 0.4669302484375 0.2776072203125 0.43791414062499995 0.3259504296875 0.459676221875 0.3347401046875
311 0.4802929296875 0.34572719687500003 0.5085454546875 0.29958140625 0.4856380015625 0.2863968953125 0.45929443125 0.33254268593749997 0.4802929296875 0.34572719687500003
311 0.5081636640625 0.2981164609375 0.4810565109375 0.34279730625 0.5012914265624999 0.3574467640625 0.529543953125 0.30983602656250003 0.5081636640625 0.2981164609375
311 0.5226717171875 0.36843385624999997 0.54977886875 0.322288065625 0.5261078343750001 0.30983602656250003 0.5005278453125 0.35524934531249996 0.5226717171875 0.36843385624999997
311 0.543288425 0.3801534234375 0.571922740625 0.3318102140625 0.5474881234375 0.3208231203125 0.521144553125 0.3669689109375 0.543288425 0.3801534234375
311 0.5650505046875 0.39114051562499996 0.5917758671875 0.34133236093749997 0.5684866234375 0.3303452671875 0.543670215625 0.37942095 0.5650505046875 0.39114051562499996
311 0.585285421875 0.399930190625 0.612774365625 0.3515869796875 0.5887215390625 0.3391349421875 0.562759759375 0.38821062500000003 0.585285421875 0.399930190625
311 0.6081928750000001 0.41018481093750003 0.6345364453125 0.3625740734375 0.6123925734375 0.350122034375 0.5845218390625 0.399930190625 0.6081928750000001 0.41018481093750003
311 0.628046 0.423369321875 0.6532441984374999 0.3757585859375 0.63300928125 0.3640390203125 0.6062839203125 0.41091728437499997 0.628046 0.423369321875
311 0.6490444984375 0.43069405156249996 0.6761516515625 0.38235084218750004 0.65133524375 0.3750261125 0.6253734640624999 0.42043943125 0.6490444984375 0.43069405156249996
311 0.6711883703125 0.4438785625 0.697531940625 0.395535353125 0.6738609062500001 0.380885896875 0.6482809171875 0.432158996875 0.6711883703125 0.4438785625
311 0.6914232859375 0.4577955484375 0.720057603125 0.4079873921875 0.6937140328125 0.393337934375 0.6688976249999999 0.44094867187500003 0.6914232859375 0.4577955484375
311 0.628046 0.5471572375 0.6162104828125 0.4680501671875 0.5933030296874999 0.45633060312499996 0.6024660109375 0.5303103625000001 0.628046 0.5471572375
311 0.5742134859375 0.44534350937499995 0.5826128859375 0.51932326875 0.603993175 0.5303103625000001 0.595975565625 0.44900587343750004 0.5742134859375 0.44534350937499995
311 0.552833196875 0.43875125312499996 0.5616143874999999 0.509801121875 0.585285421875 0.5215206875 0.5749770671875 0.4394837265625 0.552833196875 0.43875125312499996
311 0.53014561875 0.42520539062499996 0.5401341421875 0.50149649375 0.5640689078125 0.5116204328125 0.5563419359374999 0.435690896875 0.53014561875 0.42520539062499996
311 0.5094147203125 0.41038105312499995 0.5177070796875001 0.4881184328125 0.542961084375 0.4975192328125 0.5335379484375 0.4241206828125 0.5094147203125 0.41038105312499995
311 0.48868382187500004 0.4027881 0.49754156875 0.4751019421875 0.521664796875 0.4881184328125 0.5120531984375 0.41291203750000005 0.48868382187500004 0.4027881
311 0.4687067734375 0.39013317812500004 0.47492604375 0.46389329687499997 0.5011223609375001 0.474378803125 0.4900030609375 0.4020649625 0.4687067734375 0.39013317812500004
311 0.44627971093749996 0.3796476703125 0.4528759046875 0.45196151249999994 0.4771875953125 0.46208545 0.470214475 0.39013317812500004 0.44627971093749996 0.3796476703125
311 0.4242850515625 0.3670515828125 0.426375984375 0.3737374046875 0.43369424843750004 0.442935653125 0.4572172390625 0.4529643859375 0.448853509375 0.3794203515625 0.4242850515625 0.3670515828125
311 0.4045954375 0.3540142328125 0.4049439265625 0.3600314703125 0.412262190625 0.432906921875 0.43752762343749996 0.44159848906250004 0.42916389375 0.366048709375 0.4045954375 0.3540142328125
311 0.3847315796875 0.3476627015625 0.391527109375 0.4155237859375 0.4166183 0.43156975781250007 0.40860305781250006 0.3576914328125 0.3847315796875 0.3476627015625
311 0.36295103281249996 0.33529393281250003 0.370443540625 0.40549505625000004 0.394140775 0.418866696875 0.38734524375 0.3479969921875 0.36295103281249996 0.33529393281250003
311 0.3455265953125 0.326602365625 0.349708459375 0.3961349046875 0.3737541828125 0.4061636375 0.3664359203125 0.33629680624999997 0.3455265953125 0.326602365625
311 0.2847191421875 0.2948447140625 0.2890752515625 0.3717316578125 0.3134694640625 0.3740716953125 0.3064996875 0.3042048640625 0.2847191421875 0.2948447140625
311 0.30353753437500003 0.3052077375 0.3091133546875 0.37507456875 0.3338560546875 0.3864404640625 0.32758325781250003 0.314902178125 0.30353753437500003 0.3052077375
311 0.353371425 0.39747206875 0.3450076953125 0.3229251625 0.32462110312500003 0.3189136703125 0.3303711671875 0.38577188281249997 0.353371425 0.39747206875
311 0.3965840296875 0.64852465625 0.42847074999999996 0.5903580109375001 0.40250833906250005 0.5823350265625 0.3706216171875 0.63749305 0.370578384375 0.637548346875 0.3965840296875 0.64852465625
311 0.26607499375 0.5769863671875 0.30109811249999996 0.524502671875 0.2768781453125 0.5094595734375 0.24464199375 0.567960509375 0.26607499375 0.5769863671875
311 0.3678327671875 0.5589346500000001 0.3380369796875 0.543891553125 0.30632450312500004 0.6003867421875 0.3058017703125 0.6007210328125 0.33037022656250004 0.6174355859375 0.3678327671875 0.5589346500000001
311 0.2815818015625 0.394797740625 0.28768035468750003 0.4680074828125 0.3145139890625 0.47970767031249995 0.305627525 0.4014835625 0.2815818015625 0.394797740625
311 0.322703475 0.411178003125 0.32932476093749996 0.48605919999999997 0.355461415625 0.4960879328125 0.34657495312500003 0.4215410265625 0.322703475 0.411178003125
311 0.30040019375 0.4024864359375 0.308066946875 0.47770192343750006 0.333506625 0.4803762515625 0.3253171390625 0.4145209140625 0.30040019375 0.4024864359375
311 0.4044240859375 0.4549701328125 0.41331054843750004 0.5321913671875 0.43805325 0.5418858078125 0.42829556562500004 0.4663360265625 0.4044240859375 0.4549701328125
