311 0.74296875 0.40546875 0.034765625 0.062109375
311 0.6881839421875 0.35670361562499997 0.6779174171875 0.418879421875 0.71030646875 0.4180741765625 0.7190686265624999 0.36354370468749997 0.6881839421875 0.35670361562499997
311 0.679358815625 0.3462753046875 0.6525170859375 0.3956553734375 0.677221084375 0.409375 0.6812627453125 0.409375 0.7062005453125 0.3533296015625 0.679358815625 0.3462753046875
311 0.6606133203125 0.34112854375 0.6275245515625001 0.3863435734375 0.65583986875 0.398871378125 0.6859175296875 0.3539455265625 0.6606133203125 0.34112854375
311 0.6355880484374999 0.3283311828125 0.608521603125 0.3788967546875 0.634686465625 0.3921875 0.6372151140625 0.3921875 0.66191201875 0.34057136093749996 0.6355880484374999 0.3283311828125
311 0.6102101421875 0.319058353125 0.5903342484375 0.3731418046875 0.6184855859375 0.3805831859375 0.6382633015625 0.3258011703125 0.6102101421875 0.319058353125
311 0.6020007625 0.3112695578125 0.5628958390625 0.358284428125 0.5877637874999999 0.37102322656250003 0.6226351718750001 0.3303717703125 0.6020007625 0.3112695578125
311 0.5753626390625 0.29981554843749997 0.544467659375 0.3483506421875 0.5723701718750001 0.3639409046875 0.5998147578124999 0.31098659687499997 0.5753626390625 0.29981554843749997
311 0.555367509375 0.295777771875 0.5210834015625 0.337262015625 0.5464528890625 0.3551287359375 0.5809573343750001 0.3086568890625 0.555367509375 0.295777771875
311 0.484375 0.32691777499999997 0.484375 0.32744650625 0.5078791171875 0.3390625 0.509668484375 0.3390625 0.534375 0.28976648437499997 0.534375 0.28668079999999996 0.511548828125 0.2749008890625 0.484375 0.32691777499999997
311 0.469090275 0.3201053984375 0.4889984046875 0.2648139953125 0.4628683859375 0.2596676890625 0.4414293390625 0.3123446734375 0.469090275 0.3201053984375
311 0.49178208437500004 0.2665085921875 0.4590469375 0.31413868749999996 0.483028371875 0.3251710203125 0.5124693875 0.280741275 0.49178208437500004 0.2665085921875
311 0.4001311703125 0.2889587921875 0.421640715625 0.30083928437499996 0.4546875 0.2568159109375 0.4546875 0.256490096875 0.431330925 0.2430387359375 0.4001311703125 0.2889587921875
311 0.6133246140625 0.4219539265625 0.61199059375 0.431767021875 0.6074747078125 0.5007624984375 0.6237528265625001 0.5078125 0.6272145703125 0.5078125 0.6335178781249999 0.43129446250000003 0.6133246140625 0.4219539265625
311 0.6344860999999999 0.5102700578125 0.6554532156249999 0.515625 0.65625 0.515625 0.65625 0.5074636406249999 0.6446640734375 0.4402442390625 0.6231772484375 0.4265625 0.623095703125 0.4265625 0.6232425234375001 0.4349738578125 0.6344860999999999 0.5102700578125
311 0.575 0.52123288125 0.575 0.5214188234375 0.601374071875 0.5936874875 0.6296875 0.6001123703125 0.6296875 0.5986701703125 0.5988277562500001 0.52663095625 0.575 0.52123288125
311 0.5550694125 0.5126046343749999 0.5840982343750001 0.590813509375 0.6046875 0.587120571875 0.6046875 0.5837959453125 0.5787546578125 0.512618503125 0.5550694125 0.5126046343749999
311 0.49539739843749997 0.37609375 0.472811153125 0.36965814531249996 0.481201034375 0.44547809374999997 0.4996977921875 0.4515625 0.5049672625 0.4515625 0.49588615 0.3831694125 0.49539739843749997 0.37609375
311 0.4534168875 0.3557649890625 0.43144473124999994 0.3504427046875 0.44069044375 0.43174084375 0.46534727499999995 0.4390625 0.465625 0.4390625 0.465625 0.437173540625 0.4534168875 0.3557649890625
311 0.5223797609374999 0.38162494062499996 0.52258914375 0.395429 0.5193777046875 0.4649141484375 0.5378536046875 0.4765625 0.5412096890625 0.4765625 0.5444845671875 0.4019319265625 0.5223797609374999 0.38162494062499996
311 0.4846526546875 0.3800133796875 0.512881815625 0.4562286609375 0.534375 0.4619025859375 0.534375 0.4588882234375 0.5064732734375 0.3818659671875 0.4846526546875 0.3800133796875
311 0.76300925 0.631124909375 0.714017740625 0.6243472203125 0.7181704171875001 0.6913564171875 0.7600996796875 0.70397633125 0.76300925 0.631124909375
311 0.7746569484375 0.5685541765625 0.7367617531249999 0.551835590625 0.7160817749999999 0.6150198687499999 0.754163084375 0.632511884375 0.7746569484375 0.5685541765625
311 0.7692476609375001 0.49081375156249996 0.72608105 0.48680097499999997 0.7282589046875 0.55388223125 0.7711207 0.5586298000000001 0.7692476609375001 0.49081375156249996
311 0.472323378125 0.6642943765625 0.49424130312500003 0.68125 0.49547908593749995 0.68125 0.5265625 0.6223013421875 0.5265625 0.6207795125 0.4991651078125 0.5965731421875 0.472323378125 0.6642943765625
311 0.4540539703125 0.5806569265625 0.453173128125 0.587040421875 0.42755772031249994 0.6436978343749999 0.45047437187500006 0.6546875 0.45269844218750005 0.6546875 0.48707893281250003 0.58867984375 0.4540539703125 0.5806569265625
311 0.4875 0.486772903125 0.4875 0.48712346718750005 0.5165187296875 0.5551190578125 0.5421875 0.558655821875 0.5421875 0.5572184609375 0.5128086421875 0.4855226328125 0.4875 0.486772903125
311 0.5530992875 0.575 0.5546875 0.575 0.5546875 0.5735389640624999 0.5432579640624999 0.49411277968749995 0.5194979656250001 0.4859375 0.5194969078125 0.4859375 0.5292210125000001 0.5608937765625 0.5530992875 0.575
311 0.461613678125 0.45726949375 0.45772133750000005 0.5312507156249999 0.4804128671875 0.55 0.4816489609375 0.55 0.48526420156250005 0.470490284375 0.461613678125 0.45726949375
311 0.537790853125 0.49526322343749996 0.5548795625 0.5737227375 0.5765625 0.585673275 0.5765625 0.580817653125 0.5602330156249999 0.5057732765625 0.537790853125 0.49526322343749996
311 0.5593610531250001 0.7055569968750001 0.5575250984375 0.705460778125 0.5838500921875001 0.7160235828125 0.61875 0.6524688671875001 0.61875 0.6502634015625001 0.595365796875 0.6368041625 0.5593610531250001 0.7055569968750001
311 0.6841882671875 0.6853277656250001 0.6443874125 0.7381689203125 0.67123951875 0.7568579171875001 0.7085367687499999 0.6998786609375001 0.6841882671875 0.6853277656250001
311 0.37861237812500004 0.2789035546875 0.397715609375 0.2890625 0.403295415625 0.2890625 0.4296875 0.2456597203125 0.4296875 0.24507617812500002 0.407377803125 0.2321346765625 0.37861237812500004 0.2789035546875
311 0.5377810640625 0.2820904734375 0.5027810781250001 0.329184628125 0.5183563359375001 0.341554378125 0.5536315265625 0.29882551562500004 0.5377810640625 0.2820904734375
311 0.7121713609375 0.3672099078125 0.70027563125 0.420126609375 0.7278598406250001 0.4282343234375 0.740743865625 0.3764335046875 0.7121713609375 0.3672099078125
311 0.3423850734375 0.6109375 0.3425015890625 0.6109375 0.3796875 0.5442677421875 0.3796875 0.5393505546874999 0.35057743750000003 0.534375 0.34971865156250004 0.534375 0.3160337703125 0.5952293296875 0.3423850734375 0.6109375
311 0.1087535875 0.111157334375 0.0854843203125 0.166601134375 0.1135197796875 0.1663767234375 0.1354713171875 0.117969153125 0.1087535875 0.111157334375
