311 0.4239060484375 0.3024691359375 0.45205920156249996 0.25154320937499997 0.4239060484375 0.23148148124999998 0.39333976875 0.29012345625 0.4239060484375 0.3024691359375
311 0.43954820625 0.3069940328125 0.46337195781249996 0.25824063750000004 0.44431295625 0.24681406093749997 0.4169156421875 0.2970909984375 0.43954820625 0.3069940328125
311 0.46575433281249995 0.25519355 0.43756289375 0.308517575 0.45979839375 0.316897065625 0.4856074578125 0.26585835625 0.46575433281249995 0.25519355
311 0.48163683281249997 0.3283236421875 0.509431209375 0.2749996171875 0.48401920781249996 0.2666201265625 0.46059251874999996 0.31384997812500004 0.48163683281249997 0.3283236421875
311 0.507048834375 0.27576138906250003 0.4788573953125 0.3260383265625 0.502284084375 0.337464903125 0.5300784593750001 0.28337910625 0.507048834375 0.27576138906250003
311 0.523725459375 0.345082621875 0.5511227734374999 0.2932821390625 0.527696084375 0.28337910625 0.500695834375 0.33594136093750004 0.523725459375 0.345082621875
311 0.5463580234375 0.35574742656249997 0.5721670875 0.30394694375000003 0.5483433359375 0.29404391093750004 0.523725459375 0.34279730625 0.5463580234375 0.35574742656249997
311 0.5697847109375 0.30242340156249997 0.5423873984375 0.35117679687500003 0.56621115 0.3664122328125 0.5920202125 0.31384997812500004 0.5697847109375 0.30242340156249997
311 0.589240775 0.31156466250000003 0.5642258359375 0.36488868750000003 0.587652525 0.37402995 0.6142557140625 0.3229912390625 0.589240775 0.31156466250000003
311 0.43599116718750003 0.4263171703125 0.461039578125 0.4358331796875 0.44888737812499996 0.3582777109375 0.424582978125 0.34828590312499996 0.425823 0.3530439078125 0.43599116718750003 0.4263171703125
311 0.44566332500000005 0.3578019109375 0.457815525 0.4329783765625 0.48187192031250003 0.4439217859375 0.46996772499999995 0.3649389171875 0.44566332500000005 0.3578019109375
311 0.46699167656249996 0.3687453203125 0.47839986406249996 0.44297018593750004 0.501712246875 0.45724419687499995 0.48980805156249996 0.3763581265625 0.46699167656249996 0.3687453203125
311 0.490304059375 0.3796887296875 0.5009682343749999 0.45248619375 0.5242806171875001 0.464857003125 0.512376421875 0.3906321390625 0.490304059375 0.3796887296875
311 0.59307170625 0.5912088625 0.5825051546875 0.5182292140625 0.5579139093750001 0.509383196875 0.5688646984375 0.5842057656249999 0.59307170625 0.5912088625
311 0.5702095328125 0.5794141734375 0.5573375515625 0.509383196875 0.5360123296875 0.498694259375 0.5463867625 0.572779659375 0.5702095328125 0.5794141734375
311 0.548500071875 0.572411075 0.5363965687500001 0.498694259375 0.515647703125 0.48911107343750004 0.5262142546875 0.5643022249999999 0.548500071875 0.572411075
311 0.5033520796875 0.5536132859375 0.5256378984375 0.559879215625 0.5164161796875 0.49095399375 0.4937461234375 0.48100222343750004 0.5033520796875 0.5536132859375
311 0.4812583828125 0.5425557640625 0.5045047953124999 0.5495588625 0.4929776484375 0.482107975 0.47146030625 0.4703132859375 0.4812583828125 0.5425557640625
311 0.58254725 0.521712134375 0.5912368984375 0.5929735671875 0.61645391875 0.6014726359375 0.602823096875 0.5282498796875 0.58254725 0.521712134375
311 0.6009488593750001 0.5308649796875 0.61168313125 0.5998382 0.6397967015625 0.61127925625 0.62412125625 0.5364220625 0.6009488593750001 0.5308649796875
311 0.5360567109375001 0.615520109375 0.5085511781250001 0.674067703125 0.5332459265625 0.6975637796874999 0.5659714859375 0.6332384609374999 0.5360567109375001 0.615520109375
311 0.4936941765625 0.6844676062499999 0.5240104921875 0.615520109375 0.49690650156249994 0.598957303125 0.4661886453125 0.6632826203125 0.4936941765625 0.6844676062499999
311 0.4679955765625 0.6617418953125 0.4932926359375 0.6012683921875001 0.4752233078125 0.592409215625 0.445509303125 0.6501864484375 0.4679955765625 0.6617418953125
311 0.4766287 0.5931795796875 0.4549455078125 0.5820093140625 0.451933953125 0.5862463124999999 0.4230230296875 0.6432531796875 0.4457100734375 0.6524975375000001 0.4766287 0.5931795796875
311 0.533065584375 0.6928716671874999 0.5568501140625 0.7048798421875 0.5860591875 0.64483896875 0.565821471875 0.6340316125000001 0.56436101875 0.633631340625 0.533065584375 0.6928716671874999
311 0.608174628125 0.652444146875 0.6102609906249999 0.6520438734375 0.5845987328125 0.6436381515625 0.5537205703125 0.7052801140625 0.577922375 0.7192896515625 0.608174628125 0.652444146875
311 0.6090091734375 0.6516436031249999 0.577296465625 0.716087471875 0.59962054375 0.730097009375 0.6275777984375 0.66405205 0.6090091734375 0.6516436031249999
311 0.6686791375000001 0.7565149921875001 0.6962191203125 0.6944727578125 0.673269134375 0.687267853125 0.6436427890624999 0.7453073625 0.6686791375000001 0.7565149921875001
311 0.3593737953125 0.61205905625 0.3893583578125 0.5524181953125 0.368192784375 0.540151634375 0.335783 0.602753390625 0.3593737953125 0.61205905625
311 0.338649171875 0.6014844359375 0.3662085109375 0.5435355140625 0.3468067359375 0.5329608921875 0.3157198 0.5904868296875 0.338649171875 0.6014844359375
311 0.3157198 0.5930247375000001 0.3457043625 0.5363447703124999 0.3267435359375 0.52280925625 0.2952156515625 0.5837190734375 0.3157198 0.5930247375000001
311 0.35650762343750003 0.48389465156250006 0.3463657875 0.411141259375 0.32630258749999996 0.404373503125 0.3340192015625 0.476280925 0.35650762343750003 0.48389465156250006
311 0.4378627953125 0.422138865625 0.427941434375 0.35107741406250004 0.40589396093749996 0.3409257765625 0.41603579843749994 0.4179090171875 0.4378627953125 0.422138865625
311 0.3860512359375 0.3350039890625 0.383185065625 0.3354269734375 0.3937678515625 0.40775738125 0.416917696875 0.4179090171875 0.4080987078125 0.3451556265625 0.3860512359375 0.3350039890625
311 0.3961930734375 0.405219471875 0.3838464890625 0.3311971265625 0.3648856640625 0.3256983234375 0.374807025 0.39591380625 0.3961930734375 0.405219471875
311 0.3549643 0.390415003125 0.37546845 0.3921069421875 0.3657675625 0.32527533750000004 0.34504293750000004 0.315123703125 0.34614531249999997 0.321891459375 0.3549643 0.390415003125
311 0.377893671875 0.2774780515625 0.40302779062500005 0.2292577796875 0.382964590625 0.218683159375 0.3558462 0.269864325 0.377893671875 0.2774780515625
311 0.402366365625 0.2309497203125 0.377893671875 0.2779010375 0.397736396875 0.2884756578125 0.422209090625 0.23687150781250002 0.402366365625 0.2309497203125
311 0.0869679390625 0.1542632671875 0.112705065625 0.106822471875 0.092519084375 0.0964952234375 0.0640904921875 0.1449041984375 0.0869679390625 0.1542632671875
311 0.11051825156249999 0.1084361046875 0.08562220625 0.15232690937499999 0.10446245624999999 0.160395071875 0.1300313671875 0.113277003125 0.11051825156249999 0.1084361046875
311 0.131040665625 0.11392245625 0.1036213734375 0.15942689062499998 0.12464843750000001 0.1716904984375 0.150385565625 0.12360425 0.131040665625 0.11392245625
311 0.15530032968750002 0.2941212828125 0.150426425 0.2252663 0.1289369359375 0.218040778125 0.1335893 0.2881708515625 0.15530032968750002 0.2941212828125
311 0.16792817499999999 0.2350420078125 0.16792817499999999 0.228666546875 0.1479894734375 0.22229108593750002 0.1550787890625 0.2945463140625 0.1728020796875 0.29539637500000004 0.16792817499999999 0.2350420078125
311 0.17302362031250001 0.2936962515625 0.1934054046875 0.309422390625 0.18742379375 0.23971734531250002 0.16593430468749998 0.22909157812499997 0.1677066328125 0.23674213125 0.17302362031250001 0.2936962515625
311 0.18743205937500002 0.241915215625 0.19358858750000002 0.3092840109375 0.2159345015625 0.31803320468749996 0.20840985625 0.25678884687500003 0.18743205937500002 0.241915215625
311 0.196324821875 0.4142743390625 0.2177586578125 0.4225860734375 0.21137411093749997 0.3499677625 0.1903963140625 0.3346566734375 0.189256215625 0.3368439734375 0.196324821875 0.4142743390625
311 0.613386325 0.3242396265625 0.5861187109375 0.3734453203125 0.609066703125 0.384840325 0.634984434375 0.33304485625 0.613386325 0.3242396265625
311 0.6333645765625 0.332008946875 0.60852675 0.381732596875 0.6309347890625 0.393645553125 0.6546927109375 0.34133213125 0.6333645765625 0.332008946875
311 0.6546927109375 0.34288599531249997 0.62796505 0.391573734375 0.6501031125 0.4029687375 0.67602084375 0.3501373609375 0.6546927109375 0.34288599531249997
311 0.67602084375 0.35065531562499996 0.6501031125 0.3988251 0.6738610328125 0.41229192187499997 0.69788893125 0.35842463593749996 0.67602084375 0.35065531562499996
311 0.6968090250000001 0.3594605453125 0.672241175 0.4128098765625 0.6930293562500001 0.42265101562499996 0.7192170640625 0.37033759375 0.6968090250000001 0.3594605453125
311 0.7197570171875001 0.369301684375 0.6951891671875 0.42109715156250005 0.714627465625 0.43145624375 0.7400052453125 0.381732596875 0.7197570171875001 0.369301684375
311 0.7400191234375 0.3757188609375 0.7134818984375 0.429208853125 0.7363240671875 0.44209800781249997 0.762189465625 0.3886080140625 0.7400191234375 0.3757188609375
311 0.4847242828125 0.5452112453125 0.472967284375 0.46529848593749995 0.449117371875 0.45820945 0.4591948 0.5355443796875 0.4847242828125 0.5452112453125
311 0.512550546875 0.38900629531250003 0.5241370546875 0.46388269375 0.5412119093750001 0.46329772187499996 0.53145485 0.39368606875 0.512550546875 0.38900629531250003
311 0.56408001875 0.474997159375 0.5558474999999999 0.40655545000000004 0.533894115625 0.396610928125 0.5454806234375 0.469147440625 0.56408001875 0.474997159375
311 0.6119505937499999 0.50015095 0.632989253125 0.508925528125 0.620488021875 0.43346415625 0.5957904640625 0.4270294671875 0.598229728125 0.43697398749999994 0.5994493609375 0.444578621875 0.6119505937499999 0.50015095
311 0.6424414046875 0.44516359375 0.6177438484375 0.425859521875 0.6183536640625 0.4381439328125 0.6305499890624999 0.5095105 0.6567720875 0.5212099375 0.6424414046875 0.44516359375