311 0.3419649984375 0.21405147812499997 0.31503910625 0.261069490625 0.3443559828125 0.27587326874999996 0.3708479796875 0.2189682625 0.3419649984375 0.21405147812499997
311 0.3625906421875 0.288245825 0.3856767359375 0.2331136515625 0.362105359375 0.22438617343749998 0.3408493375 0.2768032828125 0.3625906421875 0.288245825
311 0.4099073921875 0.2488254203125 0.389268078125 0.23638024375 0.35447875624999997 0.2775855125 0.376132815625 0.2918598140625 0.4099073921875 0.2488254203125
311 0.4148051453125 0.31192525937500004 0.45116046093750006 0.268973753125 0.42326538593749996 0.2565253140625 0.39593485 0.3002314875 0.4148051453125 0.31192525937500004
311 0.47093834687499997 0.2738779234375 0.43928399375 0.318940865625 0.4580051640625 0.334375 0.45812213125 0.334375 0.48890516718750004 0.2885207265625 0.47093834687499997 0.2738779234375
311 0.26710636718749997 0.5776685687499999 0.29098945 0.590326190625 0.31875 0.5393039875000001 0.31875 0.5379253953124999 0.2987036265625 0.520350009375 0.26710636718749997 0.5776685687499999
311 0.33851523906250003 0.611649896875 0.3605441734375 0.5499573703125 0.33526770625 0.543765409375 0.312203878125 0.6018372421875 0.33851523906250003 0.611649896875
311 0.3977978578125 0.6519230109375 0.4262211609375 0.5932162171875001 0.404158409375 0.57674735 0.3731605 0.6400412640625001 0.3977978578125 0.6519230109375
311 0.5157312968750001 0.508076975 0.5156005640625 0.5155666234375 0.526395240625 0.5906743421875 0.5389811328125 0.5953125 0.54326435625 0.5953125 0.53423455625 0.521885425 0.5157312968750001 0.508076975
311 0.46239262343750004 0.4757280828125 0.45242421562499996 0.551215775 0.46609025312499996 0.5640625 0.46827971875 0.5640625 0.476870928125 0.4870580359375 0.46239262343750004 0.4757280828125
311 0.42620492343749994 0.4674066984375 0.4407781234375 0.54147844375 0.4578125 0.54904584375 0.4578125 0.5400599484375 0.4452427515625 0.47658815624999995 0.42620492343749994 0.4674066984375
311 0.43699304375 0.5421875 0.437390546875 0.5421875 0.4306811125 0.46924222968749996 0.4110920765625 0.45625 0.4110345234375 0.45625 0.4140526015625 0.5328799562500001 0.43699304375 0.5421875
311 0.22542774375 0.5556712765625 0.24710341093750002 0.5703125 0.2486506484375 0.5703125 0.2828125 0.5143176875 0.2828125 0.5112957109375 0.2567930578125 0.5037752531249999 0.22542774375 0.5556712765625
311 0.3453125 0.32649652812499996 0.3453125 0.330502915625 0.355893978125 0.3990887875 0.3765625 0.40452335 0.3765625 0.39998798125 0.36671608125 0.3370128640625 0.3453125 0.32649652812499996
311 0.5113563421875 0.296790759375 0.47986192031249997 0.3424388859375 0.50183246875 0.3537865453125 0.53076214375 0.3101284671875 0.5113563421875 0.296790759375
311 0.5022783578125 0.352172125 0.5273852515625 0.3654896328125 0.553125 0.31980983125 0.553125 0.319538215625 0.531806771875 0.310963553125 0.5022783578125 0.352172125
311 0.550823496875 0.3771861546875 0.5693626015625 0.3293227671875 0.5459501765625 0.3193747984375 0.5290352015625001 0.3715010796875 0.550823496875 0.3771861546875
311 0.5707134984375 0.38899997656249996 0.58932016875 0.336755915625 0.566972275 0.330436065625 0.5475112390625 0.379781778125 0.5707134984375 0.38899997656249996
