311 0.4888242375 0.07080333125 0.4831503296875 0.030908690625000002 0.44375 0.007826145312500001 0.44375 0.0106546078125 0.44974089375000004 0.044630653125 0.4888242375 0.07080333125
311 0.44375 0.0460411546875 0.44375 0.048033778124999996 0.4525808140625 0.08368778437499999 0.4890625 0.103968578125 0.4890625 0.10255812500000001 0.48086582968749997 0.0641332640625 0.44375 0.0460411546875
311 0.4528357265625 0.11888723593749999 0.49061492187500005 0.141807478125 0.48323400312500003 0.10154760625 0.445337065625 0.08105466875 0.4528357265625 0.11888723593749999
311 0.44643341562499994 0.11911287500000001 0.4557209015625 0.1560339640625 0.490625 0.1756943390625 0.490625 0.1701692375 0.48317162812500003 0.1360236171875 0.44643341562499994 0.11911287500000001
311 0.6014249828125 0.596681759375 0.582940125 0.648430321875 0.5939827234374999 0.6859375 0.5949904140625 0.6859375 0.6174358359375 0.6391872234375 0.6014249828125 0.596681759375
311 0.46313908125000003 0.1831172453125 0.4512275921875 0.222780453125 0.47894111562499997 0.259375 0.48075249218750005 0.259375 0.4913004234375 0.2236662390625 0.46313908125000003 0.1831172453125
311 0.5113605734375 0.184375 0.5116656796875 0.184375 0.546875 0.143609390625 0.546875 0.10109085312499999 0.51161365625 0.141891478125 0.5113605734375 0.184375
311 0.56121616875 0.29634605937499997 0.6014730140625 0.2611633 0.603437021875 0.21867692500000002 0.566996471875 0.253435078125 0.56121616875 0.29634605937499997
311 0.6028642765625001 0.297473003125 0.5690517390625 0.3366043171875 0.566182315625 0.3740836875 0.6037541125 0.33807701875 0.6028642765625001 0.297473003125
311 0.5987691984375 0.36721493125000004 0.5735283578125 0.415531971875 0.5852340468749999 0.4515625 0.58537589375 0.4515625 0.6072354703125 0.41115675312500005 0.5987691984375 0.36721493125000004
311 0.6247866140625 0.6795253703124999 0.5868647953125 0.7240928828125 0.585905140625 0.76981415625 0.62201065625 0.7298892578125 0.6247866140625 0.6795253703124999
311 0.5725795171875 0.811173859375 0.5348185015625 0.8646548703124999 0.54116238125 0.90625 0.5417096703125 0.90625 0.5777985625000001 0.85438719375 0.5725795171875 0.811173859375
311 0.529042890625 0.8132549109375 0.5741755296875 0.7701088234375 0.5755352046875 0.7265765609375 0.534748609375 0.7655286828125 0.529042890625 0.8132549109375
311 0.47667734062499995 0.7795974125 0.4707213484375 0.8220293234374999 0.5029178812499999 0.859375 0.5044510515625 0.859375 0.5091584484375 0.814587115625 0.47667734062499995 0.7795974125
311 0.46744340468749995 0.742348084375 0.471619490625 0.784499575 0.5109375 0.8114167234374999 0.5109375 0.8053697203124999 0.504949978125 0.7669846453125 0.46744340468749995 0.742348084375
311 0.5117905656249999 0.9921875 0.5122635 0.9921875 0.5136739203125 0.9465114390625 0.478471765625 0.9125 0.47821415937499995 0.9125 0.4775856 0.9574843703125 0.5117905656249999 0.9921875