123 0.4625 0.58125 0.1875 0.128125
123 0.9328125 0.5953125 0.1109375 0.1609375
123 0.2984375 0.6 0.1734375 0.1453125
123 0.65625 0.6828125 0.1453125 0.103125
123 0.265625 0.725 0.1828125 0.1109375
123 0.66875 0.7625 0.2453125 0.075
123 0.128125 0.265625 0.1375 0.1109375
123 0.2203125 0.353125 0.09375 0.1109375
123 0.1234375 0.3640625 0.10625 0.125
123 0.5015625 0.428125 0.1421875 0.09375
123 0.359375 0.44375 0.128125 0.103125
123 0.196875 0.45625 0.1 0.1203125
123 0.078125 0.46875 0.134375 0.1203125
123 0.6859375 0.5421875 0.1828125 0.128125
