65 0.0640625 0.80625 0.10625 0.2421875
65 0.171875 0.8234375 0.1140625 0.246875
65 0.2734375 0.834375 0.103125 0.2265625
65 0.36875 0.796875 0.090625 0.2625
65 0.459375 0.79375 0.0890625 0.2796875
65 0.54375 0.8125 0.0984375 0.2703125
65 0.65 0.8171875 0.1234375 0.265625
65 0.6171875 0.76875 0.075 0.3390625
65 0.815625 0.83125 0.1140625 0.2734375
65 0.921875 0.8265625 0.1140625 0.296875
65 0.921875 0.625 0.065625 0.1609375
65 0.80625 0.603125 0.0671875 0.1421875
65 0.65625 0.640625 0.1640625 0.5796875
65 0.459375 0.59375 0.1234375 0.2421875
65 0.44375 0.4484375 0.1453125 0.3875
65 0.76875 0.4046875 0.1390625 0.3625
65 0.1046875 0.4375 0.121875 0.4828125
65 0.2125 0.459375 0.171875 0.4953125
65 0.346875 0.45625 0.1390625 0.3265625
65 0.321875 0.671875 0.078125 0.2640625
65 0.884375 0.3296875 0.0859375 0.228125
65 0.90625 0.496875 0.1421875 0.3546875
65 0.575 0.428125 0.0953125 0.3578125
65 0.965625 0.3 0.065625 0.1921875
65 0.03125 0.403125 0.059375 0.2734375
