65 0.515625 0.878125 0.2578125 0.2390625
65 0.084375 0.803125 0.1640625 0.3734375
65 0.171875 0.540625 0.1640625 0.346875
65 0.496875 0.6359375 0.178125 0.4375
65 0.9078125 0.58125 0.171875 0.390625
65 0.3109375 0.484375 0.14375 0.2703125
65 0.553125 0.475 0.125 0.315625
65 0.0453125 0.559375 0.090625 0.290625
65 0.721875 0.346875 0.14375 0.2234375
65 0.8203125 0.409375 0.1125 0.2859375
65 0.1828125 0.425 0.125 0.2421875
65 0.9140625 0.415625 0.1625 0.1921875
65 0.6625 0.26875 0.0734375 0.2046875
65 0.403125 0.375 0.11875 0.2046875
65 0.146875 0.3359375 0.0765625 0.19375
65 0.084375 0.28125 0.0765625 0.1875
65 0.528125 0.296875 0.1578125 0.1765625
65 0.234375 0.3171875 0.0765625 0.20625
65 0.328125 0.23125 0.078125 0.1671875
65 0.9484375 0.2703125 0.1 0.103125
65 0.821875 0.221875 0.0875 0.0921875
65 0.921875 0.225 0.1078125 0.140625
65 0.784375 0.1515625 0.0609375 0.084375
65 0.96875 0.1578125 0.059375 0.10625
65 0.6015625 0.159375 0.06875 0.0828125
65 0.525 0.1875 0.0828125 0.0859375
65 0.175 0.203125 0.0640625 0.0921875
65 0.2734375 0.103125 0.053125 0.0953125
65 0.728125 0.1875 0.0703125 0.1125
65 0.440625 0.19375 0.0578125 0.1
65 0.85625 0.1484375 0.0515625 0.1
65 0.034375 0.296875 0.0671875 0.1640625
65 0.0453125 0.1328125 0.053125 0.103125
