65 0.05625 0.5375 0.109375 0.4203125
65 0.278125 0.7375 0.2796875 0.175
65 0.596875 0.621875 0.1171875 0.321875
65 0.484375 0.5890625 0.3453125 0.48125
65 0.675 0.6 0.2546875 0.3875
65 0.88125 0.6296875 0.1375 0.453125
65 0.9578125 0.6 0.08125 0.3953125
65 0.9140625 0.35625 0.1625 0.275
65 0.8875 0.29375 0.1328125 0.403125
65 0.45 0.296875 0.1578125 0.3921875
65 0.621875 0.3125 0.1234375 0.2203125
65 0.7109375 0.234375 0.121875 0.3421875
65 0.075 0.3203125 0.1484375 0.190625
65 0.146875 0.4125 0.1296875 0.3640625
65 0.2609375 0.54375 0.1125 0.471875
65 0.3625 0.5375 0.0953125 0.3921875
65 0.378125 0.2875 0.1203125 0.134375
