65 0.1046875 0.815625 0.13125 0.3640625
65 0.05625 0.684375 0.078125 0.2171875
65 0.1640625 0.759375 0.115625 0.4796875
65 0.240625 0.75 0.1203125 0.4984375
65 0.3484375 0.8015625 0.184375 0.39375
65 0.33125 0.9515625 0.1375 0.09375
65 0.5 0.871875 0.1734375 0.2546875
65 0.565625 0.528125 0.1984375 0.940625
65 0.425 0.7 0.1140625 0.509375
65 0.89375 0.64375 0.1328125 0.4265625
65 0.840625 0.896875 0.134375 0.203125
65 0.7515625 0.5265625 0.1 0.225
65 0.725 0.8125 0.134375 0.3734375
65 0.28125 0.5390625 0.090625 0.2625
65 0.0625 0.528125 0.09375 0.1546875
65 0.153125 0.475 0.084375 0.1671875
65 0.684375 0.59375 0.0875 0.290625
65 0.690625 0.390625 0.0765625 0.2234375
65 0.8921875 0.378125 0.084375 0.2046875
65 0.3375 0.5 0.0859375 0.3296875
65 0.06875 0.325 0.084375 0.2546875
