89 0.940625 0.79375 0.0453125 0.0703125
89 0.921875 0.73125 0.0328125 0.0484375
89 0.878125 0.7390625 0.025 0.05
89 0.878125 0.6875 0.04375 0.065625
89 0.925 0.621875 0.034375 0.0671875
89 0.884375 0.628125 0.0328125 0.05625
89 0.84375 0.6375 0.0375 0.06875
89 0.896875 0.63125 0.034375 0.053125
89 0.96875 0.5671875 0.0296875 0.0609375
89 0.9140625 0.675 0.028125 0.0484375
89 0.9546875 0.50625 0.028125 0.0640625
89 0.83125 0.703125 0.025 0.05625
89 0.8140625 0.690625 0.0390625 0.065625
89 0.79375 0.675 0.0359375 0.059375
89 0.91875 0.53125 0.0234375 0.0484375
89 0.9015625 0.53125 0.025 0.0484375
89 0.865625 0.578125 0.0234375 0.053125
89 0.828125 0.609375 0.025 0.065625
89 0.815625 0.609375 0.034375 0.0609375
89 0.921875 0.4765625 0.025 0.0484375
89 0.896875 0.4859375 0.028125 0.0515625
89 0.8640625 0.525 0.0265625 0.0609375
89 0.8515625 0.503125 0.0328125 0.0625
89 0.88125 0.4453125 0.0203125 0.0578125
89 0.9484375 0.4203125 0.021875 0.046875
89 0.9 0.390625 0.01875 0.046875
89 0.990625 0.396875 0.01875 0.0484375
89 0.8 0.534375 0.0375 0.05625
89 0.759375 0.75625 0.0359375 0.0734375
89 0.740625 0.759375 0.0359375 0.0734375
89 0.709375 0.771875 0.034375 0.0546875
89 0.703125 0.715625 0.034375 0.06875
89 0.7 0.6609375 0.05 0.084375
89 0.74375 0.6 0.03125 0.0515625
89 0.559375 0.84375 0.0421875 0.059375
89 0.725 0.6703125 0.0359375 0.1
89 0.709375 0.53125 0.034375 0.053125
89 0.6875 0.4625 0.0296875 0.04375
89 0.6625 0.4890625 0.0203125 0.04375
89 0.65625 0.546875 0.034375 0.0546875
89 0.61875 0.51875 0.0359375 0.0578125
89 0.5984375 0.571875 0.0390625 0.040625
89 0.5703125 0.559375 0.04375 0.075
89 0.625 0.6625 0.0375 0.0546875
89 0.471875 0.571875 0.040625 0.0484375
89 0.63125 0.71875 0.0328125 0.0640625
89 0.6203125 0.759375 0.04375 0.09375
89 0.55625 0.709375 0.034375 0.0515625
89 0.503125 0.778125 0.075 0.090625
89 0.434375 0.78125 0.0609375 0.065625
89 0.4125 0.8296875 0.046875 0.04375
89 0.3296875 0.8359375 0.0453125 0.059375
89 0.390625 0.903125 0.059375 0.0828125
89 0.2265625 0.778125 0.0546875 0.0625
