82 0.834375 0.28125 0.3 0.2578125
82 0.45625 0.421875 0.3375 0.21875
82 0.390625 0.725 0.1984375 0.234375
82 0.628125 0.578125 0.19375 0.175
82 0.9109375 0.46875 0.178125 0.1953125
82 0.63125 0.2375 0.2140625 0.1765625
82 0.7875 0.121875 0.259375 0.1171875
82 0.3640625 0.21875 0.2109375 0.246875
82 0.19375 0.1 0.203125 0.15625
82 0.390625 0.059375 0.2171875 0.10625
82 0.7515625 0.66875 0.1578125 0.1046875
82 0.578125 0.6953125 0.1859375 0.084375
82 0.9234375 0.5984375 0.153125 0.096875
82 0.76875 0.525 0.1828125 0.1546875
82 0.775 0.8546875 0.2609375 0.1375
82 0.9375 0.8703125 0.1234375 0.153125
82 0.9 0.7609375 0.140625 0.1328125
82 0.40625 0.875 0.259375 0.11875
82 0.228125 0.834375 0.1921875 0.165625
82 0.275 0.553125 0.2140625 0.1859375
82 0.221875 0.375 0.1953125 0.2046875
82 0.1875 0.7109375 0.13125 0.1328125
82 0.13125 0.628125 0.1234375 0.04375
82 0.2515625 0.625 0.1453125 0.065625
