82 0.5125 0.0953125 0.20625 0.190625
82 0.534375 0.803125 0.0859375 0.2109375
82 0.121875 0.76875 0.2078125 0.2640625
82 0.15 0.521875 0.1578125 0.253125
82 0.3 0.178125 0.178125 0.2546875
82 0.78125 0.221875 0.3359375 0.2484375
82 0.703125 0.1234375 0.103125 0.1015625
82 0.8828125 0.765625 0.1828125 0.134375
82 0.696875 0.7046875 0.196875 0.2046875
82 0.521875 0.5625 0.0984375 0.2515625
82 0.3375 0.546875 0.128125 0.2734375
82 0.24375 0.3 0.1578125 0.2734375
82 0.4109375 0.35625 0.3265625 0.2375
82 0.7109375 0.51875 0.2765625 0.2359375
