82 0.1875 0.3421875 0.1609375 0.3015625
82 0.265625 0.728125 0.18125 0.3015625
82 0.125 0.815625 0.18125 0.2609375
82 0.490625 0.8578125 0.4515625 0.1890625
82 0.63125 0.675 0.4109375 0.196875
82 0.5015625 0.503125 0.43125 0.21875
82 0.109375 0.1453125 0.2015625 0.290625
82 0.3890625 0.075 0.359375 0.14375
82 0.74296875 0.040625 0.3296875 0.08125
82 0.759375 0.121875 0.3609375 0.1640625
82 0.66875 0.3375 0.5609375 0.2359375
82 0.9109375 0.55625 0.13125 0.2578125
82 0.4078125 0.378125 0.2796875 0.1078125
82 0.353125 0.28125 0.15 0.1
82 0.134375 0.5625 0.2671875 0.278125
82 0.840625 0.8 0.1921875 0.2421875
82 0.740625 0.7671875 0.109375 0.0953125
