82 0.534375 0.8296875 0.1109375 0.059375
82 0.184375 0.675 0.1703125 0.15
82 0.6453125 0.8796875 0.109375 0.0796875
82 0.3546875 0.784375 0.05 0.05
82 0.4203125 0.8203125 0.040625 0.0796875
82 0.1953125 0.8453125 0.0703125 0.090625
82 0.2796875 0.75 0.0390625 0.0796875
82 0.2046875 0.759375 0.0703125 0.1
82 0.25 0.8453125 0.0609375 0.1109375
82 0.259375 0.584375 0.1203125 0.1296875
82 0.2296875 0.4296875 0.1 0.0796875
82 0.2953125 0.309375 0.0703125 0.140625
82 0.2 0.2953125 0.1 0.1109375
82 0.365625 0.525 0.0703125 0.0703125
82 0.475 0.559375 0.0703125 0.0796875
82 0.390625 0.6203125 0.0609375 0.1203125
82 0.5 0.3796875 0.0609375 0.0796875
82 0.440625 0.390625 0.040625 0.0609375
82 0.434375 0.325 0.090625 0.109375
82 0.6 0.425 0.059375 0.1703125
82 0.675 0.3796875 0.0703125 0.1390625
82 0.7453125 0.4 0.109375 0.0796875
82 0.8046875 0.625 0.090625 0.1296875
82 0.6203125 0.725 0.1 0.1109375
82 0.65 0.559375 0.1 0.1
82 0.7546875 0.515625 0.0703125 0.15
