82 0.30625 0.6171875 0.3953125 0.159375
82 0.4 0.84375 0.2328125 0.1140625
82 0.6859375 0.4625 0.284375 0.165625
82 0.4453125 0.15 0.2671875 0.2859375
82 0.73125 0.24375 0.1625 0.103125
82 0.9140625 0.3625 0.1125 0.1125
82 0.6484375 0.54375 0.2953125 0.165625
82 0.55625 0.80625 0.1421875 0.0828125
82 0.546875 0.9625 0.1921875 0.0546875
82 0.78125 0.796875 0.1734375 0.115625
82 0.575 0.646875 0.1125 0.103125
82 0.109375 0.7375 0.21875 0.084375
82 0.7171875 0.0875 0.321875 0.078125
82 0.503125 0.5578125 0.2625 0.10625
82 0.8375 0.38125 0.0828125 0.121875
