82 0.06875 0.303125 0.1109375 0.065625
82 0.659375 0.871875 0.0421875 0.0515625
82 0.4828125 0.765625 0.121875 0.046875
82 0.571875 0.634375 0.1109375 0.0765625
82 0.503125 0.50625 0.0515625 0.04375
82 0.575 0.48125 0.071875 0.04375
82 0.3125 0.5125 0.090625 0.0140625
82 0.3390625 0.4875 0.040625 0.021875
82 0.403125 0.50625 0.05 0.0328125
82 0.3625 0.584375 0.090625 0.034375
82 0.3625 0.559375 0.05 0.0234375
82 0.3828125 0.540625 0.05 0.0234375
82 0.3671875 0.34375 0.090625 0.034375
82 0.39375 0.3 0.059375 0.0234375
82 0.44375 0.2484375 0.040625 0.0109375
82 0.440625 0.203125 0.109375 0.0265625
82 0.4625 0.159375 0.0703125 0.0328125
82 0.2296875 0.4328125 0.08125 0.0453125
