82 0.625 0.6 0.15 0.2796875
82 0.1296875 0.540625 0.2203125 0.1796875
82 0.284375 0.665625 0.1109375 0.25
82 0.2203125 0.3796875 0.140625 0.2
82 0.3 0.3 0.1390625 0.1390625
82 0.475 0.440625 0.1296875 0.0796875
82 0.6203125 0.415625 0.1796875 0.090625
82 0.7296875 0.3546875 0.059375 0.2296875
82 0.859375 0.515625 0.2203125 0.1703125
82 0.565625 0.859375 0.15 0.1
82 0.440625 0.8546875 0.1 0.090625
82 0.515625 0.925 0.0703125 0.090625
82 0.575 0.175 0.090625 0.190625
82 0.4453125 0.1046875 0.15 0.1703125
82 0.590625 0.2796875 0.1 0.0609375
82 0.5046875 0.2203125 0.0703125 0.1203125
82 0.4703125 0.240625 0.1 0.1
82 0.359375 0.625 0.0796875 0.15
