82 0.73125 0.821875 0.0734375 0.053125
82 0.709375 0.8875 0.065625 0.0828125
82 0.496875 0.484375 0.0515625 0.03125
82 0.8359375 0.54375 0.0640625 0.0625
82 0.86875 0.59375 0.0609375 0.0234375
82 0.884375 0.4703125 0.09375 0.053125
82 0.828125 0.6421875 0.075 0.0625
82 0.775 0.246875 0.0640625 0.0734375
82 0.628125 0.2203125 0.075 0.0734375
82 0.75625 0.6890625 0.084375 0.0625
82 0.815625 0.40625 0.103125 0.0546875
82 0.78125 0.33125 0.1046875 0.0640625
82 0.534375 0.6453125 0.08125 0.0328125
82 0.5203125 0.6 0.0625 0.04375
82 0.5328125 0.55625 0.0515625 0.03125
82 0.55 0.5109375 0.053125 0.0421875
82 0.703125 0.5671875 0.09375 0.04375
82 0.75 0.51875 0.0546875 0.0609375
82 0.584375 0.4578125 0.0546875 0.071875
