82 0.95859375 0.53203125 0.0828125 0.1234375
82 0.4125 0.45 0.134375 0.134375
82 0.3890625 0.603125 0.075 0.103125
82 0.2484375 0.471875 0.1828125 0.0765625
82 0.809375 0.3484375 0.25625 0.15
82 0.95234375 0.6875 0.0953125 0.1125
82 0.6625 0.7171875 0.1125 0.0734375
82 0.334375 0.215625 0.0765625 0.153125
82 0.3859375 0.159375 0.1078125 0.19375
82 0.734375 0.5 0.134375 0.1140625
82 0.85625 0.559375 0.0734375 0.0828125
82 0.8609375 0.659375 0.053125 0.08125
82 0.790625 0.6625 0.0734375 0.09375
82 0.771875 0.5625 0.0625 0.071875
82 0.51875 0.4671875 0.146875 0.1640625
82 0.584375 0.6046875 0.0609375 0.0515625
82 0.81875 0.721875 0.1453125 0.1140625
82 0.603125 0.196875 0.15625 0.175
82 0.85625 0.159375 0.265625 0.16875
