82 0.3796875 0.4203125 0.1390625 0.0609375
82 0.0703125 0.215625 0.1203125 0.1109375
82 0.4703125 0.259375 0.1609375 0.0796875
82 0.634375 0.7953125 0.090625 0.1109375
82 0.5796875 0.459375 0.0796875 0.1
82 0.5703125 0.1453125 0.1796875 0.190625
82 0.684375 0.2703125 0.2296875 0.1
82 0.734375 0.4796875 0.25 0.0609375
82 0.4703125 0.6453125 0.1609375 0.090625
82 0.525 0.7546875 0.2703125 0.090625
82 0.275 0.8296875 0.1890625 0.1203125
82 0.7203125 0.7 0.0796875 0.1
82 0.9203125 0.5453125 0.140625 0.1109375
82 0.8203125 0.684375 0.1 0.1296875
82 0.7546875 0.540625 0.15 0.140625
