82 0.409375 0.840625 0.1 0.1203125
82 0.315625 0.865625 0.109375 0.1109375
82 0.7546875 0.559375 0.090625 0.1203125
82 0.3953125 0.4203125 0.090625 0.1796875
82 0.365625 0.5453125 0.109375 0.1296875
82 0.1953125 0.425 0.090625 0.190625
82 0.2546875 0.55 0.1109375 0.1203125
82 0.825 0.1203125 0.090625 0.2
82 0.5953125 0.1203125 0.090625 0.2
82 0.4203125 0.225 0.1203125 0.1296875
82 0.3546875 0.109375 0.090625 0.2
82 0.3 0.225 0.1203125 0.1296875
82 0.190625 0.2203125 0.1 0.1203125
82 0.140625 0.109375 0.1 0.1796875
82 0.0796875 0.2296875 0.1203125 0.1390625
