82 0.678125 0.703125 0.1234375 0.2390625
82 0.4921875 0.521875 0.1515625 0.190625
82 0.3453125 0.459375 0.1546875 0.2515625
82 0.1078125 0.475 0.1640625 0.2625
82 0.178125 0.746875 0.2140625 0.25625
82 0.378125 0.653125 0.21875 0.1765625
82 0.3734375 0.74375 0.1609375 0.1921875
82 0.2296875 0.45625 0.1796875 0.184375
82 0.25 0.2875 0.1375 0.140625
82 0.36875 0.20625 0.15 0.1609375
82 0.6078125 0.271875 0.1515625 0.190625
82 0.7375 0.45625 0.1328125 0.21875
82 0.8421875 0.45625 0.1234375 0.259375
82 0.89375 0.60625 0.1390625 0.1703125
82 0.7875 0.6375 0.109375 0.1671875
82 0.859375 0.778125 0.2140625 0.265625
82 0.759375 0.9203125 0.153125 0.159375
82 0.1984375 0.121875 0.1609375 0.203125
82 0.0640625 0.30625 0.128125 0.209375
