82 0.309375 0.9203125 0.2796875 0.1203125
82 0.615625 0.809375 0.1296875 0.140625
82 0.384375 0.4796875 0.1109375 0.2
82 0.815625 0.334375 0.2109375 0.109375
82 0.6796875 0.45 0.1203125 0.1796875
82 0.625 0.365625 0.1109375 0.109375
82 0.725 0.265625 0.15 0.0703125
82 0.2203125 0.3 0.140625 0.1
82 0.3203125 0.3796875 0.1609375 0.2609375
82 0.540625 0.4453125 0.140625 0.2296875
82 0.525 0.5796875 0.1703125 0.1203125
82 0.375 0.7453125 0.2703125 0.2109375
82 0.8953125 0.6796875 0.1703125 0.2609375
82 0.765625 0.840625 0.25 0.2609375
