82 0.290625 0.659375 0.1203125 0.1609375
82 0.534375 0.684375 0.15 0.2109375
82 0.5453125 0.509375 0.1296875 0.1203125
82 0.409375 0.4203125 0.1203125 0.140625
82 0.340625 0.4203125 0.0609375 0.1
82 0.275 0.415625 0.0703125 0.1296875
82 0.2296875 0.534375 0.1203125 0.15
82 0.559375 0.4 0.1203125 0.1
82 0.5046875 0.3203125 0.0703125 0.140625
82 0.584375 0.309375 0.090625 0.1203125
82 0.725 0.3203125 0.1296875 0.1203125
82 0.75 0.4046875 0.140625 0.090625
82 0.825 0.3453125 0.0703125 0.0703125
82 0.7453125 0.55 0.15 0.1
82 0.8453125 0.559375 0.0703125 0.1
82 0.8296875 0.6796875 0.1 0.1609375
82 0.465625 0.825 0.190625 0.1703125
82 0.290625 0.825 0.1796875 0.1703125
82 0.1046875 0.6796875 0.1109375 0.140625
82 0.065625 0.559375 0.090625 0.1203125
