82 0.915625 0.36875 0.121875 0.0984375
82 0.896875 0.4625 0.171875 0.1328125
82 0.915625 0.8296875 0.121875 0.078125
82 0.4765625 0.51875 0.171875 0.0828125
82 0.640625 0.590625 0.1015625 0.096875
82 0.4640625 0.9375 0.08125 0.0765625
82 0.58125 0.8875 0.1515625 0.140625
82 0.653125 0.471875 0.08125 0.0765625
82 0.1890625 0.36875 0.2109375 0.084375
82 0.115625 0.253125 0.2015625 0.084375
82 0.2125 0.159375 0.1921875 0.084375
82 0.29375 0.075 0.13125 0.1
82 0.4078125 0.16875 0.2015625 0.1140625
82 0.440625 0.28125 0.13125 0.0890625
82 0.60625 0.328125 0.18125 0.0828125
82 0.403125 0.375 0.121875 0.0578125
82 0.371875 0.446875 0.2421875 0.0765625
82 0.125 0.5546875 0.2109375 0.1046875
82 0.090625 0.653125 0.1796875 0.125
82 0.40625 0.859375 0.121875 0.0671875
82 0.41875 0.71875 0.18125 0.1125
82 0.409375 0.64375 0.18125 0.0828125
82 0.3046875 0.6125 0.2296875 0.05625
82 0.35625 0.58125 0.1921875 0.0640625
82 0.51875 0.615625 0.1609375 0.090625
