82 0.1453125 0.5046875 0.0703125 0.109375
82 0.2203125 0.584375 0.0609375 0.109375
82 0.3 0.7296875 0.0609375 0.1203125
82 0.509375 0.640625 0.040625 0.0796875
82 0.515625 0.7453125 0.05 0.109375
82 0.7046875 0.7296875 0.05 0.1203125
82 0.775 0.615625 0.05 0.090625
82 0.575 0.334375 0.090625 0.05
82 0.4796875 0.359375 0.0796875 0.0796875
82 0.4703125 0.2046875 0.0609375 0.0703125
82 0.265625 0.3046875 0.05 0.0703125
82 0.3203125 0.434375 0.040625 0.0703125
82 0.6796875 0.2546875 0.040625 0.1109375
82 0.634375 0.3203125 0.0703125 0.1
82 0.6546875 0.5 0.05 0.0796875
82 0.5296875 0.584375 0.040625 0.090625
82 0.540625 0.440625 0.0390625 0.0796875
82 0.415625 0.4953125 0.05 0.0703125
82 0.375 0.1953125 0.0703125 0.0703125
82 0.7703125 0.2453125 0.0609375 0.0703125
82 0.684375 0.6203125 0.090625 0.059375
82 0.215625 0.1453125 0.1109375 0.05
