82 0.6921875 0.63359375 0.2125 0.7328125
82 0.440625 0.375 0.296875 0.6234375
82 0.246875 0.578125 0.26875 0.321875
82 0.134375 0.315625 0.1453125 0.5609375
82 0.79609375 0.60859375 0.1828125 0.7828125
82 0.5296875 0.35625 0.1375 0.61875
82 0.93984375 0.5359375 0.1203125 0.928125
82 0.44453125 0.87109375 0.3078125 0.2578125
82 0.25625 0.9140625 0.2046875 0.165625
82 0.63125 0.7734375 0.09375 0.453125
82 0.6625 0.2875 0.1046875 0.478125
82 0.0796875 0.675 0.1109375 0.3875
82 0.25625 0.40625 0.11875 0.3390625
82 0.246875 0.26875 0.153125 0.4515625
