82 0.71875 0.415625 0.240625 0.1296875
82 0.584375 0.309375 0.13125 0.140625
82 0.86875 0.2859375 0.259375 0.109375
82 0.74375 0.184375 0.2109375 0.2296875
82 0.91875 0.159375 0.1609375 0.1796875
82 0.3125 0.3796875 0.209375 0.1
82 0.209375 0.2453125 0.321875 0.190625
82 0.3140625 0.159375 0.13125 0.2
82 0.4234375 0.2703125 0.171875 0.159375
82 0.1625 0.384375 0.25 0.109375
82 0.3125 0.484375 0.271875 0.15
82 0.50625 0.559375 0.1796875 0.0796875
82 0.5921875 0.475 0.25 0.1296875
82 0.7859375 0.665625 0.1421875 0.190625
82 0.6 0.784375 0.109375 0.090625
82 0.565625 0.6796875 0.1203125 0.1203125
82 0.321875 0.7296875 0.2109375 0.2
