82 0.1453125 0.209375 0.1296875 0.1609375
82 0.075 0.384375 0.090625 0.190625
82 0.4796875 0.7796875 0.1 0.2
82 0.5796875 0.709375 0.0796875 0.2609375
82 0.5296875 0.5796875 0.1203125 0.140625
82 0.6 0.484375 0.1796875 0.1703125
82 0.484375 0.240625 0.1296875 0.240625
82 0.609375 0.109375 0.1609375 0.1390625
82 0.340625 0.9203125 0.1609375 0.1203125
82 0.284375 0.7953125 0.15 0.090625
82 0.5203125 0.9046875 0.1 0.15
82 0.6 0.875 0.059375 0.15
82 0.684375 0.8203125 0.1703125 0.1609375
82 0.234375 0.290625 0.1109375 0.1796875
