82 0.81875 0.340625 0.053125 0.071875
82 0.878125 0.4 0.121875 0.053125
82 0.125 0.5921875 0.08125 0.0515625
82 0.2234375 0.575 0.0625 0.0609375
82 0.1640625 0.5859375 0.04375 0.0625
82 0.4578125 0.05625 0.1140625 0.103125
82 0.375 0.0890625 0.1046875 0.1234375
82 0.46875 0.5515625 0.09375 0.0734375
82 0.6046875 0.59375 0.103125 0.0828125
82 0.665625 0.640625 0.1234375 0.0625
82 0.7625 0.64375 0.0515625 0.0515625
82 0.559375 0.44375 0.0828125 0.08125
82 0.396875 0.409375 0.125 0.103125
82 0.3359375 0.50625 0.1328125 0.0734375
