82 0.125 0.590625 0.15 0.2796875
82 0.1953125 0.4046875 0.1296875 0.3296875
82 0.15390625 0.134375 0.2109375 0.26875
82 0.8953125 0.109375 0.15 0.21875
82 0.934375 0.5 0.1109375 0.640625
82 0.5046875 0.8703125 0.2296875 0.2203125
82 0.309375 0.6203125 0.1203125 0.359375
82 0.490625 0.434375 0.140625 0.1703125
82 0.409375 0.684375 0.240625 0.1296875
82 0.840625 0.75 0.2796875 0.1796875
82 0.584375 0.290625 0.1296875 0.1609375
82 0.7203125 0.209375 0.1 0.2203125
82 0.2546875 0.9 0.15 0.1609375
82 0.084375 0.834375 0.0703125 0.2890625
