82 0.4890625 0.909375 0.15625 0.18125
82 0.596875 0.85 0.184375 0.1859375
82 0.4234375 0.8 0.1953125 0.1765625
82 0.2875 0.796875 0.1265625 0.2109375
82 0.1953125 0.69375 0.153125 0.1421875
82 0.33125 0.675 0.14375 0.121875
82 0.228125 0.58125 0.153125 0.1328125
82 0.3796875 0.56875 0.19375 0.146875
82 0.49375 0.459375 0.1359375 0.2203125
82 0.64375 0.628125 0.146875 0.2125
82 0.76875 0.653125 0.1546875 0.1828125
82 0.6984375 0.803125 0.1453125 0.1921875
82 0.184375 0.38125 0.196875 0.2265625
82 0.328125 0.3 0.1765625 0.25625
82 0.43125 0.1734375 0.1109375 0.0796875
82 0.484375 0.2078125 0.0625 0.1140625
82 0.453125 0.1046875 0.09375 0.0984375
82 0.596875 0.303125 0.153125 0.1125
82 0.665625 0.24375 0.125 0.1609375
82 0.65625 0.36875 0.0953125 0.1671875
82 0.73125 0.365625 0.14375 0.1328125
82 0.828125 0.353125 0.0953125 0.1484375
82 0.7390625 0.45 0.14375 0.1421875
82 0.921875 0.2109375 0.153125 0.1125
82 0.8421875 0.175 0.1140625 0.16875
82 0.8828125 0.3125 0.1453125 0.1625
82 0.8125 0.878125 0.153125 0.1421875
82 0.90625 0.871875 0.084375 0.146875
82 0.8625 0.96171875 0.103125 0.0765625
