82 0.628125 0.2 0.071875 0.05
82 0.5703125 0.14375 0.0546875 0.1203125
82 0.3734375 0.903125 0.053125 0.0796875
82 0.3921875 0.803125 0.0609375 0.059375
82 0.38125 0.8625 0.0609375 0.040625
82 0.9109375 0.55 0.103125 0.109375
82 0.878125 0.634375 0.1234375 0.1
82 0.415625 0.55625 0.0734375 0.090625
82 0.375 0.421875 0.0828125 0.1
82 0.328125 0.3625 0.0640625 0.1203125
82 0.325 0.265625 0.0515625 0.05
82 0.5234375 0.4625 0.0828125 0.0796875
82 0.5578125 0.6234375 0.1046875 0.1203125
82 0.4609375 0.6875 0.075 0.1296875
