82 0.525 0.6453125 0.15 0.1296875
82 0.575 0.5453125 0.05 0.090625
82 0.1203125 0.940625 0.040625 0.0796875
82 0.134375 0.815625 0.05 0.090625
82 0.1703125 0.834375 0.040625 0.0703125
82 0.3953125 0.465625 0.05 0.05
82 0.390625 0.575 0.0609375 0.109375
82 0.665625 0.634375 0.090625 0.0703125
82 0.909375 0.515625 0.140625 0.109375
82 0.809375 0.55 0.059375 0.1
82 0.615625 0.340625 0.05 0.1203125
82 0.65 0.525 0.059375 0.1296875
82 0.715625 0.5546875 0.05 0.090625
82 0.234375 0.6703125 0.05 0.0796875
82 0.2953125 0.690625 0.0703125 0.1203125
82 0.190625 0.740625 0.040625 0.1
82 0.240625 0.834375 0.040625 0.090625
82 0.240625 0.484375 0.0609375 0.0703125
82 0.5453125 0.3953125 0.0703125 0.1703125
82 0.7453125 0.3703125 0.05 0.1609375
82 0.5296875 0.7796875 0.140625 0.1
82 0.665625 0.884375 0.109375 0.1296875
82 0.45 0.6796875 0.0609375 0.0796875
82 0.384375 0.665625 0.0703125 0.090625
82 0.215625 0.6 0.0703125 0.1
82 0.2453125 0.3796875 0.0703125 0.1
82 0.2796875 0.315625 0.0796875 0.1296875
82 0.0703125 0.5296875 0.1203125 0.2
82 0.0453125 0.75 0.090625 0.1796875
82 0.340625 0.9203125 0.1609375 0.1203125
82 0.384375 0.8 0.15 0.1609375
82 0.4046875 0.775 0.0703125 0.1109375
