82 0.575 0.6765625 0.246875 0.11875
82 0.51875 0.765625 0.184375 0.0984375
82 0.65 0.8703125 0.2953125 0.103125
82 0.4109375 0.790625 0.10625 0.134375
82 0.4125 0.63125 0.128125 0.1546875
82 0.3390625 0.6625 0.1171875 0.1640625
82 0.346875 0.8125 0.115625 0.125
82 0.278125 0.8296875 0.15625 0.1265625
82 0.59296875 0.93984375 0.1359375 0.1203125
82 0.91875 0.821875 0.1625 0.11875
82 0.80625 0.8359375 0.1359375 0.134375
82 0.715625 0.7875 0.096875 0.1234375
82 0.9203125 0.690625 0.159375 0.1359375
82 0.8125 0.65625 0.146875 0.115625
82 0.828125 0.5875 0.1640625 0.096875
82 0.9109375 0.50625 0.178125 0.128125
82 0.659375 0.465625 0.1953125 0.0875
82 0.7296875 0.5 0.115625 0.125
82 0.625 0.409375 0.196875 0.1171875
82 0.48125 0.434375 0.128125 0.1546875
82 0.38125 0.509375 0.1328125 0.075
82 0.4125 0.6203125 0.0484375 0.1515625
82 0.128125 0.628125 0.09375 0.0734375
82 0.728125 0.2640625 0.296875 0.121875
82 0.4671875 0.153125 0.16875 0.1765625
82 0.609375 0.1203125 0.15625 0.115625
82 0.33125 0.11875 0.1359375 0.134375
82 0.40625 0.315625 0.0640625 0.103125
82 0.325 0.3921875 0.1203125 0.2046875
82 0.184375 0.3671875 0.1140625 0.1046875
82 0.225 0.5578125 0.1140625 0.1046875
82 0.28125 0.68125 0.096875 0.1234375
82 0.584375 0.596875 0.2140625 0.0984375
