124 0.79375 0.778125 0.171875 0.1875
124 0.51875 0.7890625 0.1546875 0.1609375
124 0.334375 0.75 0.19375 0.1765625
124 0.165625 0.765625 0.1671875 0.1734375
124 0.346875 0.5859375 0.140625 0.1609375
124 0.484375 0.5734375 0.1171875 0.1546875
124 0.7203125 0.5015625 0.1046875 0.134375
124 0.8265625 0.6171875 0.1515625 0.1828125
124 0.21875 0.4953125 0.15 0.128125
124 0.7125 0.359375 0.1 0.1015625
124 0.5625 0.4328125 0.125 0.128125
124 0.4265625 0.3875 0.121875 0.0953125
124 0.1328125 0.41875 0.1234375 0.1109375
