124 0.3390625 0.434375 0.065625 0.0546875
124 0.4234375 0.453125 0.0546875 0.0671875
124 0.4640625 0.5 0.053125 0.0546875
124 0.553125 0.4859375 0.0828125 0.078125
124 0.6359375 0.4203125 0.0921875 0.0796875
124 0.778125 0.4671875 0.0890625 0.075
124 0.940625 0.540625 0.0828125 0.06875
124 0.7671875 0.54375 0.1046875 0.06875
124 0.6734375 0.540625 0.084375 0.065625
124 0.590625 0.5453125 0.0703125 0.05
124 0.159375 0.4828125 0.075 0.06875
124 0.234375 0.45 0.0640625 0.071875
124 0.29375 0.484375 0.0671875 0.0671875
124 0.3828125 0.484375 0.0578125 0.0671875
124 0.425 0.3546875 0.0640625 0.059375
124 0.396875 0.4015625 0.0625 0.0453125
124 0.4671875 0.409375 0.071875 0.0609375