234 0.19375 0.509375 0.23125 0.1796875
234 0.2078125 0.14375 0.203125 0.2875
234 0.1390625 0.3203125 0.278125 0.465625
234 0.9078125 0.396875 0.184375 0.159375
234 0.80234375 0.11796875 0.3953125 0.1234375
234 0.790625 0.2453125 0.41875 0.1875
234 0.659375 0.384375 0.359375 0.1859375
234 0.796875 0.4828125 0.40625 0.125
234 0.70859375 0.540625 0.5828125 0.11875
234 0.1546875 0.7703125 0.309375 0.340625
234 0.8453125 0.834375 0.309375 0.2859375
234 0.565625 0.875 0.4 0.25
234 0.7078125 0.65 0.584375 0.1