91 0.153125 0.29453125 0.24921875 0.22734375
91 0.13828125 0.17578125 0.25625 0.17890625
91 0.10859375 0.74609375 0.18125 0.34140625
91 0.2046875 0.74765625 0.2234375 0.34765625
91 0.24140625 0.72265625 0.23828125 0.24453125
91 0.41953125 0.596875 0.275 0.26328125
91 0.34296875 0.53984375 0.31640625 0.2015625
91 0.6078125 0.14765625 0.24140625 0.2359375
91 0.49921875 0.15859375 0.30859375 0.21484375
91 0.65 0.7625 0.16875 0.24765625
91 0.70390625 0.796875 0.13984375 0.31015625
91 0.59375 0.75 0.1984375 0.2078125
91 0.7125 0.3953125 0.2734375 0.17578125
91 0.82578125 0.3796875 0.22109375 0.17578125
91 0.859375 0.46171875 0.2125 0.21796875
91 0.7421875 0.46875 0.25546875 0.16875
