73 0.26875 0.55 0.03125 0.0375
73 0.2828125 0.5625 0.028125 0.046875
73 0.2421875 0.565625 0.025 0.0484375
73 0.296875 0.575 0.03125 0.05625
73 0.2203125 0.5875 0.0234375 0.046875
73 0.434375 0.6046875 0.0453125 0.0390625
73 0.2640625 0.6078125 0.0328125 0.059375
73 0.309375 0.609375 0.03125 0.065625
73 0.4078125 0.6265625 0.028125 0.040625
73 0.3390625 0.6265625 0.0328125 0.0609375
73 0.3734375 0.6328125 0.0328125 0.0625
73 0.4484375 0.634375 0.0484375 0.046875
73 0.2734375 0.6625 0.04375 0.0828125
73 0.3375 0.6703125 0.0484375 0.0765625
73 0.4234375 0.6765625 0.0421875 0.0859375
73 0.3828125 0.6796875 0.040625 0.08125
73 0.30625 0.7109375 0.040625 0.0859375
