73 0.30625 0.6375 0.25625 0.2203125
73 0.4625 0.765625 0.2703125 0.1328125
73 0.603125 0.75625 0.16875 0.1421875
73 0.7546875 0.73125 0.234375 0.1859375
73 0.903125 0.740625 0.175 0.18125
73 0.9375 0.5265625 0.1234375 0.06875
73 0.628125 0.4171875 0.0921875 0.053125
73 0.425 0.525 0.2484375 0.128125
73 0.85625 0.5875 0.1984375 0.09375
73 0.08125 0.6953125 0.1625 0.234375
73 0.55 0.5328125 0.225 0.11875
73 0.459375 0.6046875 0.234375 0.1375
73 0.61875 0.44375 0.1765625 0.0890625
73 0.475 0.403125 0.1140625 0.0640625
73 0.784375 0.640625 0.2671875 0.1015625
73 0.29375 0.33125 0.1921875 0.0890625
73 0.48125 0.65625 0.1984375 0.1140625
73 0.5 0.471875 0.9984375 0.6125
