73 0.85 0.425 0.1296875 0.1796875
73 0.6109375 0.590625 0.234375 0.1734375
73 0.709375 0.478125 0.215625 0.1359375
73 0.5296875 0.571875 0.165625 0.15625
73 0.434375 0.540625 0.1515625 0.2140625
73 0.275 0.6984375 0.309375 0.246875
73 0.5203125 0.415625 0.1625 0.2015625
73 0.340625 0.75 0.2828125 0.2296875
73 0.9109375 0.3296875 0.15 0.103125
73 0.84375 0.30625 0.1453125 0.0921875
73 0.703125 0.378125 0.0765625 0.1359375
73 0.63125 0.453125 0.1015625 0.1140625
73 0.0875 0.7078125 0.175 0.171875
73 0.5 0.5046875 0.996875 0.7375