73 0.60625 0.753125 0.121875 0.2234375
73 0.8171875 0.503125 0.259375 0.1625
73 0.74375 0.4359375 0.159375 0.140625
73 0.60625 0.446875 0.1484375 0.096875
73 0.575 0.3671875 0.134375 0.065625
73 0.309375 0.625 0.2171875 0.1703125
73 0.1375 0.6625 0.2453125 0.1828125
73 0.125 0.571875 0.165625 0.1453125
73 0.590625 0.4765625 0.1359375 0.090625
73 0.51875 0.396875 0.1109375 0.0609375
73 0.421875 0.496875 0.1140625 0.0671875
73 0.471875 0.5625 0.121875 0.1140625
73 0.5125 0.484375 0.9734375 0.4734375