73 0.546875 0.690625 0.134375 0.0890625
73 0.834375 0.7484375 0.0828125 0.096875
73 0.25625 0.76875 0.09375 0.078125
73 0.1875 0.79375 0.1015625 0.0890625
73 0.2 0.725 0.0671875 0.0671875
73 0.340625 0.771875 0.084375 0.0890625
73 0.628125 0.70625 0.1171875 0.0890625
73 0.73125 0.7421875 0.096875 0.0625
73 0.2890625 0.709375 0.0625 0.0578125
73 0.46875 0.671875 0.103125 0.06875
73 0.528125 0.7875 0.175 0.0984375
73 0.675 0.809375 0.1421875 0.0984375
73 0.046875 0.765625 0.0625 0.0734375
73 0.5125 0.6765625 0.971875 0.39375
