73 0.490625 0.7953125 0.325 0.15625
73 0.6046875 0.80625 0.25 0.115625
73 0.809375 0.815625 0.2875 0.10625
73 0.7875 0.7421875 0.3515625 0.103125
73 0.6625 0.578125 0.1890625 0.0578125
73 0.575 0.7015625 0.2640625 0.0625
73 0.871875 0.5421875 0.2515625 0.065625
73 0.88125 0.5984375 0.234375 0.090625
73 0.2125 0.771875 0.3078125 0.1921875
73 0.7125 0.6671875 0.2796875 0.0625
73 0.246875 0.6703125 0.2796875 0.09375
73 0.6765625 0.634375 0.325 0.0828125
73 0.09375 0.84375 0.1859375 0.0609375
73 0.5 0.73125 0.9984375 0.2859375