73 0.490625 0.4140625 0.071875 0.0375
73 0.565625 0.425 0.0546875 0.0359375
73 0.634375 0.43125 0.0609375 0.04375
73 0.4875 0.434375 0.071875 0.0390625
73 0.578125 0.446875 0.0640625 0.046875
73 0.65625 0.45625 0.0734375 0.0328125
73 0.5453125 0.465625 0.04375 0.0484375
73 0.478125 0.471875 0.0765625 0.05
73 0.646875 0.4796875 0.053125 0.0484375
73 0.7078125 0.484375 0.0453125 0.05625
73 0.4625 0.4921875 0.0875 0.040625
73 0.575 0.49375 0.084375 0.0515625
73 0.6734375 0.5015625 0.0703125 0.040625
73 0.79375 0.5046875 0.06875 0.0640625
73 0.5734375 0.509375 0.05 0.0828125
73 0.728125 0.525 0.0390625 0.0578125
73 0.4109375 0.5265625 0.04375 0.0625
73 0.4890625 0.53125 0.090625 0.0625
73 0.6625 0.534375 0.0875 0.059375
73 0.7640625 0.540625 0.0453125 0.071875
73 0.509375 0.553125 0.0796875 0.0609375
73 0.55 0.559375 0.1 0.0421875
73 0.7203125 0.5671875 0.0546875 0.0625
73 0.80625 0.5671875 0.0625 0.0625
73 0.7234375 0.56875 0.0515625 0.0671875
73 0.43125 0.584375 0.040625 0.0359375
73 0.5546875 0.5984375 0.115625 0.0703125
73 0.4625 0.6125 0.075 0.0546875
73 0.70625 0.615625 0.0984375 0.096875
73 0.7984375 0.6203125 0.1 0.0609375
73 0.5359375 0.6375 0.096875 0.0609375
73 0.6671875 0.640625 0.078125 0.1109375
73 0.4578125 0.6421875 0.0515625 0.0859375
73 0.6328125 0.6828125 0.1125 0.084375
73 0.5359375 0.7015625 0.13125 0.065625