73 0.471875 0.6765625 0.275 0.359375
73 0.696875 0.603125 0.4046875 0.4046875
73 0.83125 0.55 0.3328125 0.2921875
73 0.846875 0.378125 0.3046875 0.1109375
73 0.475 0.428125 0.2421875 0.2015625
73 0.33125 0.5578125 0.2765625 0.378125
73 0.14375 0.6625 0.2859375 0.2890625
73 0.071875 0.428125 0.1359375 0.215625
73 0.2609375 0.33125 0.11875 0.0703125
73 0.2125 0.3328125 0.0890625 0.109375
73 0.203125 0.45 0.1578125 0.1375
73 0.5375 0.3125 0.2125 0.0828125
73 0.33125 0.184375 0.1765625 0.1171875
73 0.5 0.325 0.996875 0.4015625
