73 0.8390625 0.3125 0.0234375 0.021875
73 0.6671875 0.325 0.0265625 0.021875
73 0.646875 0.334375 0.0203125 0.0234375
73 0.6890625 0.3390625 0.034375 0.025
73 0.70625 0.35 0.0171875 0.025
73 0.6421875 0.3625 0.0203125 0.0390625
73 0.715625 0.365625 0.0453125 0.025
73 0.38125 0.371875 0.0515625 0.0359375
73 0.7578125 0.3765625 0.04375 0.0234375
73 0.8984375 0.3890625 0.040625 0.028125
73 0.7046875 0.390625 0.05625 0.03125
73 0.771875 0.3953125 0.0453125 0.025
73 0.53125 0.4 0.0328125 0.046875
73 0.421875 0.409375 0.053125 0.04375
73 0.8515625 0.4125 0.0375 0.0328125
73 0.803125 0.4140625 0.0484375 0.0375
73 0.8875 0.4140625 0.025 0.0375
73 0.74375 0.4171875 0.0296875 0.0515625
73 0.68125 0.428125 0.0390625 0.05
73 0.6140625 0.44375 0.04375 0.0703125
73 0.7828125 0.4625 0.0359375 0.0703125
73 0.8328125 0.484375 0.0515625 0.040625
73 0.71875 0.4859375 0.0578125 0.04375
73 0.915625 0.5015625 0.0546875 0.0609375
