73 0.70625 0.6125 0.2359375 0.1484375
73 0.69375 0.4609375 0.1140625 0.09375
73 0.896875 0.484375 0.1171875 0.0890625
73 0.496875 0.565625 0.1625 0.1140625
73 0.2578125 0.68125 0.265625 0.20625
73 0.365625 0.64375 0.2125 0.1484375
73 0.134375 0.61875 0.1921875 0.1390625
73 0.2875 0.578125 0.1234375 0.065625
73 0.5625 0.58125 0.1828125 0.1484375
73 0.59375 0.4859375 0.1046875 0.08125
73 0.68125 0.5375 0.1796875 0.05625
73 0.965625 0.646875 0.065625 0.1671875
73 0.8296875 0.4546875 0.10625 0.08125
