73 0.28125 0.61875 0.290625 0.303125
73 0.5125 0.6640625 0.1265625 0.25625
73 0.5421875 0.484375 0.221875 0.1375
73 0.86875 0.45 0.259375 0.078125
73 0.453125 0.409375 0.18125 0.1015625
73 0.865625 0.665625 0.265625 0.3203125
73 0.61875 0.6578125 0.2171875 0.35
73 0.109375 0.5671875 0.21875 0.253125
73 0.315625 0.40625 0.1875 0.1140625
73 0.365625 0.41875 0.1359375 0.1171875
73 0.6734375 0.4453125 0.16875 0.090625
73 0.80625 0.609375 0.240625 0.2515625
73 0.140625 0.44375 0.2140625 0.1140625
73 0.5 0.525 0.996875 0.615625