73 0.4875 0.3375 0.059375 0.05625
73 0.85 0.478125 0.0640625 0.0640625
73 0.6359375 0.5 0.05625 0.0625
73 0.38125 0.503125 0.0515625 0.0625
73 0.878125 0.503125 0.0578125 0.0609375
73 0.934375 0.5171875 0.059375 0.0625
73 0.146875 0.5390625 0.0546875 0.05625
73 0.7046875 0.559375 0.071875 0.0734375
73 0.884375 0.584375 0.0546875 0.0609375
73 0.103125 0.6328125 0.0515625 0.0625
73 0.6796875 0.659375 0.071875 0.0578125
73 0.90625 0.6703125 0.0734375 0.059375
73 0.13125 0.684375 0.071875 0.0671875
73 0.05 0.690625 0.08125 0.075
73 0.446875 0.6984375 0.0859375 0.08125
73 0.603125 0.709375 0.0859375 0.06875
73 0.121875 0.7296875 0.0859375 0.06875
73 0.840625 0.753125 0.075 0.0609375
73 0.8171875 0.771875 0.078125 0.0578125
73 0.81875 0.81875 0.071875 0.0875
73 0.20625 0.8296875 0.0546875 0.078125
73 0.65 0.8625 0.0796875 0.075
73 0.578125 0.865625 0.0921875 0.0734375
73 0.3890625 0.875 0.06875 0.059375
73 0.375 0.890625 0.071875 0.0609375
