73 0.4109375 0.68125 0.06875 0.1125
73 0.51875 0.684375 0.1453125 0.103125
73 0.734375 0.684375 0.1640625 0.0984375
73 0.915625 0.6828125 0.1 0.1
73 0.8375 0.68125 0.121875 0.0921875
73 0.2015625 0.665625 0.05625 0.096875
73 0.159375 0.65625 0.0546875 0.0890625
73 0.40625 0.609375 0.078125 0.0640625
73 0.4640625 0.5984375 0.071875 0.059375
73 0.284375 0.675 0.065625 0.0921875
73 0.6171875 0.675 0.1125 0.09375
73 0.9578125 0.671875 0.08125 0.0890625
73 0.603125 0.678125 0.0625 0.09375
73 0.36875 0.6796875 0.0796875 0.096875
73 0.25625 0.671875 0.0671875 0.0921875
73 0.565625 0.65625 0.728125 0.1453125
