73 0.5375 0.70625 0.3359375 0.2421875
73 0.684375 0.5984375 0.4078125 0.334375
73 0.15625 0.640625 0.3109375 0.2484375
73 0.11875 0.509375 0.2265625 0.1359375
73 0.253125 0.396875 0.2453125 0.1109375
73 0.153125 0.3625 0.209375 0.1078125
73 0.296875 0.3078125 0.1515625 0.059375
73 0.490625 0.525 0.2265625 0.1828125
73 0.9375 0.38125 0.1234375 0.0859375
73 0.7703125 0.3515625 0.196875 0.1
73 0.803125 0.44375 0.3328125 0.121875
73 0.334375 0.36875 0.1890625 0.1296875
73 0.61875 0.38125 0.2515625 0.1296875
73 0.5 0.5375 0.9984375 0.5890625