73 0.2125 0.6265625 0.4234375 0.3
73 0.546875 0.4375 0.5109375 0.1640625
73 0.4515625 0.3734375 0.425 0.109375
73 0.6515625 0.34375 0.471875 0.1109375
73 0.8 0.5546875 0.396875 0.178125
73 0.665625 0.6609375 0.6640625 0.23125
73 0.1453125 0.346875 0.284375 0.1515625
73 0.36875 0.296875 0.2765625 0.15625
73 0.696875 0.3078125 0.496875 0.084375
73 0.8359375 0.4359375 0.325 0.121875
73 0.165625 0.43125 0.3296875 0.11875
73 0.50625 0.54375 0.2625 0.10625
73 0.15 0.259375 0.2984375 0.0765625
73 0.08125 0.703125 0.153125 0.140625
73 0.5 0.5 0.9984375 0.559375
