73 0.69375 0.3015625 0.025 0.0234375
73 0.65625 0.3265625 0.0203125 0.03125
73 0.7734375 0.328125 0.0171875 0.0234375
73 0.8984375 0.3421875 0.0234375 0.0234375
73 0.61875 0.3453125 0.0359375 0.0359375
73 0.6875 0.359375 0.0359375 0.0390625
73 0.7484375 0.365625 0.03125 0.0375
73 0.615625 0.38125 0.034375 0.0578125
73 0.765625 0.38125 0.0296875 0.046875
73 0.6453125 0.3953125 0.0296875 0.0390625
73 0.690625 0.3984375 0.046875 0.0359375
73 0.8921875 0.403125 0.0328125 0.0296875
73 0.8109375 0.421875 0.03125 0.0484375
73 0.6828125 0.428125 0.0390625 0.0484375
73 0.7296875 0.43125 0.0515625 0.0609375
73 0.840625 0.4375 0.0390625 0.0703125
73 0.7671875 0.465625 0.04375 0.075
73 0.8328125 0.475 0.059375 0.0515625
73 0.7140625 0.53125 0.090625 0.059375
