73 0.46875 0.70625 0.1328125 0.1640625
73 0.359375 0.71875 0.0890625 0.1828125
73 0.29375 0.7125 0.1015625 0.1515625
73 0.2125 0.728125 0.09375 0.1484375
73 0.103125 0.725 0.2046875 0.16875
73 0.309375 0.6 0.121875 0.090625
73 0.40625 0.590625 0.0953125 0.0859375
73 0.6421875 0.7046875 0.090625 0.125
73 0.796875 0.6703125 0.175 0.14375
73 0.7046875 0.6671875 0.16875 0.15
73 0.49375 0.69375 0.1203125 0.1671875
73 0.628125 0.6578125 0.1296875 0.08125
73 0.925 0.69375 0.146875 0.15
73 0.503125 0.690625 0.8890625 0.2359375