73 0.375 0.584375 0.2234375 0.3171875
73 0.534375 0.5875 0.1578125 0.2921875
73 0.75 0.44375 0.1203125 0.1828125
73 0.43125 0.3984375 0.1046875 0.090625
73 0.253125 0.4125 0.103125 0.08125
73 0.103125 0.44375 0.11875 0.1609375
73 0.83125 0.578125 0.0859375 0.1875
73 0.74375 0.6125 0.0859375 0.1890625
73 0.86875 0.5140625 0.1453125 0.25
73 0.5265625 0.453125 0.196875 0.1515625
73 0.6390625 0.61875 0.071875 0.1828125
73 0.6921875 0.584375 0.0625 0.1203125
73 0.6375 0.4125 0.1171875 0.1328125
73 0.16875 0.5015625 0.0578125 0.134375
73 0.4546875 0.5375 0.909375 0.3734375