89 0.0921875 0.8875 0.1390625 0.1046875
89 0.096875 0.0390625 0.1046875 0.0734375
89 0.1015625 0.58125 0.109375 0.0828125
89 0.11875 0.4171875 0.1390625 0.0953125
89 0.15625 0.675 0.134375 0.1140625
89 0.16875 0.321875 0.13125 0.0984375
89 0.178125 0.5125 0.1390625 0.1046875
89 0.184375 0.96875 0.1359375 0.05625
89 0.1921875 0.825 0.0953125 0.059375
89 0.1921875 0.215625 0.140625 0.0984375
89 0.203125 0.01875 0.1125 0.0328125
89 0.2078125 0.09375 0.14375 0.1046875
89 0.221875 0.89375 0.090625 0.0640625
89 0.278125 0.3890625 0.1484375 0.1140625
89 0.278125 0.5953125 0.11875 0.1
89 0.2796875 0.7515625 0.1671875 0.11875
89 0.3 0.9578125 0.1171875 0.078125
89 0.3046875 0.8625 0.11875 0.078125
89 0.309375 0.278125 0.13125 0.1046875
89 0.315625 0.159375 0.13125 0.0953125
89 0.325 0.496875 0.1390625 0.09375
89 0.3515625 0.04375 0.184375 0.0859375
89 0.3625 0.665625 0.1125 0.0765625
89 0.0390625 0.5078125 0.0765625 0.1140625
89 0.3828125 0.9125 0.1046875 0.0640625
89 0.39375 0.35 0.1 0.0671875
89 0.4 0.4234375 0.109375 0.08125
89 0.4015625 0.575 0.1140625 0.0765625
89 0.403125 0.98125 0.1078125 0.03125
89 0.4109375 0.2078125 0.090625 0.0671875
89 0.428125 0.7515625 0.125 0.08125
89 0.434375 0.840625 0.125 0.08125
89 0.04375 0.6484375 0.0859375 0.090625
89 0.4359375 0.275 0.1 0.0859375
89 0.4390625 0.121875 0.1296875 0.0953125
89 0.471875 0.634375 0.0984375 0.071875
89 0.4875 0.053125 0.0875 0.0625
89 0.05 0.9765625 0.1 0.040625
89 0.4921875 0.4875 0.1296875 0.1046875
89 0.4921875 0.9453125 0.109375 0.071875
89 0.503125 0.7046875 0.08125 0.059375
89 0.053125 0.2703125 0.1046875 0.125
89 0.5375 0.890625 0.09375 0.0671875
89 0.5515625 0.653125 0.0671875 0.05
89 0.559375 0.3640625 0.225 0.1484375
89 0.56875 0.1046875 0.1140625 0.0765625
89 0.578125 0.20625 0.2296875 0.15625
89 0.578125 0.784375 0.184375 0.1140625
89 0.58125 0.5765625 0.1625 0.1
89 0.596875 0.034375 0.1671875 0.0671875
89 0.615625 0.9640625 0.09375 0.0515625
89 0.64375 0.8984375 0.11875 0.090625
89 0.6484375 0.471875 0.1296875 0.0859375
89 0.675 0.659375 0.1578125 0.1078125
89 0.684375 0.090625 0.1 0.0859375
89 0.703125 0.815625 0.0859375 0.0625
89 0.70625 0.2890625 0.09375 0.0734375
89 0.70625 0.3828125 0.0859375 0.0734375
89 0.071875 0.1375 0.14375 0.125
89 0.7328125 0.9734375 0.1140625 0.046875
89 0.746875 0.55 0.1609375 0.1125
89 0.746875 0.746875 0.125 0.090625
89 0.7609375 0.1859375 0.1609375 0.125
89 0.7625 0.0265625 0.1484375 0.05
89 0.7734375 0.45 0.125 0.09375
89 0.7875 0.8890625 0.1484375 0.1125
89 0.8046875 0.678125 0.078125 0.05625
89 0.825 0.0734375 0.0984375 0.071875
89 0.828125 0.3375 0.1578125 0.1265625
89 0.85 0.8046875 0.1046875 0.0765625
89 0.853125 0.98125 0.11875 0.03125
89 0.85625 0.7328125 0.08125 0.05625
89 0.8578125 0.596875 0.071875 0.05625
89 0.8671875 0.23125 0.0828125 0.1125
89 0.8734375 0.5390625 0.0625 0.05625
89 0.875 0.4671875 0.0671875 0.0765625
89 0.88125 0.6578125 0.0625 0.0765625
89 0.8828125 0.128125 0.0515625 0.0671875
89 0.0890625 0.7734375 0.1359375 0.1125
