89 0.81875 0.43125 0.1390625 0.1171875
89 0.8546875 0.2421875 0.125 0.20625
89 0.871875 0.553125 0.090625 0.1390625
89 0.8765625 0.8546875 0.0859375 0.14375
89 0.121875 0.44375 0.1765625 0.1390625
89 0.1375 0.1640625 0.259375 0.1890625
89 0.1859375 0.64375 0.24375 0.1984375
89 0.196875 0.8984375 0.1484375 0.125
89 0.28125 0.31875 0.2375 0.1796875
89 0.0328125 0.6859375 0.0640625 0.1796875
89 0.33125 0.9609375 0.1578125 0.0734375
89 0.378125 0.7453125 0.2015625 0.14375
89 0.3953125 0.1671875 0.1671875 0.1296875
89 0.04375 0.3171875 0.0875 0.1484375
89 0.4671875 0.321875 0.125 0.1046875
89 0.4890625 0.6109375 0.165625 0.1453125
89 0.5046875 0.065625 0.18125 0.1296875
89 0.5328125 0.45 0.18125 0.14375
89 0.5765625 0.8875 0.1578125 0.15625
89 0.6203125 0.078125 0.0546875 0.0515625
89 0.0625 0.8734375 0.11875 0.1890625
89 0.6328125 0.6125 0.125 0.1
89 0.6484375 0.3515625 0.2109375 0.153125
89 0.7046875 0.7703125 0.134375 0.1265625
89 0.7078125 0.0625 0.0859375 0.0734375
89 0.715625 0.2796875 0.1 0.071875
89 0.7390625 0.16875 0.1296875 0.11875
89 0.7578125 0.934375 0.1890625 0.125
89 0.7640625 0.5265625 0.13125 0.1125
89 0.8046875 0.028125 0.11875 0.0515625
89 0.80625 0.6484375 0.1671875 0.1390625
