89 0.83125 0.6484375 0.1671875 0.15625
89 0.8328125 0.4453125 0.1453125 0.109375
89 0.85625 0.096875 0.125 0.1046875
89 0.871875 0.24375 0.09375 0.171875
89 0.121875 0.9375 0.171875 0.11875
89 0.1328125 0.43125 0.1921875 0.15
89 0.153125 0.7578125 0.3 0.2234375
89 0.1828125 0.0296875 0.171875 0.05625
89 0.2125 0.190625 0.18125 0.14375
89 0.234375 0.3078125 0.1390625 0.1171875
89 0.30625 0.925 0.19375 0.14375
89 0.321875 0.58125 0.1765625 0.1453125
89 0.3828125 0.2890625 0.1578125 0.134375
89 0.3921875 0.071875 0.203125 0.14375
89 0.415625 0.7296875 0.2203125 0.1796875
89 0.43125 0.4546875 0.153125 0.1484375
89 0.496875 0.5859375 0.15625 0.1296875
89 0.51875 0.8953125 0.215625 0.1671875
89 0.5234375 0.1765625 0.1921875 0.140625
89 0.5921875 0.309375 0.18125 0.134375
89 0.0609375 0.16875 0.11875 0.134375
89 0.60625 0.028125 0.1671875 0.0515625
89 0.6203125 0.471875 0.19375 0.13125
89 0.6328125 0.7296875 0.1875 0.153125
89 0.7375 0.1796875 0.1875 0.140625
89 0.80625 0.8359375 0.2203125 0.1921875
