89 0.7734375 0.8421875 0.234375 0.1484375
89 0.1296875 0.8625 0.1484375 0.1140625
89 0.4515625 0.8625 0.14375 0.109375
89 0.85625 0.109375 0.215625 0.215625
89 0.3484375 0.1375 0.225 0.26875
89 0.08125 0.15 0.121875 0.153125
89 0.690625 0.23125 0.1984375 0.259375
89 0.03125 0.2984375 0.0625 0.15625
89 0.240625 0.3375 0.165625 0.215625
89 0.8515625 0.353125 0.134375 0.1765625
89 0.1078125 0.0375 0.1796875 0.0734375
89 0.6921875 0.4359375 0.109375 0.1265625
89 0.3875 0.453125 0.1609375 0.1703125
89 0.95 0.4703125 0.0953125 0.1890625
89 0.5515625 0.5 0.153125 0.19375
89 0.8078125 0.5328125 0.1578125 0.1484375
89 0.0984375 0.5453125 0.1578125 0.1578125
89 0.3828125 0.6015625 0.109375 0.1296875
89 0.6625 0.6203125 0.165625 0.2296875
89 0.2203125 0.675 0.14375 0.14375
89 0.9640625 0.6875 0.06875 0.0984375
89 0.7390625 0.69375 0.0765625 0.1
89 0.85625 0.7171875 0.1296875 0.14375
89 0.05625 0.7375 0.109375 0.1921875
89 0.471875 0.740625 0.1171875 0.1390625
89 0.3421875 0.784375 0.1484375 0.171875
89 0.5546875 0.08125 0.15625 0.1578125
89 0.571875 0.8 0.11875 0.14375
