89 0.70625 0.9078125 0.0515625 0.071875
89 0.14375 0.9015625 0.05625 0.078125
89 0.8890625 0.859375 0.0875 0.13125
89 0.459375 0.85625 0.0765625 0.1078125
89 0.784375 0.8546875 0.1078125 0.1484375
89 0.54375 0.8484375 0.0875 0.125
89 0.3703125 0.825 0.09375 0.134375
89 0.2328125 0.809375 0.1359375 0.20625
89 0.684375 0.80625 0.0984375 0.1390625
89 0.08125 0.7609375 0.1453125 0.2296875
89 0.6171875 0.728125 0.0953125 0.15
89 0.3421875 0.715625 0.0625 0.0828125
89 0.8984375 0.7125 0.1 0.1625
89 0.7875 0.9671875 0.0640625 0.059375
89 0.9625 0.9671875 0.0640625 0.059375
89 0.5765625 0.9671875 0.1 0.059375
89 0.7734375 0.675 0.15 0.20625
89 0.1671875 0.6484375 0.0828125 0.1171875
89 0.475 0.628125 0.1609375 0.340625
89 0.2 0.9609375 0.0734375 0.0765625
89 0.95625 0.5921875 0.0828125 0.2125
89 0.30625 0.5734375 0.18125 0.234375
89 0.8640625 0.5734375 0.059375 0.09375
89 0.05 0.56875 0.1 0.2078125
89 0.6171875 0.5296875 0.184375 0.2296875
89 0.1875 0.51875 0.0765625 0.1078125
89 0.290625 0.95 0.11875 0.0953125
89 0.409375 0.9453125 0.0828125 0.103125
89 0.10625 0.465625 0.090625 0.109375
89 0.7765625 0.4546875 0.15 0.2125
89 0.9171875 0.4546875 0.1125 0.14375
89 0.240625 0.4171875 0.109375 0.1265625
89 0.4921875 0.4046875 0.109375 0.1296875
89 0.0671875 0.9375 0.0875 0.11875
89 0.359375 0.36875 0.125 0.196875
89 0.0453125 0.3515625 0.0875 0.2125
89 0.5984375 0.353125 0.08125 0.109375
89 0.6890625 0.30625 0.109375 0.109375
89 0.434375 0.2765625 0.1 0.1390625
89 0.2609375 0.26875 0.1046875 0.1453125
89 0.790625 0.2640625 0.1140625 0.1625
89 0.6171875 0.2609375 0.0515625 0.0765625
89 0.540625 0.2546875 0.103125 0.1453125
89 0.9359375 0.246875 0.125 0.1625
89 0.0765625 0.2 0.0984375 0.134375
89 0.35 0.190625 0.1078125 0.1359375
89 0.6625 0.16875 0.1890625 0.153125
89 0.86875 0.1421875 0.1875 0.103125
89 0.6484375 0.9125 0.05 0.071875
