89 0.85 0.8109375 0.1875 0.13125
89 0.8296875 0.4640625 0.215625 0.1671875
89 0.7609375 0.071875 0.2296875 0.14375
89 0.7515625 0.6328125 0.2640625 0.1890625
89 0.7484375 0.9171875 0.18125 0.1296875
89 0.7421875 0.278125 0.2546875 0.2015625
89 0.9640625 0.5078125 0.0671875 0.1703125
89 0.64375 0.778125 0.2234375 0.1625
89 0.6015625 0.4828125 0.2296875 0.184375
89 0.95625 0.8828125 0.08125 0.171875
89 0.5625 0.1265625 0.19375 0.1984375
89 0.525 0.325 0.2125 0.1609375
89 0.5125 0.9125 0.2390625 0.171875
89 0.434375 0.028125 0.203125 0.05625
89 0.4234375 0.7421875 0.20625 0.171875
89 0.421875 0.575 0.2296875 0.153125
89 0.9390625 0.059375 0.11875 0.1171875
89 0.9359375 0.6953125 0.121875 0.2015625
89 0.365625 0.415625 0.2109375 0.15625
89 0.934375 0.3453125 0.1265625 0.1609375
89 0.353125 0.215625 0.234375 0.18125
89 0.29375 0.8359375 0.2015625 0.153125
89 0.26875 0.0703125 0.196875 0.1390625
89 0.2375 0.9515625 0.15 0.090625
89 0.215625 0.6734375 0.234375 0.18125
89 0.1890625 0.48125 0.1921875 0.1875
89 0.1734375 0.3015625 0.1625 0.1671875
89 0.1546875 0.14375 0.125 0.1625
89 0.14375 0.890625 0.1 0.1671875
89 0.9125 0.1953125 0.1703125 0.15625
