89 0.1015625 0.3859375 0.2015625 0.2109375
89 0.1234375 0.2703125 0.05 0.040625
89 0.14375 0.1234375 0.2859375 0.2421875
89 0.015625 0.2609375 0.03125 0.046875
89 0.190625 0.834375 0.1625 0.1125
89 0.20625 0.275 0.109375 0.08125
89 0.2109375 0.44375 0.0515625 0.0375
89 0.225 0.015625 0.05 0.025
89 0.2640625 0.9390625 0.20625 0.1171875
89 0.2859375 0.803125 0.05 0.0359375
89 0.303125 0.2234375 0.1296875 0.090625
89 0.325 0.7953125 0.028125 0.0203125
89 0.334375 0.1453125 0.0953125 0.05625
89 0.034375 0.8625 0.0421875 0.03125
89 0.034375 0.9765625 0.06875 0.040625
89 0.3453125 0.853125 0.1390625 0.09375
89 0.3515625 0.3671875 0.278125 0.2078125
89 0.365625 0.9125 0.0375 0.025
89 0.3671875 0.7875 0.0515625 0.0375
89 0.375 0.0609375 0.2609375 0.11875
89 0.39375 0.975 0.103125 0.046875
89 0.0421875 0.5125 0.0515625 0.0375
89 0.45 0.903125 0.140625 0.0953125
89 0.4796875 0.4953125 0.11875 0.08125
89 0.4953125 0.2015625 0.259375 0.1890625
89 0.496875 0.315625 0.0375 0.028125
89 0.496875 0.784375 0.2125 0.134375
89 0.5046875 0.68125 0.090625 0.0625
89 0.54375 0.965625 0.1984375 0.0640625
89 0.5640625 0.5015625 0.046875 0.0328125
89 0.5671875 0.590625 0.19375 0.140625
89 0.059375 0.778125 0.1171875 0.1359375
89 0.590625 0.8890625 0.134375 0.0953125
89 0.6015625 0.059375 0.196875 0.1140625
89 0.6015625 0.746875 0.0234375 0.01875
89 0.60625 0.7 0.0953125 0.071875
89 0.6125 0.50625 0.046875 0.0375
89 0.621875 0.3859375 0.278125 0.1984375
89 0.6265625 0.828125 0.0515625 0.03125
89 0.6328125 0.2703125 0.046875 0.0328125
89 0.65625 0.721875 0.0234375 0.015625
89 0.6625 0.775 0.1140625 0.0859375
89 0.6890625 0.85 0.0953125 0.059375
89 0.0703125 0.2625 0.0625 0.0328125
89 0.703125 0.525 0.134375 0.0953125
89 0.7515625 0.928125 0.2328125 0.1390625
89 0.7640625 0.2125 0.2875 0.2828125
89 0.7703125 0.0359375 0.1359375 0.0671875
89 0.771875 0.659375 0.246875 0.18125
89 0.7890625 0.803125 0.134375 0.103125
89 0.79375 0.546875 0.0421875 0.0375
89 0.825 0.4453125 0.1671875 0.171875
89 0.084375 0.8515625 0.05625 0.0375
89 0.840625 0.5578125 0.0515625 0.0453125
89 0.875 0.0421875 0.0671875 0.08125
89 0.878125 0.871875 0.0625 0.08125
89 0.090625 0.91875 0.1359375 0.0953125
