89 0.903125 0.6109375 0.1890625 0.14375
89 0.8984375 0.9265625 0.1078125 0.08125
89 0.871875 0.071875 0.1484375 0.1140625
89 0.865625 0.375 0.1 0.059375
89 0.8515625 0.4734375 0.1875 0.1390625
89 0.8328125 0.746875 0.15 0.109375
89 0.803125 0.196875 0.171875 0.1171875
89 0.8 0.296875 0.0625 0.0375
89 0.796875 0.84375 0.134375 0.090625
89 0.7703125 0.940625 0.109375 0.071875
89 0.7609375 0.5640625 0.0640625 0.0515625
89 0.7546875 0.628125 0.0953125 0.071875
89 0.753125 0.1140625 0.1125 0.08125
89 0.740625 0.034375 0.171875 0.0671875
89 0.728125 0.2765625 0.08125 0.0546875
89 0.971875 0.48125 0.0515625 0.1
89 0.7 0.3625 0.18125 0.1140625
89 0.690625 0.7578125 0.109375 0.08125
89 0.684375 0.684375 0.09375 0.0671875
89 0.66875 0.5828125 0.109375 0.0859375
89 0.65 0.9296875 0.1140625 0.0765625
89 0.64375 0.4609375 0.134375 0.08125
89 0.6359375 0.14375 0.1046875 0.0765625
89 0.6140625 0.98125 0.0875 0.03125
89 0.6046875 0.228125 0.0859375 0.059375
89 0.9578125 0.3828125 0.078125 0.1
89 0.6 0.7734375 0.0859375 0.05625
89 0.590625 0.85 0.171875 0.0984375
89 0.58125 0.29375 0.0828125 0.05625
89 0.5765625 0.65 0.121875 0.0984375
89 0.575 0.9296875 0.0515625 0.05
89 0.565625 0.059375 0.1578125 0.1171875
89 0.553125 0.55 0.1 0.0765625
89 0.55 0.7234375 0.0859375 0.0625
89 0.534375 0.39375 0.19375 0.1578125
89 0.528125 0.815625 0.090625 0.0625
89 0.4921875 0.9828125 0.090625 0.028125
89 0.453125 0.21875 0.2296875 0.15625
89 0.4421875 0.6546875 0.0953125 0.06875
89 0.4296875 0.921875 0.0859375 0.05625
89 0.4140625 0.8453125 0.0984375 0.0625
89 0.4125 0.578125 0.1125 0.0765625
89 0.4109375 0.78125 0.109375 0.0625
89 0.3859375 0.0734375 0.1875 0.11875
89 0.375 0.503125 0.1140625 0.0765625
89 0.3625 0.975 0.175 0.0453125
89 0.3171875 0.3734375 0.184375 0.1296875
89 0.3046875 0.6453125 0.171875 0.109375
89 0.3015625 0.7578125 0.1359375 0.1140625
89 0.3015625 0.55 0.11875 0.0765625
89 0.2765625 0.89375 0.1609375 0.1125
89 0.925 0.284375 0.14375 0.125
89 0.2390625 0.09375 0.125 0.0859375
89 0.16875 0.953125 0.125 0.0875
89 0.165625 0.315625 0.1125 0.0875
89 0.1640625 0.8109375 0.14375 0.1
89 0.1625 0.540625 0.109375 0.0734375
89 0.159375 0.7171875 0.134375 0.090625
89 0.14375 0.4015625 0.1 0.0765625
89 0.1328125 0.2296875 0.0828125 0.0765625
89 0.1328125 0.11875 0.046875 0.05
89 0.11875 0.4671875 0.0515625 0.0671875
