89 0.8875 0.9078125 0.1046875 0.1390625
89 0.0390625 0.903125 0.0734375 0.1046875
89 0.58125 0.8984375 0.0828125 0.109375
89 0.4171875 0.88125 0.0953125 0.1390625
89 0.675 0.84375 0.1140625 0.134375
89 0.321875 0.83125 0.0984375 0.13125
89 0.5125 0.821875 0.1046875 0.1390625
89 0.96875 0.81875 0.05625 0.1359375
89 0.825 0.8078125 0.059375 0.0953125
89 0.215625 0.8078125 0.0984375 0.140625
89 0.01875 0.796875 0.0359375 0.1125
89 0.09375 0.7921875 0.1046875 0.14375
89 0.89375 0.778125 0.0640625 0.090625
89 0.3890625 0.721875 0.1171875 0.1484375
89 0.5953125 0.721875 0.1 0.11875
89 0.7515625 0.7203125 0.11875 0.1671875
89 0.9578125 0.703125 0.078125 0.1171875
89 0.8625 0.6953125 0.0765625 0.11875
89 0.278125 0.690625 0.1046875 0.13125
89 0.159375 0.684375 0.0953125 0.13125
89 0.496875 0.675 0.09375 0.1390625
89 0.04375 0.6484375 0.0875 0.184375
89 0.665625 0.6375 0.0765625 0.1125
89 0.5078125 0.9609375 0.1171875 0.0734375
89 0.9125 0.6171875 0.0640625 0.1046875
89 0.35 0.60625 0.0671875 0.1
89 0.4234375 0.6 0.08125 0.109375
89 0.575 0.5984375 0.0765625 0.1140625
89 0.98125 0.596875 0.03125 0.1078125
89 0.2078125 0.5890625 0.0671875 0.090625
89 0.7515625 0.571875 0.08125 0.125
89 0.840625 0.565625 0.08125 0.125
89 0.6484375 0.95625 0.0875 0.0859375
89 0.275 0.5640625 0.0859375 0.1
89 0.121875 0.5609375 0.0953125 0.1296875
89 0.634375 0.528125 0.071875 0.0984375
89 0.053125 0.5125 0.0625 0.0875
89 0.9765625 0.95 0.040625 0.0953125
89 0.4875 0.5078125 0.1046875 0.1296875
89 0.9453125 0.5078125 0.071875 0.109375
89 0.7046875 0.496875 0.059375 0.08125
89 0.2703125 0.9453125 0.1265625 0.103125
89 0.890625 0.4625 0.0671875 0.09375
89 0.653125 0.4484375 0.05 0.0671875
89 0.3640625 0.440625 0.15 0.225
89 0.1046875 0.43125 0.0765625 0.1140625
89 0.20625 0.421875 0.15625 0.2296875
89 0.784375 0.421875 0.1140625 0.184375
89 0.5765625 0.41875 0.1 0.1625
89 0.034375 0.403125 0.0671875 0.1671875
89 0.9640625 0.384375 0.0515625 0.09375
89 0.8984375 0.35625 0.090625 0.11875
89 0.471875 0.3515625 0.0859375 0.1296875
89 0.659375 0.325 0.1078125 0.1578125
89 0.090625 0.315625 0.0859375 0.1
89 0.815625 0.296875 0.0625 0.0859375
89 0.2890625 0.29375 0.0734375 0.09375
89 0.3828125 0.29375 0.0734375 0.0859375
89 0.1375 0.9265625 0.1265625 0.140625
89 0.975 0.26875 0.046875 0.1125
89 0.55 0.253125 0.1125 0.1609375
89 0.746875 0.253125 0.090625 0.125
89 0.1859375 0.2390625 0.125 0.1609375
89 0.0265625 0.2375 0.05 0.1484375
89 0.45 0.2265625 0.09375 0.125
89 0.8890625 0.2125 0.109375 0.1484375
89 0.678125 0.1953125 0.05625 0.078125
89 0.0734375 0.175 0.071875 0.0984375
89 0.3375 0.171875 0.1265625 0.1578125
89 0.8046875 0.15 0.0765625 0.1046875
89 0.98125 0.1484375 0.03125 0.11875
89 0.7328125 0.14375 0.05625 0.08125
89 0.596875 0.1421875 0.05625 0.071875
89 0.23125 0.1328125 0.1125 0.0828125
89 0.5390625 0.1265625 0.05625 0.0625
89 0.4671875 0.125 0.0765625 0.0671875
89 0.6578125 0.11875 0.0765625 0.0625
89 0.128125 0.1171875 0.06875 0.0515625
89 0.7734375 0.9109375 0.1125 0.1359375
