89 0.09375 0.9296875 0.0984375 0.0734375
89 0.096875 0.490625 0.071875 0.0421875
89 0.109375 0.9828125 0.078125 0.028125
89 0.115625 0.815625 0.0546875 0.0546875
89 0.115625 0.6625 0.0671875 0.05625
89 0.14375 0.578125 0.046875 0.0375
89 0.153125 0.8828125 0.046875 0.046875
89 0.153125 0.6171875 0.046875 0.0328125
89 0.159375 0.721875 0.1 0.0640625
89 0.0171875 0.8359375 0.0328125 0.0375
89 0.1640625 0.959375 0.05625 0.0421875
89 0.190625 0.909375 0.0625 0.05625
89 0.196875 0.8453125 0.0671875 0.0453125
89 0.0203125 0.7421875 0.040625 0.05625
89 0.203125 0.184375 0.0625 0.05
89 0.2046875 0.665625 0.0875 0.05
89 0.20625 0.559375 0.0375 0.025
89 0.2109375 0.9765625 0.05 0.0375
89 0.2109375 0.775 0.0765625 0.05625
89 0.221875 0.259375 0.08125 0.0515625
89 0.23125 0.9328125 0.0453125 0.03125
89 0.2421875 0.1125 0.078125 0.0515625
89 0.025 0.5859375 0.05 0.0453125
89 0.246875 0.725 0.0671875 0.05625
89 0.2484375 0.871875 0.05625 0.0421875
89 0.253125 0.1734375 0.0421875 0.040625
89 0.2578125 0.8078125 0.046875 0.0421875
89 0.0265625 0.89375 0.0515625 0.0375
89 0.2734375 0.01875 0.0859375 0.0328125
89 0.2765625 0.221875 0.0625 0.046875
89 0.2921875 0.7703125 0.059375 0.040625
89 0.296875 0.3359375 0.0421875 0.03125
89 0.2984375 0.9203125 0.071875 0.0515625
89 0.3015625 0.2765625 0.0953125 0.0640625
89 0.3078125 0.8546875 0.05625 0.0515625
89 0.3140625 0.14375 0.0859375 0.0515625
89 0.315625 0.08125 0.0859375 0.0765625
89 0.35 0.33125 0.0421875 0.0328125
89 0.0359375 0.6625 0.071875 0.0625
89 0.3546875 0.3796875 0.1 0.0625
89 0.3609375 0.2171875 0.0765625 0.0625
89 0.3625 0.9703125 0.0625 0.0421875
89 0.3625 0.8625 0.046875 0.0375
89 0.378125 0.1109375 0.0515625 0.0453125
89 0.3796875 0.45 0.0765625 0.0453125
89 0.3875 0.91875 0.0671875 0.05
89 0.3953125 0.565625 0.0640625 0.0546875
89 0.3984375 0.028125 0.0765625 0.0515625
89 0.403125 0.2703125 0.08125 0.059375
89 0.4140625 0.4953125 0.0625 0.0515625
89 0.4171875 0.334375 0.08125 0.0625
89 0.425 0.16875 0.0765625 0.0515625
89 0.43125 0.5796875 0.046875 0.03125
89 0.4328125 0.4109375 0.05625 0.0375
89 0.434375 0.640625 0.0765625 0.05625
89 0.45 0.0859375 0.0828125 0.0640625
89 0.459375 0.45 0.0515625 0.0421875
89 0.4640625 0.378125 0.0515625 0.0375
89 0.4765625 0.215625 0.0765625 0.059375
89 0.48125 0.15 0.05 0.0375
89 0.4875 0.496875 0.078125 0.0625
89 0.496875 0.6953125 0.0859375 0.0671875
89 0.5078125 0.8625 0.0546875 0.0421875
89 0.509375 0.2765625 0.0765625 0.05625
89 0.5140625 0.6390625 0.05 0.0421875
89 0.515625 0.815625 0.0671875 0.0421875
89 0.5203125 0.3609375 0.0375 0.046875
89 0.528125 0.5765625 0.046875 0.0421875
89 0.528125 0.040625 0.0375 0.0234375
89 0.5328125 0.2421875 0.0421875 0.0328125
89 0.534375 0.425 0.1 0.0625
89 0.5390625 0.934375 0.0671875 0.0515625
89 0.54375 0.0859375 0.090625 0.0640625
89 0.5484375 0.16875 0.0953125 0.0765625
89 0.5546875 0.3140625 0.046875 0.0328125
89 0.5546875 0.7625 0.1 0.0640625
89 0.5625 0.7109375 0.0375 0.0328125
89 0.05625 0.809375 0.0515625 0.0375
89 0.565625 0.64375 0.040625 0.0359375
89 0.565625 0.5296875 0.071875 0.0515625
89 0.575 0.471875 0.0734375 0.0546875
89 0.5796875 0.2375 0.0421875 0.025
89 0.590625 0.9578125 0.0515625 0.0375
89 0.5953125 0.028125 0.059375 0.046875
89 0.596875 0.5890625 0.0828125 0.05625
89 0.6 0.815625 0.046875 0.0375
89 0.6265625 0.6984375 0.078125 0.0625
89 0.628125 0.0625 0.0375 0.0328125
89 0.6296875 0.94375 0.08125 0.0671875
89 0.6328125 0.121875 0.0953125 0.06875
89 0.6328125 0.5296875 0.05625 0.0515625
89 0.634375 0.7765625 0.0671875 0.0421875
89 0.640625 0.8890625 0.0546875 0.05
89 0.6484375 0.03125 0.0515625 0.040625
89 0.65 0.8453125 0.0515625 0.0375
89 0.6625 0.803125 0.0453125 0.0328125
89 0.6671875 0.6375 0.0546875 0.0375
89 0.6734375 0.58125 0.0765625 0.06875
89 0.6859375 0.73125 0.0515625 0.0375
89 0.0703125 0.8578125 0.071875 0.0515625
89 0.0703125 0.4421875 0.05 0.0375
89 0.721875 0.6796875 0.08125 0.0734375
89 0.7359375 0.6015625 0.0515625 0.0421875
89 0.7734375 0.1375 0.1125 0.0765625
89 0.775 0.29375 0.0765625 0.059375
89 0.078125 0.765625 0.0625 0.0421875
89 0.784375 0.6578125 0.05625 0.0375
89 0.7859375 0.203125 0.0984375 0.0765625
89 0.821875 0.5390625 0.05625 0.0375
89 0.821875 0.259375 0.05625 0.0375
89 0.821875 0.3984375 0.0765625 0.0625
89 0.8234375 0.3359375 0.0421875 0.0359375
89 0.0828125 0.715625 0.0671875 0.05
89 0.8265625 0.5859375 0.0515625 0.046875
89 0.83125 0.459375 0.0515625 0.0375
89 0.8359375 0.6390625 0.05 0.0375
89 0.85 0.89375 0.05625 0.0453125
89 0.85 0.690625 0.06875 0.0640625
89 0.85625 0.7734375 0.0515625 0.0375
89 0.8625 0.95 0.0859375 0.0640625
89 0.8640625 0.153125 0.071875 0.059375
89 0.865625 0.421875 0.0421875 0.0375
89 0.865625 0.29375 0.08125 0.05625
89 0.8734375 0.8484375 0.071875 0.059375
89 0.88125 0.340625 0.0515625 0.0328125
89 0.8828125 0.021875 0.05625 0.040625
89 0.8875 0.734375 0.0453125 0.0515625
89 0.8875 0.4671875 0.0421875 0.0421875
89 0.0890625 0.6015625 0.071875 0.05625
89 0.0890625 0.546875 0.0515625 0.0421875
89 0.8921875 0.659375 0.0375 0.0328125
