89 0.134375 0.3328125 0.078125 0.0421875
89 0.3984375 0.3125 0.0640625 0.0421875
89 0.7140625 0.309375 0.059375 0.0328125
89 0.26875 0.29375 0.06875 0.0453125
89 0.4359375 0.2859375 0.0453125 0.028125
89 0.3390625 0.2859375 0.06875 0.0421875
89 0.1359375 0.2734375 0.0859375 0.0515625
89 0.73125 0.2734375 0.0671875 0.040625
89 0.8359375 0.2625 0.05625 0.0375
89 0.390625 0.2578125 0.0546875 0.05
89 0.0640625 0.2578125 0.0421875 0.0328125
89 0.778125 0.2515625 0.05625 0.040625
89 0.0234375 0.2421875 0.0421875 0.0375
89 0.878125 0.921875 0.090625 0.0625
89 0.659375 0.2046875 0.0625 0.0453125
89 0.53125 0.1734375 0.0421875 0.0328125
89 0.5890625 0.159375 0.0421875 0.028125
89 0.28125 0.153125 0.0453125 0.028125
89 0.9703125 0.153125 0.0546875 0.0515625
89 0.221875 0.1375 0.071875 0.046875
89 0.4296875 0.128125 0.0875 0.0453125
89 0.58125 0.121875 0.0515625 0.0375
89 0.7484375 0.11875 0.0625 0.0546875
89 0.1328125 0.103125 0.1140625 0.0765625
89 0.04375 0.0875 0.0625 0.0328125
89 0.23125 0.0859375 0.078125 0.0453125
89 0.709375 0.075 0.0625 0.025
89 0.8875 0.071875 0.078125 0.01875
89 0.7109375 0.8859375 0.0875 0.05625
89 0.496875 0.846875 0.05 0.0359375
89 0.2359375 0.796875 0.0953125 0.0515625
89 0.6078125 0.79375 0.06875 0.046875
89 0.6765625 0.76875 0.08125 0.05
89 0.6453125 0.70625 0.0953125 0.05625
89 0.5375 0.6953125 0.0671875 0.0421875
89 0.125 0.6953125 0.103125 0.05625
89 0.509375 0.965625 0.103125 0.0671875
89 0.66875 0.6359375 0.0640625 0.0421875
89 0.95625 0.6125 0.0859375 0.0625
89 0.359375 0.5515625 0.06875 0.0421875
89 0.3359375 0.5 0.0859375 0.0515625
89 0.371875 0.4484375 0.090625 0.05625
89 0.2078125 0.425 0.0671875 0.0421875
89 0.465625 0.41875 0.0671875 0.0421875
