89 0.31875 0.3625 0.015625 0.0203125
89 0.3984375 0.3703125 0.0140625 0.0375
89 0.3671875 0.3734375 0.015625 0.0359375
89 0.1984375 0.3765625 0.0375 0.0671875
89 0.2375 0.3828125 0.0359375 0.0640625
89 0.434375 0.3875 0.009375 0.03125
89 0.3203125 0.3890625 0.015625 0.0328125
89 0.35625 0.39375 0.015625 0.0375
89 0.3375 0.39375 0.0140625 0.0328125
89 0.4453125 0.39375 0.009375 0.01875
89 0.428125 0.3953125 0.009375 0.0234375
89 0.3828125 0.4 0.01875 0.0359375
89 0.4203125 0.403125 0.0140625 0.0328125
89 0.296875 0.40625 0.0328125 0.0671875
89 0.40625 0.40625 0.0140625 0.0328125
89 0.465625 0.4171875 0.00625 0.0328125
89 0.4546875 0.4171875 0.009375 0.028125
89 0.26875 0.425 0.0234375 0.0453125
89 0.378125 0.428125 0.0140625 0.0375
89 0.353125 0.4328125 0.0140625 0.028125
89 0.3328125 0.434375 0.01875 0.046875
89 0.4015625 0.434375 0.0109375 0.0328125
89 0.14375 0.4359375 0.025 0.0515625
89 0.421875 0.440625 0.009375 0.028125
89 0.1796875 0.4421875 0.0375 0.071875
89 0.45 0.44375 0.0140625 0.0234375
89 0.3921875 0.4484375 0.0140625 0.0328125
89 0.2375 0.45 0.028125 0.05625
89 0.434375 0.4515625 0.0140625 0.0234375
89 0.2859375 0.4546875 0.01875 0.040625
89 0.034375 0.45625 0.028125 0.0546875
89 0.3703125 0.45625 0.0140625 0.03125
89 0.4625 0.4578125 0.0140625 0.028125
89 0.31875 0.4609375 0.01875 0.046875
89 0.415625 0.465625 0.009375 0.03125
89 0.4046875 0.4703125 0.0140625 0.0328125
89 0.428125 0.471875 0.009375 0.025
89 0.35625 0.471875 0.0203125 0.0421875
89 0.4375 0.4734375 0.009375 0.028125
89 0.265625 0.484375 0.025 0.05625
89 0.3375 0.484375 0.01875 0.046875
89 0.0640625 0.4921875 0.0328125 0.0625
89 0.1609375 0.49375 0.0375 0.059375
89 0.39375 0.49375 0.0140625 0.0328125
89 0.125 0.496875 0.0328125 0.05625
89 0.4296875 0.496875 0.009375 0.025
89 0.378125 0.5015625 0.0140625 0.0375
89 0.3 0.5015625 0.028125 0.05625
89 0.41875 0.5015625 0.0140625 0.028125
89 0.203125 0.50625 0.028125 0.046875
89 0.2375 0.5109375 0.0328125 0.0515625
89 0.3515625 0.51875 0.01875 0.0421875
89 0.09375 0.5203125 0.03125 0.0515625
89 0.440625 0.521875 0.009375 0.0234375
89 0.0359375 0.525 0.01875 0.0375
89 0.428125 0.5375 0.0140625 0.0359375
89 0.3828125 0.5375 0.0140625 0.0328125
89 0.4140625 0.540625 0.0140625 0.03125
89 0.3328125 0.5421875 0.0234375 0.0515625
89 0.184375 0.54375 0.028125 0.05625
89 0.278125 0.546875 0.0234375 0.046875
89 0.15625 0.5484375 0.0234375 0.0421875
89 0.0171875 0.5546875 0.028125 0.046875
89 0.1171875 0.5625 0.0453125 0.0765625
89 0.0625 0.565625 0.040625 0.078125
89 0.2234375 0.56875 0.0453125 0.08125
89 0.3546875 0.56875 0.01875 0.0421875
89 0.4046875 0.571875 0.015625 0.0421875
89 0.3109375 0.575 0.0375 0.0734375
89 0.3890625 0.575 0.0140625 0.03125
89 0.2734375 0.590625 0.0234375 0.0359375
89 0.165625 0.596875 0.0328125 0.0515625
89 0.253125 0.6046875 0.0234375 0.05
89 0.0265625 0.6125 0.0328125 0.0765625
89 0.1953125 0.61875 0.028125 0.05
89 0.2890625 0.628125 0.0234375 0.046875
89 0.1328125 0.6296875 0.0328125 0.05625
89 0.090625 0.6390625 0.046875 0.0875
89 0.3203125 0.640625 0.0234375 0.0515625
89 0.2359375 0.65 0.028125 0.0515625
89 0.26875 0.6609375 0.0234375 0.05625
89 0.1703125 0.6640625 0.0328125 0.0625
89 0.2015625 0.66875 0.0234375 0.0453125
89 0.053125 0.6703125 0.0328125 0.0734375
89 0.2953125 0.6734375 0.0234375 0.046875
89 0.0203125 0.6859375 0.0234375 0.046875
89 0.1390625 0.690625 0.03125 0.0546875
89 0.2453125 0.703125 0.0234375 0.0453125
89 0.08125 0.7046875 0.0234375 0.0453125
89 0.2171875 0.7171875 0.028125 0.0421875
89 0.1078125 0.7203125 0.028125 0.046875
89 0.0078125 0.721875 0.015625 0.046875
89 0.1625 0.725 0.0328125 0.0515625
89 0.0359375 0.7296875 0.0234375 0.040625
89 0.065625 0.734375 0.0203125 0.040625
89 0.190625 0.7625 0.0328125 0.046875
89 0.221875 0.7671875 0.0234375 0.040625
89 0.090625 0.76875 0.03125 0.05625
89 0.125 0.7765625 0.0328125 0.059375
89 0.028125 0.7765625 0.01875 0.0421875
89 0.1578125 0.778125 0.0234375 0.0421875
89 0.0546875 0.7984375 0.0328125 0.0671875
89 0.2109375 0.815625 0.0234375 0.046875
89 0.1796875 0.81875 0.03125 0.0546875
89 0.14375 0.8234375 0.028125 0.046875
89 0.028125 0.83125 0.028125 0.0625
89 0.103125 0.8328125 0.0328125 0.046875
89 0.1953125 0.8515625 0.0234375 0.0421875
89 0.2828125 0.85625 0.025 0.046875
89 0.165625 0.8578125 0.028125 0.0453125
