89 0.7734375 0.8671875 0.0734375 0.109375
89 0.6859375 0.821875 0.109375 0.1578125
89 0.821875 0.765625 0.1171875 0.1765625
89 0.2578125 0.7625 0.11875 0.14375
89 0.9328125 0.75 0.1046875 0.13125
89 0.5546875 0.70625 0.1296875 0.1484375
89 0.0625 0.6546875 0.125 0.2125
89 0.846875 0.6484375 0.0546875 0.071875
89 0.7578125 0.609375 0.13125 0.15
89 0.1640625 0.5078125 0.1625 0.2015625
89 0.884375 0.503125 0.134375 0.196875
89 0.3671875 0.4875 0.1796875 0.246875
89 0.05625 0.3734375 0.1125 0.2109375
89 0.1484375 0.3671875 0.06875 0.0953125
89 0.4875 0.359375 0.109375 0.171875
89 0.2515625 0.3296875 0.15 0.2015625
89 0.9125 0.3296875 0.1 0.14375
89 0.7078125 0.26875 0.0515625 0.071875
89 0.075 0.925 0.1390625 0.14375
89 0.34375 0.9234375 0.1296875 0.1484375
89 0.1171875 0.21875 0.1625 0.1890625
89 0.8875 0.1828125 0.1046875 0.1296875
89 0.4765625 0.165625 0.1359375 0.1484375
89 0.7359375 0.1625 0.1671875 0.1390625
89 0.2640625 0.159375 0.1359375 0.1359375
