89 0.1265625 0.865625 0.1046875 0.0828125
89 0.1953125 0.1140625 0.2734375 0.1984375
89 0.2 0.675 0.1296875 0.1359375
89 0.29375 0.4171875 0.4078125 0.2921875
89 0.3109375 0.60625 0.1390625 0.0859375
89 0.3171875 0.925 0.3265625 0.1453125
89 0.3578125 0.7109375 0.134375 0.09375
89 0.3671875 0.796875 0.125 0.078125
89 0.45 0.634375 0.1390625 0.090625
89 0.5359375 0.1796875 0.384375 0.2078125
89 0.6140625 0.559375 0.2546875 0.1625
89 0.6296875 0.7671875 0.3890625 0.2328125
89 0.0640625 0.71875 0.1265625 0.1609375
89 0.6359375 0.3796875 0.290625 0.1796875
89 0.684375 0.9453125 0.4203125 0.1046875
89 0.809375 0.1609375 0.165625 0.2109375
89 0.834375 0.58125 0.11875 0.1765625
89 0.840625 0.3796875 0.1 0.20625
89 0.84375 0.8453125 0.103125 0.1671875
89 0.0859375 0.3 0.171875 0.225
89 0.096875 0.5484375 0.1921875 0.18125
