89 0.1578125 0.7734375 0.1484375 0.234375
89 0.1375 0.1296875 0.1140625 0.1484375
89 0.1375 0.4515625 0.109375 0.14375
89 0.890625 0.85625 0.215625 0.215625
89 0.8625 0.3484375 0.26875 0.225
89 0.85 0.08125 0.153125 0.121875
89 0.76875 0.690625 0.259375 0.1984375
89 0.7015625 0.03125 0.15625 0.0625
89 0.6625 0.240625 0.215625 0.165625
89 0.646875 0.8515625 0.1765625 0.134375
89 0.9609375 0.1078125 0.071875 0.18125
89 0.5640625 0.6921875 0.1265625 0.109375
89 0.546875 0.3875 0.1703125 0.1609375
89 0.5296875 0.95 0.1890625 0.0953125
89 0.5 0.5515625 0.19375 0.153125
89 0.4671875 0.8078125 0.1484375 0.1578125
89 0.4546875 0.0984375 0.1578125 0.1578125
89 0.3984375 0.3828125 0.1296875 0.109375
89 0.3796875 0.6625 0.2296875 0.165625
89 0.325 0.2203125 0.14375 0.14375
89 0.3125 0.9640625 0.0984375 0.06875
89 0.30625 0.7390625 0.1 0.0765625
89 0.2828125 0.85625 0.14375 0.1296875
89 0.2625 0.05625 0.1921875 0.109375
89 0.259375 0.471875 0.1390625 0.1171875
89 0.215625 0.3421875 0.171875 0.1484375
89 0.91875 0.5546875 0.1578125 0.15625
89 0.2 0.571875 0.14375 0.11875
