89 0.8734375 0.7609375 0.246875 0.265625
89 0.8015625 0.3609375 0.3125 0.2390625
89 0.771875 0.8828125 0.071875 0.05625
89 0.7515625 0.971875 0.2296875 0.0546875
89 0.7109375 0.5609375 0.2234375 0.1671875
89 0.6328125 0.90625 0.1921875 0.134375
89 0.9609375 0.95 0.0734375 0.09375
89 0.6140625 0.28125 0.0859375 0.0640625
89 0.6125 0.7234375 0.2390625 0.1671875
89 0.578125 0.1515625 0.25 0.19375
89 0.4921875 0.584375 0.21875 0.1578125
89 0.4296875 0.3671875 0.36875 0.265625
89 0.4203125 0.8265625 0.246875 0.1765625
89 0.4140625 0.03125 0.2109375 0.0625
89 0.284375 0.6703125 0.2203125 0.165625
89 0.2234375 0.16875 0.2640625 0.2609375
89 0.2078125 0.85625 0.171875 0.13125
89 0.1984375 0.4953125 0.2109375 0.171875
89 0.9171875 0.1484375 0.1609375 0.21875
89 0.128125 0.346875 0.0765625 0.1
89 0.1265625 0.675 0.071875 0.1171875
