89 0.5015625 0.7109375 0.08125 0.0953125
89 0.5578125 0.6375 0.0515625 0.0765625
89 0.5984375 0.6265625 0.046875 0.059375
89 0.4859375 0.5984375 0.0875 0.134375
89 0.68125 0.5984375 0.0328125 0.0515625
89 0.60625 0.55625 0.0515625 0.090625
89 0.7171875 0.5546875 0.0546875 0.0859375
89 0.4515625 0.5390625 0.05625 0.08125
89 0.7765625 0.5359375 0.028125 0.0515625
89 0.840625 0.534375 0.0328125 0.0625
89 0.3875 0.534375 0.0625 0.090625
89 0.6421875 0.5234375 0.05625 0.090625
89 0.5484375 0.496875 0.05 0.0765625
89 0.7359375 0.478125 0.0515625 0.0875
89 0.85625 0.4703125 0.03125 0.0640625
89 0.6546875 0.453125 0.0375 0.0625
89 0.48125 0.4515625 0.059375 0.0953125
89 0.3546875 0.4421875 0.0859375 0.121875
89 0.6171875 0.440625 0.0515625 0.078125
89 0.915625 0.4265625 0.025 0.05625
89 0.70625 0.4171875 0.03125 0.05
89 0.5421875 0.415625 0.08125 0.103125
89 0.7828125 0.4078125 0.028125 0.0546875
89 0.215625 0.3515625 0.06875 0.0828125
89 0.290625 0.3390625 0.08125 0.1046875
