89 0.60625 0.4484375 0.0375 0.0546875
89 0.5765625 0.4796875 0.040625 0.0734375
89 0.5078125 0.4875 0.03125 0.05
89 0.653125 0.4953125 0.0375 0.071875
89 0.6765625 0.5 0.0234375 0.0375
89 0.7078125 0.5171875 0.028125 0.0421875
89 0.609375 0.5265625 0.046875 0.0765625
89 0.48125 0.5390625 0.0421875 0.0765625
89 0.7734375 0.5390625 0.0453125 0.0671875
89 0.5359375 0.55625 0.0515625 0.0765625
89 0.3578125 0.575 0.0328125 0.0625
89 0.7 0.578125 0.046875 0.0734375
89 0.6453125 0.584375 0.05625 0.090625
89 0.575 0.6046875 0.0515625 0.0765625
89 0.446875 0.615625 0.06875 0.09375
89 0.7703125 0.621875 0.06875 0.090625
89 0.515625 0.6390625 0.0515625 0.0859375
89 0.6140625 0.675 0.071875 0.1140625
89 0.3765625 0.6765625 0.0328125 0.0515625
89 0.5328125 0.690625 0.0328125 0.0546875
89 0.475 0.71875 0.0421875 0.071875
89 0.51875 0.734375 0.0453125 0.0859375
89 0.409375 0.7390625 0.0421875 0.078125
89 0.76875 0.753125 0.0671875 0.1
89 0.6640625 0.7671875 0.0765625 0.1046875
89 0.565625 0.76875 0.0625 0.0953125
89 0.484375 0.803125 0.0515625 0.08125
89 0.4171875 0.8203125 0.046875 0.0765625
