89 0.08125 0.09375 0.028125 0.0421875
89 0.0078125 0.096875 0.015625 0.046875
89 0.2109375 0.0984375 0.0421875 0.0515625
89 0.825 0.1046875 0.05625 0.0765625
89 0.0421875 0.10625 0.0328125 0.046875
89 0.6140625 0.1125 0.0234375 0.0328125
89 0.315625 0.0125 0.040625 0.0234375
89 0.8734375 0.1171875 0.028125 0.03125
89 0.3625 0.1234375 0.0625 0.0875
89 0.9328125 0.125 0.0421875 0.0671875
89 0.303125 0.125 0.040625 0.0515625
89 0.5875 0.128125 0.028125 0.0328125
89 0.5390625 0.134375 0.05625 0.0875
89 0.7609375 0.1359375 0.0515625 0.0734375
89 0.4296875 0.0140625 0.05625 0.028125
89 0.1734375 0.1390625 0.046875 0.0625
89 0.4828125 0.140625 0.0140625 0.0234375
89 0.025 0.1421875 0.028125 0.0359375
89 0.065625 0.1453125 0.0421875 0.05625
89 0.984375 0.15 0.025 0.0640625
89 0.2578125 0.153125 0.0515625 0.0625
89 0.2109375 0.1546875 0.025 0.028125
89 0.41875 0.1671875 0.0375 0.0515625
89 0.4921875 0.1671875 0.0140625 0.01875
89 0.265625 0.01875 0.046875 0.0328125
89 0.1046875 0.1765625 0.046875 0.05625
89 0.7984375 0.178125 0.0359375 0.046875
89 0.7140625 0.01875 0.01875 0.0234375
89 0.3703125 0.01875 0.05625 0.0375
89 0.5921875 0.1875 0.059375 0.0671875
89 0.8734375 0.1875 0.109375 0.1046875
89 0.69375 0.190625 0.046875 0.046875
89 0.303125 0.1953125 0.05625 0.0828125
89 0.4609375 0.196875 0.0421875 0.046875
89 0.5078125 0.196875 0.0328125 0.046875
89 0.7421875 0.2 0.0421875 0.0515625
89 0.1546875 0.2015625 0.040625 0.0625
89 0.5453125 0.203125 0.028125 0.0328125
89 0.2109375 0.20625 0.05625 0.0765625
89 0.1328125 0.021875 0.025 0.0421875
89 0.0390625 0.215625 0.0765625 0.1046875
89 0.528125 0.23125 0.028125 0.0375
89 0.628125 0.23125 0.0375 0.0515625
89 0.8046875 0.2375 0.0453125 0.0625
89 0.7125 0.2375 0.025 0.0375
89 0.109375 0.24375 0.0625 0.0859375
89 0.5703125 0.25 0.046875 0.0625
89 0.953125 0.2515625 0.090625 0.1296875
89 0.465625 0.253125 0.0421875 0.0625
89 0.6875 0.025 0.025 0.0359375
89 0.6734375 0.2546875 0.05 0.0640625
89 0.76875 0.265625 0.040625 0.05625
89 0.290625 0.271875 0.0453125 0.059375
89 0.8625 0.275 0.0515625 0.071875
89 0.35625 0.2796875 0.046875 0.0671875
89 0.4125 0.2890625 0.0375 0.0546875
89 0.7296875 0.290625 0.046875 0.0640625
89 0.7984375 0.3 0.040625 0.05
89 0.5125 0.3015625 0.059375 0.08125
89 0.225 0.303125 0.0734375 0.1
89 0.4609375 0.309375 0.0328125 0.0453125
89 0.68125 0.3140625 0.0375 0.046875
89 0.059375 0.321875 0.0828125 0.1125
89 0.2796875 0.321875 0.0234375 0.03125
89 0.3828125 0.328125 0.040625 0.05
89 0.31875 0.328125 0.046875 0.0671875
89 0.8359375 0.33125 0.028125 0.0375
89 0.2203125 0.034375 0.0421875 0.0640625
89 0.4296875 0.3453125 0.05 0.0640625
89 0.9765625 0.3484375 0.040625 0.071875
89 0.16875 0.346875 0.0453125 0.0625
89 0.55625 0.3609375 0.0515625 0.0671875
89 0.4828125 0.3625 0.0375 0.0546875
89 0.6640625 0.3671875 0.0421875 0.0515625
89 0.353125 0.3734375 0.0421875 0.05625
89 0.1125 0.3765625 0.0515625 0.0671875
89 0.5203125 0.378125 0.0140625 0.0234375
89 0.034375 0.0390625 0.0671875 0.0765625
89 0.5703125 0.0390625 0.0625 0.078125
89 0.0234375 0.3984375 0.0421875 0.0640625
89 0.1484375 0.3984375 0.0234375 0.03125
89 0.45 0.403125 0.0375 0.05625
89 0.259375 0.403125 0.1 0.11875
89 0.6078125 0.409375 0.0640625 0.08125
89 0.184375 0.415625 0.0375 0.05625
89 0.8609375 0.4203125 0.028125 0.040625
89 0.075 0.421875 0.046875 0.0625
89 0.9234375 0.04375 0.01875 0.025
89 0.33125 0.434375 0.05625 0.071875
89 0.196875 0.453125 0.0234375 0.028125
89 0.425 0.4625 0.046875 0.0671875
89 0.1296875 0.46875 0.0765625 0.0984375
89 0.459375 0.46875 0.0140625 0.01875
89 0.0296875 0.4703125 0.05 0.0765625
89 0.515625 0.4859375 0.05625 0.08125
89 0.6390625 0.05 0.0625 0.0765625
89 0.28125 0.4921875 0.0625 0.08125
89 0.76875 0.05 0.0828125 0.1
89 0.8296875 0.05 0.0203125 0.03125
89 0.6078125 0.5078125 0.0765625 0.1
89 0.2125 0.509375 0.071875 0.0875
89 0.421875 0.51875 0.0234375 0.028125
89 0.459375 0.5234375 0.046875 0.0671875
89 0.7078125 0.053125 0.03125 0.03125
89 0.0765625 0.5265625 0.05 0.0625
89 0.3578125 0.5265625 0.0765625 0.1171875
89 0.8 0.55 0.0515625 0.0640625
89 0.88125 0.0546875 0.0625 0.0859375
89 0.109375 0.05625 0.040625 0.05
89 0.16875 0.56875 0.0421875 0.0625
89 0.41875 0.5703125 0.046875 0.0625
89 0.121875 0.575 0.01875 0.0234375
89 0.090625 0.5796875 0.03125 0.0421875
89 0.35625 0.059375 0.01875 0.025
89 0.8265625 0.584375 0.028125 0.0375
89 0.6421875 0.5984375 0.0328125 0.05
89 0.48125 0.5984375 0.05625 0.071875
89 0.3203125 0.059375 0.046875 0.059375
89 0.5953125 0.60625 0.05625 0.0765625
89 0.6890625 0.60625 0.0515625 0.0671875
89 0.3671875 0.60625 0.0359375 0.0453125
89 0.2515625 0.60625 0.0328125 0.046875
89 0.48125 0.0609375 0.0765625 0.09375
89 0.9609375 0.6125 0.0734375 0.1171875
89 0.2 0.6109375 0.046875 0.0625
89 0.5390625 0.6125 0.0328125 0.05625
89 0.1671875 0.0609375 0.0625 0.071875
89 0.28125 0.621875 0.028125 0.0421875
89 0.4359375 0.6296875 0.025 0.0375
89 0.3484375 0.6484375 0.0328125 0.046875
89 0.76875 0.653125 0.125 0.134375
89 0.5125 0.653125 0.0359375 0.0421875
89 0.890625 0.653125 0.078125 0.0953125
89 0.4125 0.0671875 0.0453125 0.0671875
89 0.5625 0.6859375 0.0328125 0.0421875
89 0.940625 0.0703125 0.0203125 0.03125
89 0.059375 0.70625 0.0515625 0.0875
89 0.3359375 0.709375 0.0515625 0.0765625
89 0.821875 0.7140625 0.028125 0.0375
89 0.91875 0.7140625 0.028125 0.0375
89 0.85625 0.715625 0.028125 0.0375
89 0.5109375 0.721875 0.0625 0.090625
89 0.5796875 0.7296875 0.0328125 0.0421875
89 0.975 0.075 0.0453125 0.0828125
89 0.6640625 0.7359375 0.05625 0.071875
89 0.1140625 0.7375 0.0515625 0.08125
89 0.8921875 0.7375 0.025 0.0375
89 0.4 0.7421875 0.0234375 0.0328125
89 0.6125 0.746875 0.028125 0.0375
89 0.371875 0.7546875 0.0328125 0.0453125
89 0.340625 0.7625 0.015625 0.025
89 0.0265625 0.7734375 0.0515625 0.071875
89 0.7875 0.775 0.0234375 0.0328125
89 0.2625 0.078125 0.0515625 0.0671875
89 0.4453125 0.78125 0.0765625 0.1
89 0.2828125 0.7828125 0.0875 0.11875
89 0.1859375 0.784375 0.08125 0.0984375
89 0.5078125 0.796875 0.03125 0.0421875
89 0.1203125 0.8078125 0.0953125 0.078125
89 0.565625 0.8078125 0.0671875 0.090625
89 0.346875 0.809375 0.0328125 0.059375
89 0.9484375 0.85 0.0515625 0.08125
89 0.3171875 0.8578125 0.040625 0.0515625
89 0.8734375 0.8578125 0.059375 0.08125
89 0.3921875 0.8640625 0.103125 0.0859375
89 0.0390625 0.8640625 0.0765625 0.0875
89 0.221875 0.8671875 0.0515625 0.0734375
89 0.4953125 0.8671875 0.09375 0.08125
89 0.721875 0.0875 0.0203125 0.0375
89 0.6 0.871875 0.0984375 0.0671875
89 0.7875 0.871875 0.0328125 0.0546875
