89 0.275 0.1984375 0.040625 0.0109375
89 0.303125 0.1859375 0.0359375 0.0140625
89 0.3125 0.1734375 0.0421875 0.009375
89 0.315625 0.2 0.0375 0.015625
89 0.3171875 0.21875 0.0375 0.0140625
89 0.3359375 0.2546875 0.0515625 0.01875
89 0.3359375 0.2390625 0.0421875 0.0140625
89 0.359375 0.15625 0.0328125 0.009375
89 0.3828125 0.196875 0.0375 0.0140625
89 0.3984375 0.159375 0.0421875 0.009375
89 0.4015625 0.3015625 0.109375 0.0625
89 0.403125 0.2109375 0.0375 0.009375
89 0.409375 0.1765625 0.046875 0.009375
89 0.4140625 0.1390625 0.0328125 0.0140625
89 0.4171875 0.2484375 0.1046875 0.0375
89 0.4296875 0.596875 0.028125 0.01875
89 0.434375 0.1640625 0.0328125 0.009375
89 0.4375 0.6328125 0.028125 0.01875
89 0.446875 0.58125 0.01875 0.0140625
89 0.45 0.1359375 0.0328125 0.009375
89 0.45 0.21875 0.05 0.01875
89 0.453125 0.609375 0.0234375 0.0140625
89 0.4625 0.171875 0.0328125 0.009375
89 0.4640625 0.6203125 0.0234375 0.01875
89 0.465625 0.6453125 0.0328125 0.0234375
89 0.4828125 0.628125 0.01875 0.0140625
89 0.4921875 0.29375 0.0734375 0.0375
89 0.4953125 0.23125 0.03125 0.0140625
89 0.4953125 0.14375 0.0375 0.015625
89 0.496875 0.26875 0.11875 0.046875
89 0.4984375 0.1734375 0.0375 0.0140625
89 0.5109375 0.1890625 0.0359375 0.009375
89 0.5234375 0.2109375 0.03125 0.009375
89 0.5265625 0.23125 0.028125 0.0140625
89 0.5390625 0.1484375 0.0421875 0.009375
89 0.5546875 0.20625 0.0328125 0.0140625
89 0.5640625 0.303125 0.0625 0.028125
89 0.5703125 0.1796875 0.0859375 0.0140625
89 0.571875 0.28125 0.0375 0.0203125
89 0.5796875 0.1671875 0.0375 0.009375
89 0.58125 0.2265625 0.071875 0.028125
89 0.6 0.20625 0.05625 0.015625
89 0.609375 0.3359375 0.0625 0.0375
89 0.6484375 0.2453125 0.1125 0.0375
89 0.65625 0.2875 0.1046875 0.0515625
89 0.659375 0.896875 0.1671875 0.13125
89 0.684375 0.35625 0.0671875 0.046875
89 0.6921875 0.428125 0.071875 0.0453125
89 0.69375 0.75625 0.0953125 0.071875
89 0.70625 0.6640625 0.11875 0.103125
89 0.7640625 0.6015625 0.078125 0.05625
89 0.76875 0.8359375 0.09375 0.06875
89 0.771875 0.3671875 0.0765625 0.0515625
89 0.7890625 0.75 0.090625 0.0734375
89 0.7921875 0.6734375 0.0625 0.0671875
89 0.7921875 0.5140625 0.125 0.1046875
89 0.8515625 0.825 0.08125 0.0765625
89 0.8609375 0.9015625 0.0859375 0.0765625
89 0.8734375 0.9734375 0.0734375 0.046875
