89 0.715625 0.096875 0.0515625 0.078125
89 0.8125 0.1375 0.0828125 0.1140625
89 0.165625 0.153125 0.071875 0.11875
89 0.634375 0.1609375 0.0734375 0.1140625
89 0.26875 0.1640625 0.0953125 0.14375
89 0.9703125 0.16875 0.05625 0.090625
89 0.0546875 0.1703125 0.0765625 0.1140625
89 0.909375 0.178125 0.05625 0.078125
89 0.415625 0.221875 0.0859375 0.11875
89 0.7625 0.234375 0.0625 0.0859375
89 0.8390625 0.2375 0.0625 0.0875
89 0.5375 0.240625 0.0671875 0.103125
89 0.975 0.2484375 0.0453125 0.0734375
89 0.1 0.259375 0.06875 0.1125
89 0.6015625 0.2734375 0.0859375 0.1140625
89 0.2375 0.2734375 0.0765625 0.109375
89 0.86875 0.284375 0.0375 0.05625
89 0.33125 0.3046875 0.09375 0.134375
89 0.675 0.315625 0.0953125 0.1390625
89 0.775 0.334375 0.0625 0.0828125
89 0.95625 0.3375 0.0625 0.0828125
89 0.4671875 0.346875 0.0328125 0.0328125
89 0.8796875 0.346875 0.0625 0.078125
89 0.159375 0.0375 0.059375 0.0734375
89 0.371875 0.3859375 0.1046875 0.1390625
89 0.18125 0.3921875 0.1 0.15
89 0.5125 0.3953125 0.06875 0.1171875
89 0.9140625 0.396875 0.05 0.0625
89 0.0921875 0.403125 0.0765625 0.090625
89 0.7375 0.040625 0.0765625 0.078125
89 0.9734375 0.4109375 0.046875 0.0671875
89 0.75625 0.4140625 0.0515625 0.0734375
89 0.846875 0.0421875 0.06875 0.0765625
89 0.59375 0.4265625 0.13125 0.1765625
89 0.8828125 0.44375 0.059375 0.0859375
89 0.2125 0.48125 0.046875 0.0734375
89 0.725 0.4859375 0.071875 0.1
89 0.7953125 0.4875 0.0515625 0.0765625
89 0.046875 0.496875 0.059375 0.0984375
89 0.9234375 0.51875 0.0625 0.08125
89 0.4796875 0.521875 0.0375 0.046875
89 0.3671875 0.525 0.0515625 0.0859375
89 0.846875 0.5265625 0.0375 0.05625
89 0.9484375 0.0546875 0.1 0.1046875
89 0.284375 0.5765625 0.0515625 0.0765625
89 0.7640625 0.578125 0.0625 0.0828125
89 0.8453125 0.578125 0.0328125 0.05
89 0.0953125 0.5921875 0.0421875 0.0671875
89 0.065625 0.059375 0.0625 0.1
89 0.9 0.6078125 0.071875 0.103125
89 0.4625 0.6234375 0.0859375 0.13125
89 0.2125 0.6375 0.09375 0.15625
89 0.653125 0.646875 0.0859375 0.11875
89 0.746875 0.6515625 0.046875 0.05625
89 0.3265625 0.6671875 0.1 0.1484375
89 0.5421875 0.675 0.0625 0.0875
89 0.76875 0.6859375 0.05625 0.0734375
89 0.971875 0.690625 0.0515625 0.14375
89 0.4234375 0.70625 0.059375 0.0859375
89 0.103125 0.7109375 0.05625 0.0859375
89 0.8546875 0.7140625 0.071875 0.0953125
89 0.478125 0.721875 0.0421875 0.0546875
89 0.725 0.728125 0.071875 0.109375
89 0.271875 0.7390625 0.05 0.071875
89 0.621875 0.75625 0.046875 0.071875
89 0.8984375 0.7609375 0.0375 0.0546875
89 0.471875 0.765625 0.0328125 0.0375
89 0.3765625 0.76875 0.040625 0.0625
89 0.6828125 0.7796875 0.03125 0.0421875
89 0.825 0.784375 0.08125 0.1125
89 0.5546875 0.7890625 0.0765625 0.109375
89 0.4296875 0.7921875 0.046875 0.0640625
89 0.1875 0.7984375 0.0765625 0.1125
89 0.3046875 0.8046875 0.06875 0.0984375
89 0.35625 0.08125 0.0953125 0.1484375
89 0.0859375 0.809375 0.0625 0.0953125
89 0.7328125 0.834375 0.0328125 0.05
89 0.6234375 0.8484375 0.0625 0.0953125
89 0.4578125 0.8484375 0.05 0.0625
89 0.7265625 0.8703125 0.08125 0.0765625
89 0.2390625 0.871875 0.0671875 0.071875
89 0.2984375 0.871875 0.0515625 0.0671875
89 0.80625 0.878125 0.0625 0.0625
89 0.8734375 0.8875 0.0734375 0.0375
