89 0.0953125 0.2375 0.1484375 0.1
89 0.096875 0.6234375 0.1046875 0.0734375
89 0.1015625 0.853125 0.0875 0.0640625
89 0.1375 0.9296875 0.0859375 0.0640625
89 0.1390625 0.040625 0.125 0.08125
89 0.14375 0.3609375 0.15 0.109375
89 0.1625 0.140625 0.1296875 0.090625
89 0.1640625 0.7 0.090625 0.0625
89 0.165625 0.778125 0.1 0.0734375
89 0.1859375 0.55 0.1125 0.0859375
89 0.1890625 0.9828125 0.0984375 0.028125
89 0.01875 0.6671875 0.0375 0.071875
89 0.2046875 0.46875 0.0984375 0.0671875
89 0.2109375 0.9359375 0.0421875 0.0328125
89 0.225 0.8578125 0.134375 0.1046875
89 0.2359375 0.0171875 0.0953125 0.03125
89 0.2390625 0.2375 0.1140625 0.0859375
89 0.2421875 0.3109375 0.0765625 0.05
89 0.2421875 0.6328125 0.0734375 0.0515625
89 0.2421875 0.1796875 0.040625 0.028125
89 0.2546875 0.7109375 0.090625 0.0671875
89 0.2609375 0.0875 0.109375 0.08125
89 0.26875 0.3890625 0.090625 0.0671875
89 0.26875 0.78125 0.0671875 0.046875
89 0.028125 0.578125 0.05625 0.0984375
89 0.0296875 0.3109375 0.059375 0.08125
89 0.3046875 0.490625 0.1 0.071875
89 0.3109375 0.171875 0.090625 0.0671875
89 0.3109375 0.9453125 0.153125 0.1046875
89 0.3125 0.5671875 0.1078125 0.0765625
89 0.3296875 0.753125 0.0734375 0.059375
89 0.3328125 0.3328125 0.1046875 0.071875
89 0.334375 0.64375 0.1046875 0.0734375
89 0.3375 0.43125 0.046875 0.0328125
89 0.340625 0.8484375 0.0953125 0.0765625
89 0.3546875 0.253125 0.1 0.0765625
89 0.3578125 0.121875 0.05 0.0375
89 0.3609375 0.03125 0.134375 0.0625
89 0.371875 0.39375 0.0734375 0.0515625
89 0.0390625 0.39375 0.0765625 0.08125
89 0.3921875 0.6953125 0.071875 0.0515625
89 0.3953125 0.7890625 0.0453125 0.0328125
89 0.0390625 0.059375 0.078125 0.059375
89 0.4 0.084375 0.0625 0.0421875
89 0.4 0.5265625 0.1 0.0671875
89 0.4109375 0.346875 0.0515625 0.0421875
89 0.415625 0.8203125 0.0421875 0.0328125
89 0.4296875 0.453125 0.1046875 0.0765625
89 0.4296875 0.1859375 0.1296875 0.0953125
89 0.43125 0.60625 0.109375 0.078125
89 0.43125 0.1125 0.05 0.0375
89 0.4328125 0.753125 0.0828125 0.0625
89 0.4421875 0.925 0.0859375 0.06875
89 0.44375 0.8625 0.0765625 0.05625
89 0.04375 0.1328125 0.0828125 0.059375
89 0.0453125 0.9109375 0.0765625 0.059375
89 0.465625 0.0296875 0.0625 0.0453125
89 0.4875 0.271875 0.125 0.090625
89 0.4875 0.3828125 0.109375 0.08125
89 0.4984375 0.80625 0.1078125 0.0859375
89 0.503125 0.675 0.1296875 0.0875
89 0.5078125 0.1015625 0.1125 0.0859375
89 0.5078125 0.975 0.13125 0.0453125
89 0.5078125 0.51875 0.1125 0.08125
89 0.5203125 0.5875 0.0671875 0.0546875
89 0.0546875 0.978125 0.1078125 0.0375
89 0.0546875 0.753125 0.1046875 0.0765625
89 0.5546875 0.0296875 0.1046875 0.05625
89 0.56875 0.1828125 0.0984375 0.0671875
89 0.5703125 0.8859375 0.13125 0.0953125
89 0.58125 0.60625 0.0625 0.046875
89 0.5953125 0.246875 0.05625 0.05
89 0.596875 0.74375 0.13125 0.1
89 0.603125 0.45 0.1453125 0.1046875
89 0.609375 0.6578125 0.0640625 0.0421875
89 0.621875 0.3296875 0.14375 0.1046875
89 0.6265625 0.103125 0.125 0.0953125
89 0.63125 0.540625 0.090625 0.06875
89 0.6359375 0.9578125 0.1265625 0.078125
89 0.64375 0.8265625 0.08125 0.05625
89 0.6734375 0.690625 0.05 0.0375
89 0.675 0.2 0.1171875 0.090625
89 0.6875 0.73125 0.0515625 0.040625
89 0.6890625 0.6015625 0.1125 0.0828125
89 0.70625 0.2734375 0.0546875 0.05
89 0.7171875 0.8984375 0.1046875 0.0859375
89 0.7171875 0.321875 0.0453125 0.03125
89 0.7234375 0.046875 0.134375 0.090625
89 0.728125 0.3890625 0.11875 0.090625
89 0.7375 0.7875 0.1171875 0.0828125
89 0.7546875 0.1359375 0.1 0.0734375
89 0.7578125 0.4875 0.1359375 0.1046875
89 0.76875 0.2734375 0.0625 0.046875
89 0.778125 0.2125 0.05625 0.0421875
89 0.7890625 0.58125 0.0859375 0.0625
89 0.79375 0.965625 0.1046875 0.0625
89 0.79375 0.684375 0.153125 0.125
89 0.8171875 0.3328125 0.0984375 0.078125
89 0.08125 0.5453125 0.0640625 0.0421875
89 0.8390625 0.178125 0.0671875 0.0515625
89 0.084375 0.6875 0.0671875 0.046875
89 0.846875 0.0859375 0.1 0.06875
89 0.85625 0.88125 0.1046875 0.1578125
89 0.85625 0.2671875 0.078125 0.05625
89 0.85625 0.425 0.103125 0.0984375
89 0.85625 0.0234375 0.1 0.046875
89 0.865625 0.534375 0.0859375 0.109375
89 0.0875 0.471875 0.1265625 0.090625
89 0.88125 0.6328125 0.0546875 0.071875
89 0.884375 0.73125 0.046875 0.0984375
