89 0.18125 0.56875 0.1390625 0.1171875
89 0.1453125 0.7578125 0.125 0.20625
89 0.128125 0.446875 0.090625 0.1390625
89 0.1234375 0.1453125 0.0859375 0.14375
89 0.878125 0.55625 0.1765625 0.1390625
89 0.8625 0.8359375 0.259375 0.1890625
89 0.8140625 0.35625 0.24375 0.196875
89 0.803125 0.1015625 0.1484375 0.125
89 0.71875 0.68125 0.2375 0.1796875
89 0.965625 0.315625 0.0625 0.18125
89 0.66875 0.0390625 0.15625 0.0765625
89 0.621875 0.2546875 0.2015625 0.14375
89 0.6046875 0.8328125 0.1671875 0.13125
89 0.9546875 0.684375 0.0859375 0.15
89 0.5328125 0.678125 0.125 0.1046875
89 0.5109375 0.3890625 0.165625 0.1453125
89 0.496875 0.934375 0.184375 0.1265625
89 0.4671875 0.55 0.18125 0.14375
89 0.4234375 0.1125 0.1578125 0.15625
89 0.3796875 0.921875 0.0546875 0.0546875
89 0.9375 0.1265625 0.11875 0.1890625
89 0.3671875 0.3875 0.125 0.1
89 0.3515625 0.6484375 0.2109375 0.153125
89 0.2953125 0.2296875 0.134375 0.1265625
89 0.2921875 0.9375 0.0859375 0.0734375
89 0.284375 0.7203125 0.1 0.071875
89 0.2609375 0.83125 0.1296875 0.11875
89 0.2421875 0.0640625 0.1875 0.1265625
89 0.2359375 0.4734375 0.13125 0.1125
89 0.1953125 0.971875 0.121875 0.0515625
89 0.19375 0.3515625 0.1671875 0.1390625
