89 0.10625 0.7546875 0.01875 0.0234375
89 0.121875 0.7265625 0.028125 0.0375
89 0.1625 0.7234375 0.01875 0.0234375
89 0.1453125 0.7109375 0.01875 0.0234375
89 0.1640625 0.6875 0.025 0.03125
89 0.1765625 0.6625 0.01875 0.0234375
89 0.334375 0.65 0.009375 0.0140625
89 0.2109375 0.6453125 0.01875 0.0234375
89 0.03125 0.6421875 0.0515625 0.059375
89 0.34375 0.6390625 0.0140625 0.015625
89 0.2328125 0.6375 0.0109375 0.0140625
89 0.1140625 0.6375 0.0984375 0.1171875
89 0.1859375 0.6328125 0.028125 0.03125
89 0.353125 0.6265625 0.009375 0.0140625
89 0.340625 0.61875 0.0140625 0.01875
89 0.2421875 0.6125 0.025 0.0375
89 0.3953125 0.6125 0.009375 0.0109375
89 0.3625 0.609375 0.00625 0.009375
89 0.3515625 0.609375 0.009375 0.0140625
89 0.3328125 0.6078125 0.009375 0.015625
89 0.1953125 0.6046875 0.01875 0.0234375
89 0.215625 0.596875 0.01875 0.0234375
89 0.4 0.596875 0.0109375 0.01875
89 0.359375 0.596875 0.009375 0.0140625
89 0.346875 0.596875 0.009375 0.0140625
89 0.378125 0.5953125 0.0140625 0.01875
89 0.3890625 0.590625 0.009375 0.015625
89 0.36875 0.5828125 0.009375 0.0140625
89 0.340625 0.58125 0.0109375 0.01875
89 0.3515625 0.578125 0.0140625 0.01875
89 0.3796875 0.5765625 0.0140625 0.0140625
89 0.4125 0.575 0.009375 0.0140625
89 0.39375 0.575 0.009375 0.0140625
89 0.4234375 0.571875 0.0140625 0.01875
89 0.05 0.5671875 0.0640625 0.0765625
89 0.2953125 0.565625 0.03125 0.0453125
89 0.409375 0.5625 0.009375 0.0109375
89 0.3796875 0.559375 0.0140625 0.0203125
89 0.4453125 0.559375 0.009375 0.015625
89 0.371875 0.559375 0.00625 0.0140625
89 0.3484375 0.559375 0.009375 0.015625
89 0.4 0.5546875 0.0140625 0.025
89 0.4328125 0.5515625 0.009375 0.0140625
89 0.4140625 0.54375 0.0140625 0.01875
89 0.4515625 0.54375 0.009375 0.0140625
89 0.440625 0.540625 0.009375 0.0140625
89 0.3734375 0.540625 0.009375 0.0140625
89 0.1796875 0.5375 0.0984375 0.11875
89 0.4296875 0.5375 0.009375 0.0140625
89 0.3921875 0.534375 0.009375 0.0140625
89 0.4140625 0.5203125 0.0140625 0.0203125
89 0.25625 0.5203125 0.0671875 0.08125
89 0.340625 0.51875 0.0515625 0.071875
89 0.0203125 0.5109375 0.040625 0.08125
89 0.4296875 0.509375 0.0140625 0.015625
89 0.41875 0.5 0.009375 0.0140625
89 0.39375 0.496875 0.0234375 0.0375
89 0.0828125 0.4890625 0.071875 0.078125
89 0.3515625 0.4609375 0.040625 0.0421875
89 0.3046875 0.4578125 0.028125 0.0328125
89 0.26875 0.434375 0.05625 0.0765625
89 0.440625 0.41875 0.0453125 0.071875
89 0.0390625 0.409375 0.0734375 0.1296875
89 0.115625 0.409375 0.071875 0.0859375
89 0.390625 0.403125 0.0328125 0.046875
89 0.315625 0.39375 0.0640625 0.08125
89 0.20625 0.3859375 0.08125 0.1125
89 0.496875 0.384375 0.0375 0.071875
89 0.06875 0.3453125 0.0515625 0.05625
89 0.5390625 0.3453125 0.0375 0.0625
89 0.259375 0.33125 0.071875 0.1
89 0.39375 0.3203125 0.0671875 0.1
89 0.4609375 0.315625 0.0421875 0.071875
89 0.134375 0.3015625 0.1046875 0.1296875
89 0.021875 0.296875 0.0421875 0.09375
89 0.4921875 0.29375 0.0359375 0.0625
89 0.5296875 0.278125 0.0453125 0.071875
89 0.575 0.2578125 0.0234375 0.05
89 0.0546875 0.25625 0.0421875 0.0515625
89 0.55625 0.2546875 0.028125 0.05625
89 0.35 0.2515625 0.05625 0.071875
89 0.278125 0.25 0.046875 0.0734375
89 0.23125 0.24375 0.059375 0.08125
89 0.4515625 0.23125 0.059375 0.0984375
89 0.4875 0.2234375 0.0375 0.06875
89 0.39375 0.2140625 0.0359375 0.05625
89 0.5234375 0.2109375 0.0375 0.0640625
89 0.590625 0.2109375 0.028125 0.059375
89 0.628125 0.20625 0.0359375 0.0640625
89 0.5640625 0.2015625 0.028125 0.0515625
