89 0.0375 0.271875 0.0625 0.0984375
89 0.06875 0.3671875 0.05625 0.0859375
89 0.1484375 0.3734375 0.0765625 0.1296875
89 0.0890625 0.4359375 0.0328125 0.0625
89 0.3515625 0.4765625 0.08125 0.125
89 0.04375 0.4921875 0.0625 0.09375
89 0.159375 0.5125 0.090625 0.1296875
89 0.2609375 0.525 0.0765625 0.11875
89 0.1015625 0.5859375 0.040625 0.0625
89 0.2078125 0.60625 0.0546875 0.078125
89 0.38125 0.609375 0.090625 0.1140625
89 0.06875 0.6328125 0.0515625 0.0765625
89 0.1421875 0.6453125 0.071875 0.103125
89 0.5015625 0.6671875 0.0328125 0.040625
89 0.246875 0.6796875 0.059375 0.0875
89 0.303125 0.684375 0.0671875 0.090625
89 0.4265625 0.69375 0.0421875 0.0515625
89 0.378125 0.7140625 0.0359375 0.046875
89 0.165625 0.7421875 0.05625 0.0765625
89 0.0703125 0.753125 0.046875 0.0828125
89 0.2140625 0.7734375 0.0328125 0.0421875
89 0.3328125 0.78125 0.071875 0.0859375
89 0.590625 0.784375 0.0828125 0.0953125
89 0.771875 0.784375 0.14375 0.153125
89 0.4296875 0.7921875 0.09375 0.1171875
89 0.8796875 0.79375 0.0671875 0.09375
89 0.5140625 0.7984375 0.05625 0.071875
89 0.64375 0.81875 0.0328125 0.0421875
