89 0.73125 0.365625 0.215625 0.13125
89 0.9296875 0.3625 0.13125 0.08125
89 0.403125 0.3328125 0.0671875 0.0375
89 0.0640625 0.3015625 0.125 0.0765625
89 0.2109375 0.290625 0.1578125 0.1046875
89 0.55 0.2890625 0.11875 0.0765625
89 0.8984375 0.2640625 0.196875 0.1140625
89 0.3578125 0.253125 0.153125 0.0859375
89 0.675 0.240625 0.1609375 0.109375
89 0.05 0.2203125 0.0953125 0.078125
89 0.9578125 0.9203125 0.078125 0.1046875
89 0.503125 0.2015625 0.1796875 0.1078125
89 0.1375 0.1921875 0.1140625 0.078125
89 0.278125 0.1734375 0.1671875 0.1078125
89 0.821875 0.9140625 0.18125 0.11875
89 0.821875 0.13125 0.234375 0.134375
89 0.60625 0.1125 0.1609375 0.1
89 0.4171875 0.1125 0.1921875 0.09375
89 0.0359375 0.8609375 0.06875 0.0859375
89 0.16875 0.8359375 0.19375 0.134375
89 0.4046875 0.83125 0.228125 0.1125
89 0.7046875 0.815625 0.2015625 0.1296875
89 0.9109375 0.8140625 0.171875 0.1359375
89 0.528125 0.75 0.171875 0.109375
89 0.0578125 0.746875 0.1140625 0.13125
89 0.315625 0.715625 0.184375 0.1125
89 0.7921875 0.7 0.1625 0.0953125
89 0.946875 0.6734375 0.1 0.14375
89 0.6625 0.659375 0.1578125 0.1046875
89 0.159375 0.6546875 0.19375 0.121875
89 0.434375 0.621875 0.1984375 0.134375
89 0.328125 0.9578125 0.2421875 0.078125
89 0.7890625 0.590625 0.18125 0.11875
89 0.0578125 0.559375 0.1125 0.0828125
89 0.2078125 0.540625 0.19375 0.1078125
89 0.95625 0.5328125 0.08125 0.1140625
89 0.5953125 0.5203125 0.2015625 0.1140625
89 0.0953125 0.9484375 0.1890625 0.0984375
89 0.3875 0.4921875 0.18125 0.11875
89 0.8421875 0.478125 0.20625 0.11875
89 0.10625 0.4765625 0.1296875 0.08125
89 0.2296875 0.453125 0.103125 0.06875
89 0.5859375 0.94375 0.215625 0.1078125
89 0.528125 0.409375 0.1796875 0.1140625
89 0.309375 0.384375 0.1703125 0.09375
89 0.1171875 0.38125 0.165625 0.1
