89 0.1 0.6171875 0.01875 0.01875
89 0.909375 0.6078125 0.0234375 0.0234375
89 0.9015625 0.4046875 0.0515625 0.0375
89 0.8984375 0.221875 0.0546875 0.0375
89 0.896875 0.5015625 0.203125 0.153125
89 0.89375 0.5859375 0.0328125 0.0203125
89 0.8875 0.734375 0.15625 0.125
89 0.88125 0.275 0.059375 0.0421875
89 0.878125 0.328125 0.0671875 0.05625
89 0.875 0.96875 0.0421875 0.0328125
89 0.8625 0.2390625 0.0328125 0.025
89 0.8625 0.9203125 0.0453125 0.03125
89 0.859375 0.3828125 0.040625 0.03125
89 0.8546875 0.0140625 0.0546875 0.028125
89 0.8515625 0.8515625 0.125 0.1
89 0.846875 0.096875 0.090625 0.0671875
89 0.8421875 0.4171875 0.0546875 0.0421875
89 0.8359375 0.153125 0.0515625 0.0421875
89 0.83125 0.20625 0.0625 0.0546875
89 0.98125 0.628125 0.028125 0.0234375
89 0.9796875 0.7734375 0.0359375 0.0421875
89 0.8203125 0.33125 0.0328125 0.028125
89 0.7984375 0.3734375 0.05625 0.046875
89 0.796875 0.778125 0.0515625 0.0421875
89 0.79375 0.6171875 0.1578125 0.1296875
89 0.78125 0.2734375 0.1265625 0.1
89 0.7703125 0.9359375 0.13125 0.1
89 0.7703125 0.525 0.0546875 0.040625
89 0.76875 0.1078125 0.05625 0.05
89 0.765625 0.45 0.1265625 0.0953125
89 0.7546875 0.390625 0.03125 0.01875
89 0.7484375 0.0390625 0.1296875 0.0765625
89 0.7375 0.171875 0.1296875 0.0953125
89 0.7359375 0.8265625 0.1046875 0.08125
89 0.7265625 0.7171875 0.140625 0.109375
89 0.971875 0.2203125 0.0515625 0.0546875
89 0.71875 0.5484375 0.0515625 0.0375
89 0.715625 0.584375 0.0375 0.028125
89 0.715625 0.5109375 0.046875 0.0375
89 0.709375 0.090625 0.0421875 0.0328125
89 0.7 0.2390625 0.0328125 0.03125
89 0.7 0.6453125 0.046875 0.0328125
89 0.6984375 0.1203125 0.025 0.015625
89 0.696875 0.890625 0.071875 0.0515625
89 0.690625 0.4859375 0.05 0.0328125
89 0.9671875 0.98125 0.0640625 0.03125
89 0.675 0.534375 0.028125 0.028125
89 0.671875 0.0859375 0.0234375 0.0203125
89 0.6640625 0.7859375 0.046875 0.0375
89 0.965625 0.5984375 0.05625 0.040625
89 0.653125 0.01875 0.071875 0.0359375
89 0.653125 0.2609375 0.028125 0.0234375
89 0.65 0.059375 0.040625 0.028125
89 0.646875 0.7578125 0.028125 0.01875
89 0.9609375 0.3875 0.071875 0.0734375
89 0.63125 0.7109375 0.040625 0.028125
89 0.63125 0.49375 0.0515625 0.040625
89 0.621875 0.246875 0.028125 0.0234375
89 0.6171875 0.3734375 0.2734375 0.1890625
89 0.9609375 0.3296875 0.0203125 0.015625
89 0.5984375 0.05 0.03125 0.01875
89 0.9578125 0.0890625 0.05625 0.0375
89 0.5859375 0.840625 0.1796875 0.1078125
89 0.5828125 0.4796875 0.0421875 0.0359375
89 0.571875 0.753125 0.125 0.08125
89 0.565625 0.021875 0.0671875 0.0421875
89 0.5609375 0.6015625 0.2640625 0.19375
89 0.953125 0.284375 0.0875 0.071875
89 0.55 0.903125 0.0328125 0.0234375
89 0.55 0.1484375 0.2703125 0.20625
89 0.51875 0.48125 0.0765625 0.05625
89 0.5125 0.715625 0.0234375 0.0140625
89 0.5078125 0.44375 0.028125 0.015625
89 0.4921875 0.2734375 0.03125 0.028125
89 0.4890625 0.03125 0.0375 0.028125
89 0.475 0.0109375 0.040625 0.0203125
89 0.471875 0.3875 0.028125 0.0234375
89 0.465625 0.8390625 0.0375 0.028125
89 0.4625 0.41875 0.0453125 0.0328125
89 0.4453125 0.3375 0.071875 0.0671875
89 0.4421875 0.928125 0.20625 0.1390625
89 0.4296875 0.3828125 0.046875 0.0328125
89 0.4109375 0.7515625 0.184375 0.1625
89 0.4109375 0.25 0.134375 0.1
89 0.3875 0.040625 0.134375 0.08125
89 0.3828125 0.3609375 0.071875 0.0515625
89 0.38125 0.1578125 0.05 0.0328125
89 0.3734375 0.6296875 0.1 0.0671875
89 0.371875 0.1109375 0.05625 0.040625
89 0.36875 0.1953125 0.0375 0.03125
89 0.9359375 0.809375 0.046875 0.0421875
89 0.353125 0.325 0.0234375 0.01875
89 0.3390625 0.4921875 0.290625 0.2015625
89 0.3359375 0.3828125 0.0359375 0.0234375
89 0.33125 0.315625 0.028125 0.028125
89 0.325 0.215625 0.0625 0.0453125
89 0.325 0.8625 0.0953125 0.08125
89 0.315625 0.35 0.05 0.046875
89 0.3078125 0.609375 0.0375 0.0234375
89 0.284375 0.025 0.0328125 0.028125
89 0.928125 0.3296875 0.0328125 0.03125
89 0.9265625 0.93125 0.0859375 0.0734375
89 0.259375 0.3921875 0.028125 0.0234375
89 0.2578125 0.2765625 0.125 0.1
89 0.925 0.03125 0.0953125 0.0625
89 0.2546875 0.596875 0.0359375 0.028125
89 0.25 0.3609375 0.05625 0.0375
89 0.24375 0.7828125 0.1453125 0.1140625
89 0.2421875 0.01875 0.046875 0.0328125
89 0.2328125 0.6640625 0.109375 0.0765625
89 0.2265625 0.13125 0.246875 0.18125
89 0.921875 0.1625 0.1140625 0.090625
89 0.2171875 0.3890625 0.040625 0.0375
89 0.20625 0.91875 0.2328125 0.1578125
89 0.91875 0.6390625 0.0828125 0.05625
89 0.184375 0.2625 0.0375 0.03125
89 0.184375 0.421875 0.078125 0.05625
89 0.18125 0.596875 0.125 0.0984375
89 0.1640625 0.81875 0.0375 0.03125
89 0.1640625 0.340625 0.11875 0.1
89 0.15625 0.01875 0.025 0.015625
89 0.1546875 0.4640625 0.0421875 0.0328125
89 0.153125 0.5125 0.0765625 0.0546875
89 0.140625 0.2734375 0.0328125 0.01875
89 0.1375 0.2265625 0.046875 0.0375
89 0.1375 0.7234375 0.0875 0.184375
89 0.1359375 0.0359375 0.0359375 0.025
89 0.1359375 0.8265625 0.028125 0.01875
89 0.121875 0.0109375 0.0328125 0.0203125
89 0.1171875 0.4140625 0.0515625 0.09375
89 0.9109375 0.3625 0.046875 0.0328125
89 0.109375 0.4796875 0.040625 0.0328125
