89 0.89375 0.51875 0.0328125 0.0375
89 0.09375 0.3578125 0.0859375 0.05625
89 0.096875 0.8359375 0.1046875 0.09375
89 0.10625 0.6328125 0.05625 0.0375
89 0.109375 0.4984375 0.21875 0.15625
89 0.1125 0.59375 0.046875 0.0375
89 0.115625 0.4140625 0.0375 0.0203125
89 0.1171875 0.7765625 0.05625 0.0375
89 0.1234375 0.2609375 0.1484375 0.1296875
89 0.1328125 0.7234375 0.0515625 0.040625
89 0.1375 0.028125 0.0421875 0.0328125
89 0.1515625 0.075 0.0421875 0.03125
89 0.153125 0.6171875 0.0375 0.03125
89 0.153125 0.7609375 0.0328125 0.0234375
89 0.159375 0.14375 0.125 0.0984375
89 0.1625 0.9828125 0.0546875 0.028125
89 0.16875 0.903125 0.090625 0.06875
89 0.16875 0.5796875 0.05625 0.0453125
89 0.178125 0.846875 0.0546875 0.0421875
89 0.1796875 0.79375 0.0625 0.0515625
89 0.190625 0.66875 0.0328125 0.028125
89 0.215625 0.2203125 0.0546875 0.0421875
89 0.215625 0.625 0.05625 0.046875
89 0.21875 0.378125 0.153125 0.121875
89 0.2296875 0.7265625 0.125 0.0953125
89 0.2421875 0.8921875 0.0515625 0.0421875
89 0.2421875 0.475 0.0546875 0.0421875
89 0.24375 0.059375 0.1296875 0.090625
89 0.2453125 0.5484375 0.11875 0.0953125
89 0.025 0.225 0.0453125 0.0375
89 0.2625 0.9609375 0.121875 0.0734375
89 0.278125 0.8265625 0.125 0.0984375
89 0.2796875 0.1671875 0.1 0.08125
89 0.29375 0.4484375 0.0515625 0.0375
89 0.29375 0.4875 0.0453125 0.0375
89 0.2953125 0.4125 0.0375 0.025
89 0.03125 0.321875 0.0625 0.0859375
89 0.303125 0.909375 0.040625 0.028125
89 0.309375 0.7609375 0.0375 0.028125
89 0.309375 0.3515625 0.046875 0.0328125
89 0.03125 0.3703125 0.028125 0.01875
89 0.3140625 0.878125 0.0234375 0.0203125
89 0.3171875 0.10625 0.071875 0.0515625
89 0.3203125 0.5171875 0.046875 0.0328125
89 0.334375 0.4625 0.0359375 0.0234375
89 0.340625 0.9140625 0.0234375 0.0203125
89 0.3484375 0.209375 0.046875 0.0375
89 0.3578125 0.7390625 0.028125 0.0234375
89 0.3640625 0.978125 0.078125 0.0375
89 0.3640625 0.9390625 0.0421875 0.0328125
89 0.365625 0.2375 0.028125 0.0203125
89 0.378125 0.2875 0.0375 0.028125
89 0.3796875 0.50625 0.0546875 0.040625
89 0.0390625 0.7796875 0.0625 0.0515625
89 0.390625 0.753125 0.028125 0.0203125
89 0.3921875 0.040625 0.1484375 0.078125
89 0.3921875 0.628125 0.2703125 0.184375
89 0.4140625 0.95 0.028125 0.0203125
89 0.425 0.153125 0.171875 0.1078125
89 0.4296875 0.51875 0.0421875 0.0375
89 0.04375 0.0171875 0.05625 0.0328125
89 0.440625 0.2421875 0.1265625 0.08125
89 0.4484375 0.9765625 0.06875 0.040625
89 0.45 0.39375 0.2640625 0.1921875
89 0.45625 0.09375 0.0328125 0.028125
89 0.4609375 0.85625 0.2703125 0.2109375
89 0.046875 0.3984375 0.05625 0.0375
89 0.4953125 0.51875 0.0765625 0.05625
89 0.05 0.6109375 0.0734375 0.071875
89 0.496875 0.2828125 0.0234375 0.015625
89 0.51875 0.7265625 0.0375 0.0234375
89 0.5265625 0.96875 0.0328125 0.0234375
89 0.5390625 0.6125 0.0328125 0.028125
89 0.0546875 0.715625 0.1078125 0.071875
89 0.54375 0.1578125 0.0453125 0.03125
89 0.546875 0.578125 0.0421875 0.0328125
89 0.0546875 0.66875 0.0234375 0.0140625
89 0.565625 0.6625 0.071875 0.0671875
89 0.5703125 0.0671875 0.1984375 0.1296875
89 0.0578125 0.909375 0.0546875 0.0375
89 0.58125 0.615625 0.0515625 0.0328125
89 0.596875 0.2453125 0.18125 0.1625
89 0.6015625 0.746875 0.1296875 0.0953125
89 0.628125 0.840625 0.0515625 0.0328125
89 0.63125 0.95625 0.13125 0.08125
89 0.6296875 0.6390625 0.0625 0.05
89 0.6359375 0.365625 0.1 0.0734375
89 0.6421875 0.8859375 0.0515625 0.0453125
89 0.64375 0.8015625 0.0359375 0.028125
89 0.6578125 0.6734375 0.025 0.015625
89 0.6734375 0.503125 0.2703125 0.1984375
89 0.675 0.6171875 0.0328125 0.0234375
89 0.68125 0.134375 0.090625 0.08125
89 0.6875 0.784375 0.05625 0.046875
89 0.6921875 0.6453125 0.05625 0.0421875
89 0.703125 0.3875 0.0375 0.0234375
89 0.7265625 0.9734375 0.0328125 0.025
89 0.7484375 0.7234375 0.134375 0.0984375
89 0.7484375 0.6046875 0.03125 0.0234375
89 0.753125 0.3984375 0.0375 0.03125
89 0.759375 0.6375 0.05625 0.0421875
89 0.0765625 0.1859375 0.0515625 0.0453125
89 0.7625 0.2140625 0.14375 0.1140625
89 0.76875 0.9796875 0.046875 0.0359375
89 0.7734375 0.3296875 0.1046875 0.078125
89 0.7859375 0.865625 0.234375 0.171875
89 0.790625 0.6078125 0.0421875 0.0328125
89 0.8 0.078125 0.2203125 0.153125
89 0.8109375 0.9875 0.0453125 0.0203125
89 0.8140625 0.765625 0.0328125 0.025
89 0.8265625 0.73125 0.0328125 0.0234375
89 0.8265625 0.4 0.1171875 0.0953125
89 0.828125 0.5765625 0.0765625 0.05625
89 0.840625 0.178125 0.0328125 0.028125
89 0.846875 0.659375 0.125 0.1
89 0.0859375 0.671875 0.0328125 0.028125
89 0.8546875 0.534375 0.0421875 0.0328125
89 0.85625 0.48125 0.071875 0.0546875
89 0.0859375 0.0671875 0.090625 0.071875
89 0.8671875 0.275 0.0828125 0.1765625
89 0.86875 0.7234375 0.0328125 0.0234375
89 0.86875 0.771875 0.046875 0.0328125
89 0.8703125 0.9609375 0.0328125 0.0234375
89 0.8734375 0.1703125 0.0234375 0.01875
89 0.0875 0.965625 0.0875 0.0625
