89 0.89375 0.23125 0.134375 0.1
89 0.8890625 0.9703125 0.1390625 0.0546875
89 0.8875 0.7953125 0.08125 0.05625
89 0.8640625 0.6171875 0.171875 0.1296875
89 0.8625 0.346875 0.13125 0.090625
89 0.8609375 0.8859375 0.14375 0.1046875
89 0.85625 0.475 0.18125 0.1390625
89 0.840625 0.7234375 0.1 0.0734375
89 0.8265625 0.284375 0.046875 0.0328125
89 0.8234375 0.8078125 0.046875 0.0375
89 0.815625 0.1984375 0.0421875 0.03125
89 0.8109375 0.04375 0.1765625 0.0859375
89 0.8 0.39375 0.046875 0.0328125
89 0.978125 0.2 0.0375 0.0984375
89 0.7875 0.8328125 0.0375 0.028125
89 0.7859375 0.303125 0.0359375 0.025
89 0.784375 0.7734375 0.0640625 0.046875
89 0.7765625 0.14375 0.1265625 0.0859375
89 0.975 0.6 0.0453125 0.059375
89 0.7625 0.8109375 0.0421875 0.028125
89 0.7625 0.6171875 0.028125 0.0234375
89 0.75 0.2421875 0.1453125 0.1
89 0.7421875 0.965625 0.1578125 0.0671875
89 0.971875 0.4890625 0.05 0.059375
89 0.9734375 0.6453125 0.046875 0.0375
89 0.725 0.44375 0.103125 0.071875
89 0.7234375 0.35625 0.140625 0.1
89 0.7203125 0.8765625 0.125 0.0984375
89 0.7109375 0.553125 0.1765625 0.125
89 0.7046875 0.796875 0.0625 0.0421875
89 0.6953125 0.696875 0.19375 0.15
89 0.675 0.084375 0.13125 0.09375
89 0.671875 0.0171875 0.1140625 0.03125
89 0.66875 0.165625 0.09375 0.0671875
89 0.6625 0.4171875 0.046875 0.028125
89 0.965625 0.3 0.0671875 0.0828125
89 0.653125 0.296875 0.0671875 0.0453125
89 0.6390625 0.3375 0.0375 0.03125
89 0.6328125 0.4609375 0.078125 0.05625
89 0.9625 0.915625 0.071875 0.1140625
89 0.6265625 0.6125 0.05 0.0375
89 0.6125 0.3796875 0.0734375 0.05625
89 0.959375 0.4015625 0.0765625 0.1140625
89 0.6046875 0.815625 0.14375 0.109375
89 0.596875 0.9234375 0.1453125 0.1
89 0.5953125 0.5140625 0.06875 0.046875
89 0.5890625 0.2375 0.1484375 0.1078125
89 0.5796875 0.3234375 0.071875 0.0515625
89 0.575 0.1375 0.11875 0.0875
89 0.565625 0.659375 0.071875 0.0515625
89 0.5578125 0.7234375 0.09375 0.0640625
89 0.553125 0.046875 0.1390625 0.090625
89 0.9546875 0.5421875 0.0765625 0.0625
89 0.5359375 0.5765625 0.1453125 0.109375
89 0.534375 0.4640625 0.1140625 0.08125
89 0.525 0.3828125 0.090625 0.0671875
89 0.95 0.734375 0.0953125 0.13125
89 0.9484375 0.0328125 0.0984375 0.0640625
89 0.9484375 0.83125 0.08125 0.0625
89 0.4828125 0.8703125 0.125 0.0875
89 0.4734375 0.7734375 0.134375 0.1
89 0.4640625 0.6671875 0.1296875 0.0953125
89 0.4578125 0.9640625 0.15 0.0671875
89 0.4578125 0.184375 0.1390625 0.1046875
89 0.4546875 0.1015625 0.0953125 0.0671875
89 0.453125 0.29375 0.1578125 0.1140625
89 0.4328125 0.0328125 0.1078125 0.0625
89 0.4109375 0.825 0.0375 0.03125
89 0.3984375 0.725 0.0515625 0.0375
89 0.3828125 0.1375 0.071875 0.046875
89 0.3828125 0.5734375 0.1484375 0.109375
89 0.3765625 0.421875 0.2125 0.1484375
89 0.3671875 0.078125 0.0671875 0.05
89 0.340625 0.5125 0.0328125 0.0203125
89 0.3375 0.2125 0.1140625 0.0875
89 0.3296875 0.784375 0.1296875 0.0953125
89 0.325 0.90625 0.1921875 0.134375
89 0.3234375 0.03125 0.1 0.0625
89 0.3203125 0.6765625 0.134375 0.1
89 0.315625 0.30625 0.121875 0.0953125
89 0.3046875 0.503125 0.05 0.0375
89 0.2828125 0.6078125 0.0421875 0.0328125
89 0.275 0.253125 0.0421875 0.028125
89 0.2578125 0.11875 0.171875 0.134375
89 0.253125 0.55 0.1046875 0.08125
89 0.240625 0.028125 0.05625 0.0375
89 0.2390625 0.2140625 0.0625 0.0453125
89 0.2375 0.3765625 0.109375 0.08125
89 0.23125 0.4703125 0.109375 0.08125
89 0.221875 0.8265625 0.090625 0.059375
89 0.203125 0.7359375 0.153125 0.109375
89 0.1984375 0.9640625 0.1265625 0.0671875
89 0.1984375 0.63125 0.1296875 0.0875
89 0.19375 0.2796875 0.134375 0.1
89 0.91875 0.1234375 0.1484375 0.1171875
89 0.175 0.565625 0.05 0.0375
89 0.16875 0.8921875 0.109375 0.078125
89 0.165625 0.1921875 0.0953125 0.0671875
89 0.159375 0.346875 0.0515625 0.0328125
89 0.15 0.04375 0.11875 0.0859375
89 0.1484375 0.5125 0.0828125 0.0625
89 0.1421875 0.41875 0.1 0.1296875
89 0.1296875 0.13125 0.0765625 0.090625
89 0.11875 0.58125 0.05625 0.1046875
89 0.1171875 0.690625 0.05 0.0984375
89 0.1171875 0.321875 0.05 0.0515625
