89 0.453125 0.63125 0.1046875 0.0671875
89 0.175 0.6328125 0.1 0.071875
89 0.3609375 0.653125 0.0859375 0.059375
89 0.884375 0.653125 0.0640625 0.046875
89 0.6171875 0.6546875 0.0859375 0.0625
89 0.684375 0.065625 0.11875 0.0671875
89 0.9609375 0.6625 0.0765625 0.0515625
89 0.2453125 0.065625 0.1 0.0625
89 0.0796875 0.6734375 0.090625 0.05625
89 0.5359375 0.6765625 0.078125 0.0515625
89 0.80625 0.6984375 0.1265625 0.08125
89 0.440625 0.7 0.1046875 0.071875
89 0.178125 0.70625 0.109375 0.06875
89 0.6796875 0.7125 0.090625 0.05625
89 0.434375 0.0703125 0.1578125 0.09375
89 0.9359375 0.7140625 0.0859375 0.05625
89 0.29375 0.715625 0.1078125 0.0765625
89 0.5625 0.7359375 0.1125 0.071875
89 0.7609375 0.753125 0.0671875 0.046875
89 0.090625 0.7609375 0.11875 0.0828125
89 0.8609375 0.76875 0.1140625 0.0671875
89 0.209375 0.7765625 0.1140625 0.0640625
89 0.678125 0.7765625 0.0953125 0.071875
89 0.4640625 0.784375 0.11875 0.0859375
89 0.78125 0.80625 0.0734375 0.0515625
89 0.5953125 0.815625 0.09375 0.0671875
89 0.3328125 0.825 0.15625 0.090625
89 0.715625 0.840625 0.090625 0.0625
89 0.88125 0.8515625 0.11875 0.0875
89 0.128125 0.8515625 0.1578125 0.103125
89 0.4921875 0.878125 0.134375 0.0875
89 0.640625 0.8828125 0.078125 0.0546875
89 0.9703125 0.89375 0.05625 0.071875
89 0.2625 0.896875 0.134375 0.078125
89 0.03125 0.8984375 0.059375 0.06875
89 0.7421875 0.9015625 0.1578125 0.06875
89 0.390625 0.9125 0.11875 0.046875
89 0.8984375 0.91875 0.1046875 0.0375
89 0.115625 0.921875 0.11875 0.028125
89 0.565625 0.9234375 0.0765625 0.028125
89 0.8796875 0.09375 0.1140625 0.0734375
89 0.334375 0.13125 0.11875 0.0765625
89 0.5953125 0.1328125 0.20625 0.134375
89 0.084375 0.1328125 0.1671875 0.1125
89 0.95625 0.1484375 0.0828125 0.05625
89 0.8265625 0.16875 0.14375 0.090625
89 0.440625 0.178125 0.0859375 0.0671875
89 0.3703125 0.1796875 0.08125 0.0546875
89 0.0484375 0.1921875 0.09375 0.071875
89 0.809375 0.0203125 0.1046875 0.040625
89 0.234375 0.196875 0.0984375 0.0671875
89 0.603125 0.215625 0.059375 0.0328125
89 0.5125 0.24375 0.140625 0.0859375
89 0.8078125 0.2453125 0.090625 0.0515625
89 0.6921875 0.2578125 0.14375 0.090625
89 0.3828125 0.259375 0.090625 0.05625
89 0.284375 0.2625 0.08125 0.046875
89 0.075 0.028125 0.14375 0.0546875
89 0.9671875 0.284375 0.0625 0.08125
89 0.1546875 0.284375 0.171875 0.0984375
89 0.8796875 0.3015625 0.0640625 0.046875
89 0.603125 0.315625 0.125 0.0765625
89 0.4609375 0.315625 0.0953125 0.0640625
89 0.8296875 0.3171875 0.0875 0.0625
89 0.734375 0.3359375 0.1046875 0.05625
89 0.2734375 0.3359375 0.1 0.0671875
89 0.9578125 0.0375 0.08125 0.071875
89 0.521875 0.365625 0.08125 0.05
89 0.9765625 0.365625 0.0421875 0.08125
89 0.428125 0.365625 0.0953125 0.0671875
89 0.1765625 0.3828125 0.109375 0.0671875
89 0.8671875 0.3828125 0.1 0.06875
89 0.1921875 0.0390625 0.1 0.06875
89 0.7546875 0.3984375 0.0515625 0.0453125
89 0.321875 0.4015625 0.0671875 0.040625
89 0.0734375 0.4140625 0.1453125 0.090625
89 0.653125 0.4171875 0.1921875 0.1390625
89 0.390625 0.4265625 0.0859375 0.05625
89 0.940625 0.4328125 0.0734375 0.0515625
89 0.2578125 0.434375 0.071875 0.0453125
89 0.871875 0.45625 0.1046875 0.0671875
89 0.50625 0.4625 0.1125 0.08125
89 0.2015625 0.471875 0.103125 0.0671875
89 0.9671875 0.48125 0.0625 0.0515625
89 0.35625 0.4984375 0.171875 0.1046875
89 0.0734375 0.5265625 0.1390625 0.0953125
89 0.69375 0.5359375 0.0984375 0.0671875
89 0.5484375 0.5390625 0.1484375 0.090625
89 0.8046875 0.5421875 0.1390625 0.1
89 0.9546875 0.5515625 0.0734375 0.046875
89 0.215625 0.559375 0.11875 0.0734375
89 0.3609375 0.5890625 0.0734375 0.0421875
89 0.6375 0.5921875 0.08125 0.05625
89 0.9359375 0.6046875 0.0953125 0.059375
89 0.0796875 0.609375 0.090625 0.0625
89 0.8015625 0.6109375 0.059375 0.0328125
89 0.7328125 0.6125 0.0765625 0.0546875
89 0.278125 0.61875 0.1 0.0671875
89 0.5546875 0.625 0.08125 0.0515625
