89 0.5921875 0.6375 0.134375 0.1390625
89 0.4375 0.68125 0.18125 0.1765625
89 0.7859375 0.6921875 0.228125 0.21875
89 0.3 0.7171875 0.1046875 0.1
89 0.1234375 0.7578125 0.24375 0.25
89 0.9453125 0.7734375 0.1078125 0.18125
89 0.59375 0.821875 0.2421875 0.225
89 0.35 0.85 0.2515625 0.1671875
89 0.815625 0.8703125 0.25625 0.1296875
89 0.3421875 0.0890625 0.2296875 0.1765625
89 0.16875 0.9078125 0.109375 0.0546875
89 0.725 0.125 0.25 0.2390625
89 0.9265625 0.1375 0.14375 0.259375
89 0.5109375 0.1640625 0.1625 0.15625
89 0.1265625 0.1859375 0.24375 0.24375
89 0.35625 0.309375 0.265625 0.2546875
89 0.16875 0.0328125 0.134375 0.0625
89 0.6046875 0.325 0.225 0.20625
89 0.0390625 0.3375 0.0765625 0.11875
89 0.8453125 0.3421875 0.246875 0.2375
89 0.153125 0.3828125 0.15625 0.1453125
89 0.5390625 0.04375 0.196875 0.0859375
89 0.9625 0.48125 0.071875 0.203125
89 0.4890625 0.503125 0.20625 0.196875
89 0.690625 0.50625 0.196875 0.18125
89 0.065625 0.528125 0.13125 0.2640625
89 0.8625 0.528125 0.1359375 0.1296875
89 0.2625 0.546875 0.25 0.2421875
89 0.94375 0.61875 0.109375 0.1125
