89 0.659375 0.3328125 0.08125 0.1140625
89 0.446875 0.3421875 0.090625 0.1390625
89 0.5625 0.35625 0.1 0.1484375
89 0.3203125 0.3828125 0.090625 0.125
89 0.703125 0.45625 0.1 0.14375
89 0.3984375 0.4640625 0.0953125 0.1390625
89 0.496875 0.4703125 0.0953125 0.1296875
89 0.590625 0.4859375 0.0765625 0.1125
89 0.7828125 0.521875 0.08125 0.1140625
89 0.29375 0.53125 0.15 0.18125
89 0.6515625 0.56875 0.0859375 0.1140625
89 0.5453125 0.5828125 0.08125 0.109375
89 0.4453125 0.5875 0.0953125 0.125
89 0.740625 0.66875 0.140625 0.1703125
89 0.2578125 0.6859375 0.0953125 0.125
89 0.3671875 0.6859375 0.1125 0.14375
89 0.615625 0.690625 0.1078125 0.1390625
89 0.5046875 0.6953125 0.1046875 0.134375
