89 0.125 0.2390625 0.25 0.2640625
89 0.1984375 0.6390625 0.3125 0.2390625
89 0.228125 0.1171875 0.071875 0.05625
89 0.2484375 0.028125 0.2296875 0.0546875
89 0.2890625 0.4390625 0.2234375 0.1671875
89 0.3671875 0.09375 0.1921875 0.134375
89 0.0390625 0.0484375 0.0765625 0.0953125
89 0.3859375 0.71875 0.0859375 0.0640625
89 0.3875 0.2765625 0.2390625 0.1671875
89 0.421875 0.8484375 0.25 0.19375
89 0.5078125 0.415625 0.21875 0.1578125
89 0.5703125 0.6328125 0.36875 0.265625
89 0.5796875 0.1734375 0.246875 0.1765625
89 0.5859375 0.9671875 0.2125 0.059375
89 0.715625 0.3296875 0.2203125 0.165625
89 0.7765625 0.83125 0.2640625 0.2609375
89 0.7921875 0.14375 0.171875 0.13125
89 0.8015625 0.5046875 0.2109375 0.171875
89 0.08125 0.8515625 0.1625 0.215625
89 0.871875 0.653125 0.0765625 0.0984375
89 0.8734375 0.325 0.071875 0.1171875
