89 0.2375 0.9046875 0.103125 0.1484375
89 0.6234375 0.903125 0.0734375 0.1046875
89 0.853125 0.8984375 0.0640625 0.0875
89 0.9296875 0.8625 0.0625 0.0859375
89 0.040625 0.8609375 0.08125 0.125
89 0.3609375 0.85625 0.109375 0.15
89 0.140625 0.8375 0.090625 0.1296875
89 0.7 0.8359375 0.0625 0.090625
89 0.778125 0.834375 0.0734375 0.1
89 0.55 0.8140625 0.0859375 0.1125
89 0.9828125 0.8140625 0.028125 0.0984375
89 0.6671875 0.9796875 0.0734375 0.0359375
89 0.46875 0.7953125 0.06875 0.0984375
89 0.9359375 0.7890625 0.0328125 0.0421875
89 0.8578125 0.775 0.1046875 0.134375
89 0.0171875 0.7640625 0.03125 0.0953125
89 0.2375 0.7609375 0.0859375 0.1140625
89 0.3109375 0.7578125 0.05 0.0765625
89 0.6328125 0.7578125 0.0515625 0.0734375
89 0.1796875 0.7578125 0.028125 0.040625
89 0.7109375 0.7453125 0.0671875 0.090625
89 0.0875 0.7390625 0.08125 0.109375
89 0.3890625 0.73125 0.0671875 0.090625
89 0.78125 0.73125 0.046875 0.0671875
89 0.5796875 0.9703125 0.1 0.0546875
89 0.3109375 0.96875 0.0828125 0.05625
89 0.490625 0.6953125 0.071875 0.1
89 0.171875 0.6890625 0.0671875 0.090625
89 0.9453125 0.6890625 0.1046875 0.153125
89 0.5671875 0.6875 0.0765625 0.1078125
89 0.753125 0.6703125 0.059375 0.0734375
89 0.3328125 0.6671875 0.071875 0.1046875
89 0.64375 0.665625 0.0734375 0.1046875
89 0.43125 0.6625 0.0328125 0.046875
89 0.8484375 0.659375 0.0765625 0.0953125
89 0.253125 0.6453125 0.078125 0.1
89 0.121875 0.6421875 0.0375 0.05
89 0.03125 0.6390625 0.0625 0.134375
89 0.39375 0.628125 0.0515625 0.0734375
89 0.3953125 0.9609375 0.0828125 0.0734375
89 0.6953125 0.6078125 0.0515625 0.071875
89 0.7890625 0.6046875 0.0328125 0.0453125
89 0.059375 0.959375 0.0625 0.0765625
89 0.084375 0.6 0.0453125 0.0625
89 0.5265625 0.6 0.0671875 0.1
89 0.346875 0.5890625 0.0421875 0.0515625
89 0.8203125 0.584375 0.0328125 0.0421875
89 0.453125 0.5703125 0.0765625 0.1046875
89 0.1859375 0.5703125 0.0953125 0.1296875
89 0.60625 0.56875 0.078125 0.109375
89 0.1125 0.56875 0.0375 0.05
89 0.753125 0.5671875 0.0625 0.0828125
89 0.925 0.5578125 0.0671875 0.0859375
89 0.8625 0.55625 0.05625 0.0765625
89 0.1328125 0.95625 0.059375 0.0828125
89 0.9109375 0.9546875 0.059375 0.0765625
89 0.0296875 0.534375 0.0453125 0.0625
89 0.271875 0.5125 0.090625 0.125
89 0.3828125 0.5125 0.08125 0.109375
89 0.80625 0.5015625 0.0859375 0.1078125
89 0.675 0.496875 0.0875 0.1296875
89 0.1015625 0.4921875 0.0859375 0.1125
89 0.975 0.49375 0.0453125 0.13125
89 0.51875 0.4921875 0.08125 0.1125
89 0.5875 0.4796875 0.0546875 0.0671875
89 0.978125 0.9453125 0.0375 0.103125
89 0.753125 0.9453125 0.0765625 0.1046875
89 0.0296875 0.4453125 0.05625 0.1046875
89 0.1828125 0.43125 0.06875 0.0984375
89 0.8859375 0.4296875 0.0953125 0.13125
89 0.60625 0.41875 0.046875 0.0625
89 0.246875 0.4046875 0.05 0.05625
89 0.74375 0.403125 0.1 0.13125
89 0.45 0.396875 0.1046875 0.1453125
89 0.6578125 0.390625 0.0421875 0.0640625
89 0.3296875 0.378125 0.1078125 0.14375
89 0.103125 0.3734375 0.0953125 0.125
89 0.540625 0.36875 0.06875 0.090625
89 0.9578125 0.3640625 0.078125 0.1265625
89 0.8265625 0.35625 0.05625 0.08125
89 0.690625 0.3265625 0.0375 0.05
89 0.2 0.325 0.09375 0.1171875
89 0.73125 0.3125 0.040625 0.0515625
89 0.6015625 0.3109375 0.0828125 0.1125
89 0.2734375 0.29375 0.05 0.0546875
89 0.8984375 0.2828125 0.0859375 0.1046875
89 0.321875 0.2828125 0.03125 0.0453125
89 0.046875 0.2765625 0.09375 0.134375
89 0.3890625 0.271875 0.090625 0.11875
89 0.7875 0.2625 0.0828125 0.1171875
89 0.1359375 0.2453125 0.0734375 0.1
89 0.4875 0.2421875 0.1046875 0.1359375
89 0.2734375 0.23125 0.046875 0.0625
89 0.2125 0.221875 0.0421875 0.05625
89 0.58125 0.2109375 0.0640625 0.0859375
89 0.965625 0.209375 0.0625 0.1046875
89 0.684375 0.20625 0.125 0.153125
89 0.3328125 0.1828125 0.078125 0.0984375
89 0.5453125 0.91875 0.0421875 0.0640625
89 0.178125 0.1609375 0.0546875 0.0671875
89 0.6875 0.915625 0.046875 0.0671875
89 0.0859375 0.153125 0.06875 0.1
89 0.88125 0.14375 0.1578125 0.1046875
89 0.2671875 0.14375 0.05625 0.078125
89 0.425 0.14375 0.0984375 0.103125
89 0.0234375 0.14375 0.046875 0.1
89 0.534375 0.134375 0.109375 0.0859375
89 0.471875 0.9125 0.090625 0.1265625
89 0.6328125 0.11875 0.0734375 0.0546875
89 0.73125 0.115625 0.0984375 0.046875
