89 0.56875 0.884375 0.1609375 0.1671875
89 0.0359375 0.8625 0.071875 0.1671875
89 0.6375 0.75 0.1046875 0.134375
89 0.5234375 0.7453125 0.09375 0.1046875
89 0.14375 0.728125 0.0859375 0.1
89 0.7265625 0.684375 0.071875 0.109375
89 0.334375 0.6578125 0.134375 0.171875
89 0.846875 0.653125 0.0671875 0.103125
89 0.9453125 0.6484375 0.090625 0.1140625
89 0.190625 0.64375 0.078125 0.1078125
89 0.6171875 0.609375 0.11875 0.1484375
89 0.7734375 0.5828125 0.09375 0.140625
89 0.465625 0.5765625 0.1625 0.20625
89 0.1359375 0.534375 0.1484375 0.1
89 0.871875 0.5078125 0.15625 0.1671875
89 0.6203125 0.471875 0.11875 0.1296875
89 0.040625 0.45 0.08125 0.234375
89 0.3078125 0.45 0.2234375 0.24375
89 0.75 0.45 0.0828125 0.1046875
89 0.9625 0.434375 0.06875 0.1625
89 0.503125 0.3984375 0.1609375 0.1671875
89 0.1171875 0.3625 0.09375 0.125
89 0.66875 0.309375 0.175 0.2078125
89 0.05 0.290625 0.1 0.11875
89 0.8328125 0.284375 0.1765625 0.2234375
89 0.4734375 0.2671875 0.090625 0.121875
89 0.1859375 0.25 0.1390625 0.184375
89 0.3375 0.2328125 0.1578125 0.228125
89 0.578125 0.2171875 0.0421875 0.0640625
89 0.084375 0.16875 0.09375 0.1078125
89 0.7359375 0.140625 0.109375 0.103125
89 0.6015625 0.1390625 0.15625 0.1
89 0.46875 0.1328125 0.1 0.090625
89 0.859375 0.1265625 0.1296875 0.0765625
89 0.1625 0.1234375 0.09375 0.06875
