89 0.8765625 0.934375 0.109375 0.071875
89 0.8609375 0.865625 0.109375 0.08125
89 0.846875 0.55 0.15 0.0984375
89 0.8359375 0.2703125 0.153125 0.109375
89 0.809375 0.0859375 0.1578125 0.1
89 0.809375 0.734375 0.1296875 0.0984375
89 0.8015625 0.44375 0.11875 0.090625
89 0.7796875 0.3578125 0.1046875 0.0765625
89 0.7640625 0.971875 0.14375 0.05
89 0.7625 0.6296875 0.1453125 0.090625
89 0.7375 0.903125 0.134375 0.0875
89 0.73125 0.815625 0.1296875 0.09375
89 0.7125 0.19375 0.134375 0.1125
89 0.9703125 0.778125 0.0546875 0.0875
89 0.7046875 0.0265625 0.15 0.0515625
89 0.6953125 0.51875 0.1453125 0.1
89 0.675 0.296875 0.140625 0.1
89 0.6703125 0.715625 0.134375 0.1046875
89 0.6671875 0.4109375 0.1671875 0.11875
89 0.965625 0.275 0.0640625 0.1078125
89 0.64375 0.090625 0.125 0.090625
89 0.6171875 0.9546875 0.140625 0.0875
89 0.959375 0.621875 0.0765625 0.1125
89 0.5984375 0.6171875 0.1625 0.1171875
89 0.5578125 0.8140625 0.1453125 0.109375
89 0.55 0.2 0.1625 0.134375
89 0.546875 0.3375 0.134375 0.1
89 0.540625 0.0390625 0.153125 0.0765625
89 0.5390625 0.5015625 0.1703125 0.1265625
89 0.95 0.8640625 0.09375 0.103125
89 0.4953125 0.7109375 0.1484375 0.1
89 0.471875 0.9171875 0.1484375 0.1140625
89 0.9453125 0.4953125 0.1046875 0.1140625
89 0.4484375 0.6171875 0.1265625 0.090625
89 0.434375 0.275 0.125 0.0828125
89 0.434375 0.10625 0.1578125 0.1125
89 0.4328125 0.4515625 0.109375 0.08125
89 0.4125 0.8140625 0.1578125 0.125
89 0.4046875 0.3703125 0.125 0.0859375
89 0.378125 0.5390625 0.1484375 0.1046875
89 0.3515625 0.978125 0.121875 0.040625
89 0.3484375 0.2015625 0.1484375 0.1046875
89 0.328125 0.0359375 0.1359375 0.071875
89 0.321875 0.721875 0.1390625 0.09375
89 0.31875 0.8953125 0.1390625 0.0984375
89 0.315625 0.634375 0.125 0.0875
89 0.3015625 0.446875 0.1484375 0.1140625
89 0.9296875 0.7078125 0.1046875 0.0828125
89 0.2859375 0.2875 0.125 0.08125
89 0.253125 0.1109375 0.1578125 0.109375
89 0.2296875 0.5484375 0.1390625 0.1
89 0.209375 0.3609375 0.1265625 0.0859375
89 0.203125 0.9421875 0.1 0.08125
89 0.1953125 0.8453125 0.13125 0.0953125
89 0.1875 0.7515625 0.109375 0.078125
89 0.184375 0.2109375 0.1625 0.109375
89 0.175 0.65 0.14375 0.1
89 0.915625 0.153125 0.134375 0.09375
89 0.1546875 0.040625 0.1265625 0.08125
89 0.1546875 0.4640625 0.11875 0.134375
89 0.1328125 0.303125 0.071875 0.0953125
89 0.9125 0.3625 0.1296875 0.0984375
