89 0.9875 0.4796875 0.0203125 0.025
89 0.890625 0.875 0.0328125 0.0203125
89 0.8875 0.8515625 0.040625 0.0234375
89 0.8859375 0.55625 0.153125 0.0859375
89 0.884375 0.7109375 0.1578125 0.1078125
89 0.8828125 0.440625 0.03125 0.01875
89 0.8828125 0.334375 0.134375 0.0953125
89 0.878125 0.803125 0.125 0.071875
89 0.871875 0.1703125 0.08125 0.05625
89 0.85625 0.9703125 0.0859375 0.0546875
89 0.8546875 0.4515625 0.040625 0.025
89 0.853125 0.090625 0.028125 0.01875
89 0.834375 0.925 0.0328125 0.025
89 0.834375 0.040625 0.171875 0.08125
89 0.8203125 0.2390625 0.15 0.0859375
89 0.809375 0.35625 0.0328125 0.0140625
89 0.80625 0.4921875 0.1125 0.0640625
89 0.8046875 0.18125 0.0421875 0.0234375
89 0.796875 0.625 0.140625 0.0875
89 0.7953125 0.8640625 0.1484375 0.1
89 0.7953125 0.9875 0.040625 0.0234375
89 0.7953125 0.409375 0.1578125 0.0875
89 0.7796875 0.125 0.1484375 0.090625
89 0.7734375 0.9453125 0.0984375 0.05625
89 0.975 0.53125 0.0453125 0.090625
89 0.7625 0.55 0.0859375 0.0546875
89 0.7578125 0.984375 0.028125 0.01875
89 0.7578125 0.6953125 0.0953125 0.0546875
89 0.975 0.315625 0.046875 0.046875
89 0.753125 0.76875 0.14375 0.0875
89 0.753125 0.459375 0.0375 0.01875
89 0.740625 0.9078125 0.0328125 0.0234375
89 0.740625 0.3203125 0.1390625 0.0953125
89 0.971875 0.66875 0.05 0.09375
89 0.734375 0.190625 0.08125 0.0453125
89 0.728125 0.3734375 0.0328125 0.015625
89 0.9703125 0.36875 0.0546875 0.05
89 0.721875 0.890625 0.0328125 0.01875
89 0.96875 0.6015625 0.05625 0.0515625
89 0.7125 0.0171875 0.0859375 0.0328125
89 0.7125 0.065625 0.1 0.05625
89 0.709375 0.159375 0.0328125 0.01875
89 0.7046875 0.825 0.05625 0.0375
89 0.9703125 0.775 0.05625 0.109375
89 0.703125 0.715625 0.0421875 0.0234375
89 0.703125 0.9765625 0.078125 0.0421875
89 0.7 0.578125 0.071875 0.046875
89 0.6921875 0.2421875 0.0953125 0.06875
89 0.690625 0.865625 0.0625 0.0421875
89 0.6890625 0.6953125 0.0421875 0.0234375
89 0.6765625 0.9234375 0.1 0.0640625
89 0.66875 0.496875 0.1484375 0.1171875
89 0.6671875 0.1859375 0.0375 0.0234375
89 0.965625 0.946875 0.0640625 0.1
89 0.6484375 0.3890625 0.134375 0.0859375
89 0.6484375 0.6390625 0.1578125 0.09375
89 0.6390625 0.796875 0.1 0.0671875
89 0.628125 0.96875 0.0625 0.0421875
89 0.628125 0.128125 0.15 0.090625
89 0.6171875 0.4390625 0.03125 0.01875
89 0.609375 0.5703125 0.0765625 0.046875
89 0.609375 0.7265625 0.15 0.0765625
89 0.6046875 0.925 0.040625 0.025
89 0.603125 0.040625 0.134375 0.078125
89 0.596875 0.3046875 0.1484375 0.0953125
89 0.5875 0.86875 0.1453125 0.0859375
89 0.575 0.2109375 0.14375 0.0859375
89 0.95625 0.19375 0.0859375 0.0765625
89 0.565625 0.675 0.0359375 0.0234375
89 0.5625 0.5296875 0.08125 0.05625
89 0.5484375 0.6484375 0.0375 0.0234375
89 0.54375 0.259375 0.028125 0.015625
89 0.54375 0.3671875 0.08125 0.046875
89 0.9515625 0.8640625 0.090625 0.078125
89 0.51875 0.4453125 0.165625 0.103125
89 0.51875 0.953125 0.1578125 0.090625
89 0.5125 0.334375 0.0421875 0.025
89 0.5109375 0.8453125 0.028125 0.01875
89 0.5046875 0.090625 0.11875 0.0734375
89 0.503125 0.7859375 0.165625 0.0953125
89 0.503125 0.1546875 0.0953125 0.0515625
89 0.496875 0.5953125 0.153125 0.090625
89 0.4828125 0.525 0.0671875 0.046875
89 0.48125 0.0296875 0.090625 0.046875
89 0.4765625 0.6890625 0.134375 0.090625
89 0.465625 0.26875 0.13125 0.0859375
89 0.446875 0.1984375 0.0859375 0.0546875
89 0.4421875 0.9875 0.028125 0.01875
89 0.94375 0.265625 0.090625 0.0625
89 0.4375 0.159375 0.0375 0.0234375
89 0.434375 0.8796875 0.1484375 0.1
89 0.434375 0.128125 0.0625 0.040625
89 0.428125 0.48125 0.0421875 0.0234375
89 0.4265625 0.3609375 0.1484375 0.0953125
89 0.4265625 0.7484375 0.0421875 0.028125
89 0.3921875 0.015625 0.125 0.03125
89 0.3921875 0.7765625 0.06875 0.0421875
89 0.390625 0.68125 0.0359375 0.01875
89 0.3734375 0.2234375 0.08125 0.046875
89 0.371875 0.8203125 0.0734375 0.046875
89 0.3703125 0.534375 0.1484375 0.09375
89 0.365625 0.1640625 0.103125 0.0671875
89 0.3625 0.44375 0.140625 0.08125
89 0.3609375 0.7234375 0.1046875 0.0671875
89 0.359375 0.95625 0.1625 0.0859375
89 0.35625 0.628125 0.140625 0.0953125
89 0.334375 0.078125 0.2109375 0.0953125
89 0.33125 0.684375 0.028125 0.015625
89 0.33125 0.2859375 0.1390625 0.0859375
89 0.9296875 0.1125 0.134375 0.0953125
89 0.3015625 0.5765625 0.040625 0.0234375
89 0.2953125 0.8671875 0.1390625 0.0859375
89 0.29375 0.728125 0.0234375 0.015625
89 0.2796875 0.921875 0.0328125 0.0234375
89 0.278125 0.778125 0.1484375 0.0875
89 0.278125 0.546875 0.0359375 0.0234375
89 0.275 0.43125 0.040625 0.0234375
89 0.271875 0.1421875 0.0765625 0.046875
89 0.26875 0.36875 0.1609375 0.09375
89 0.2578125 0.209375 0.1484375 0.0875
89 0.25625 0.2625 0.0328125 0.0140625
89 0.25625 0.028125 0.1578125 0.0515625
89 0.2421875 0.0640625 0.0328125 0.01875
89 0.2328125 0.434375 0.0421875 0.028125
89 0.2296875 0.4953125 0.1484375 0.0953125
89 0.228125 0.684375 0.1703125 0.1
89 0.2265625 0.115625 0.0421875 0.028125
89 0.2140625 0.5859375 0.1484375 0.0859375
89 0.9203125 0.9765625 0.040625 0.0234375
89 0.1984375 0.95 0.153125 0.0953125
89 0.1953125 0.8859375 0.0421875 0.028125
89 0.91875 0.48125 0.1125 0.0765625
89 0.1890625 0.290625 0.1390625 0.090625
89 0.91875 0.4109375 0.0875 0.05625
89 0.1796875 0.1515625 0.103125 0.0625
89 0.178125 0.834375 0.103125 0.0640625
89 0.165625 0.08125 0.1171875 0.08125
89 0.1578125 0.425 0.1046875 0.090625
89 0.15625 0.7609375 0.1 0.0875
89 0.15625 0.5390625 0.0359375 0.025
89 0.9140625 0.2265625 0.0328125 0.0234375
89 0.9140625 0.6328125 0.0828125 0.05625
89 0.1484375 0.3546875 0.0765625 0.0453125
89 0.14375 0.2171875 0.0734375 0.0640625
89 0.1390625 0.8875 0.0671875 0.0625
89 0.134375 0.6375 0.05625 0.05625
89 0.1328125 0.1765625 0.0234375 0.015625
89 0.128125 0.496875 0.0453125 0.05625
89 0.1265625 0.128125 0.0328125 0.0203125
89 0.121875 0.690625 0.0375 0.046875
89 0.9125 0.95625 0.03125 0.0140625
89 0.903125 0.20625 0.0328125 0.0203125
89 0.8984375 0.915625 0.090625 0.059375
