89 0.23125 0.10625 0.1 0.134375
89 0.9703125 0.1109375 0.0546875 0.1390625
89 0.7953125 0.1125 0.05625 0.08125
89 0.6171875 0.1359375 0.1296875 0.171875
89 0.346875 0.1375 0.090625 0.13125
89 0.8859375 0.1390625 0.1046875 0.14375
89 0.475 0.14375 0.1390625 0.18125
89 0.7234375 0.159375 0.0734375 0.1
89 0.284375 0.1734375 0.0328125 0.046875
89 0.8078125 0.1765625 0.0375 0.046875
89 0.1984375 0.184375 0.03125 0.0421875
89 0.04375 0.1890625 0.0859375 0.1765625
89 0.39375 0.2 0.0328125 0.046875
89 0.2 0.0203125 0.0953125 0.040625
89 0.8328125 0.2125 0.028125 0.0375
89 0.303125 0.2140625 0.025 0.0359375
89 0.7734375 0.215625 0.046875 0.0640625
89 0.14375 0.2234375 0.0859375 0.1265625
89 0.5984375 0.0234375 0.05625 0.046875
89 0.8109375 0.2375 0.028125 0.0421875
89 0.6171875 0.2375 0.0234375 0.028125
89 0.2421875 0.25 0.1 0.1453125
89 0.965625 0.2578125 0.0671875 0.1578125
89 0.4875 0.0265625 0.05625 0.0515625
89 0.6453125 0.0265625 0.0375 0.046875
89 0.44375 0.275 0.071875 0.103125
89 0.35625 0.2765625 0.1 0.140625
89 0.8765625 0.2796875 0.0953125 0.125
89 0.553125 0.2890625 0.125 0.1765625
89 0.796875 0.2953125 0.0421875 0.0625
89 0.696875 0.3046875 0.15 0.19375
89 0.084375 0.325 0.09375 0.13125
89 0.0171875 0.328125 0.03125 0.1140625
89 0.165625 0.33125 0.0671875 0.09375
89 0.4171875 0.3375 0.028125 0.046875
89 0.3 0.034375 0.0828125 0.0671875
89 0.296875 0.346875 0.0453125 0.0671875
89 0.3375 0.3609375 0.03125 0.0375
89 0.4609375 0.3671875 0.05625 0.078125
89 0.915625 0.0375 0.1140625 0.071875
89 0.6125 0.3734375 0.0375 0.05
89 0.3796875 0.3875 0.05625 0.0734375
89 0.4 0.0390625 0.1125 0.078125
89 0.815625 0.3953125 0.109375 0.14375
89 0.9234375 0.403125 0.1 0.1453125
89 0.5140625 0.4046875 0.046875 0.06875
89 0.2375 0.4109375 0.1078125 0.1484375
89 0.3234375 0.4203125 0.0515625 0.071875
89 0.1375 0.425 0.0875 0.11875
89 0.659375 0.434375 0.0515625 0.071875
89 0.7234375 0.4421875 0.0640625 0.09375
89 0.046875 0.446875 0.090625 0.1390625
89 0.5421875 0.0453125 0.0625 0.0765625
89 0.5765625 0.4640625 0.109375 0.1453125
89 0.4640625 0.465625 0.08125 0.1140625
89 0.3828125 0.475 0.0671875 0.090625
89 0.7328125 0.05 0.1296875 0.0984375
89 0.0328125 0.05 0.0625 0.1
89 0.83125 0.0515625 0.0625 0.08125
89 0.8703125 0.5171875 0.0875 0.125
89 0.7734375 0.5265625 0.1 0.134375
89 0.6671875 0.5359375 0.0953125 0.1296875
89 0.965625 0.5421875 0.0671875 0.1484375
89 0.184375 0.5421875 0.1046875 0.1390625
89 0.1015625 0.5453125 0.0671875 0.0953125
89 0.29375 0.546875 0.1140625 0.1578125
89 0.0328125 0.5671875 0.0625 0.1078125
89 0.825 0.5890625 0.03125 0.0375
89 0.725 0.6015625 0.0375 0.0515625
89 0.1375 0.6171875 0.046875 0.071875
89 0.5734375 0.6171875 0.109375 0.1484375
89 0.421875 0.6234375 0.1484375 0.2125
89 0.078125 0.6328125 0.05 0.0671875
89 0.5125 0.659375 0.0203125 0.0328125
89 0.2125 0.6625 0.0875 0.1140625
89 0.784375 0.6703125 0.0953125 0.1296875
89 0.90625 0.675 0.134375 0.1921875
89 0.03125 0.6765625 0.0625 0.1
89 0.6765625 0.6796875 0.1 0.134375
89 0.30625 0.684375 0.0953125 0.121875
89 0.503125 0.6953125 0.0375 0.05
89 0.6078125 0.7171875 0.0328125 0.0421875
89 0.253125 0.725 0.028125 0.0421875
89 0.11875 0.7421875 0.134375 0.171875
89 0.55 0.746875 0.08125 0.1046875
89 0.028125 0.759375 0.0375 0.05625
89 0.2140625 0.7609375 0.0453125 0.0625
89 0.3765625 0.7625 0.08125 0.109375
89 0.4703125 0.76875 0.08125 0.109375
89 0.8265625 0.778125 0.059375 0.090625
89 0.7359375 0.796875 0.109375 0.153125
89 0.965625 0.8015625 0.0671875 0.125
89 0.63125 0.8015625 0.0875 0.1296875
89 0.2796875 0.80625 0.1 0.134375
89 0.1234375 0.08125 0.1171875 0.1484375
89 0.565625 0.825 0.0375 0.05
89 0.8921875 0.83125 0.078125 0.109375
89 0.1921875 0.834375 0.0671875 0.0953125
89 0.346875 0.840625 0.0328125 0.0515625
89 0.04375 0.85 0.0859375 0.11875
89 0.5125 0.8515625 0.0625 0.0828125
89 0.41875 0.8578125 0.1296875 0.1
89 0.13125 0.8703125 0.090625 0.0765625
89 0.58125 0.88125 0.1046875 0.05625
89 0.690625 0.8828125 0.1 0.05
89 0.321875 0.8828125 0.0515625 0.05
