89 0.721875 0.0921875 0.05 0.0765625
89 0.0828125 0.0984375 0.08125 0.1046875
89 0.525 0.0984375 0.0671875 0.0859375
89 0.43125 0.1046875 0.0515625 0.0640625
89 0.8234375 0.1625 0.0671875 0.0859375
89 0.23125 0.165625 0.109375 0.1578125
89 0.4515625 0.1796875 0.0453125 0.0671875
89 0.565625 0.184375 0.0640625 0.06875
89 0.75 0.190625 0.0953125 0.125
89 0.128125 0.1953125 0.0625 0.09375
89 0.503125 0.203125 0.040625 0.0546875
89 0.3796875 0.215625 0.0625 0.08125
89 0.9234375 0.2265625 0.0765625 0.0984375
89 0.5234375 0.2578125 0.0421875 0.05625
89 0.446875 0.2609375 0.046875 0.0625
89 0.81875 0.2625 0.0671875 0.0828125
89 0.5421875 0.028125 0.0734375 0.0515625
89 0.6671875 0.2890625 0.0828125 0.0953125
89 0.565625 0.2984375 0.040625 0.05625
89 0.29375 0.30625 0.05625 0.08125
89 0.3640625 0.3203125 0.071875 0.0953125
89 0.4328125 0.0328125 0.0828125 0.0625
89 0.6078125 0.34375 0.08125 0.0765625
89 0.4390625 0.3484375 0.0765625 0.109375
89 0.7734375 0.35625 0.090625 0.125
89 0.1578125 0.0375 0.121875 0.071875
89 0.51875 0.3671875 0.0734375 0.1140625
89 0.7 0.3890625 0.0546875 0.0671875
89 0.5765625 0.425 0.0734375 0.08125
89 0.9109375 0.4328125 0.11875 0.1796875
89 0.20625 0.4765625 0.1390625 0.1921875
89 0.6546875 0.4875 0.09375 0.1359375
89 0.540625 0.4890625 0.0421875 0.0421875
89 0.7421875 0.5203125 0.0515625 0.078125
89 0.975 0.5390625 0.046875 0.090625
89 0.8625 0.5421875 0.125 0.1625
89 0.7796875 0.55625 0.0421875 0.0625
89 0.3734375 0.5671875 0.1875 0.24375
89 0.06875 0.5703125 0.1359375 0.2953125
89 0.3109375 0.0578125 0.134375 0.109375
89 0.7171875 0.6 0.08125 0.0984375
89 0.7875 0.61875 0.046875 0.0625
89 0.2 0.6703125 0.1296875 0.1765625
89 0.9140625 0.6765625 0.0515625 0.08125
89 0.5546875 0.709375 0.234375 0.3015625
89 0.85625 0.7109375 0.0640625 0.0859375
89 0.809375 0.0796875 0.046875 0.0625
89 0.33125 0.7953125 0.234375 0.2203125
89 0.6109375 0.08125 0.059375 0.08125
89 0.14375 0.8265625 0.140625 0.165625
89 0.7 0.8390625 0.2015625 0.134375
