89 0.9796875 0.1046875 0.0359375 0.1078125
89 0.8609375 0.1140625 0.1875 0.228125
89 0.659375 0.125 0.1625 0.228125
89 0.3109375 0.1296875 0.015625 0.0375
89 0.453125 0.1375 0.046875 0.0671875
89 0.221875 0.1421875 0.1484375 0.215625
89 0.5609375 0.1515625 0.028125 0.0453125
89 0.4125 0.1734375 0.05 0.0625
89 0.7640625 0.20625 0.0625 0.0859375
89 0.346875 0.2109375 0.109375 0.1484375
89 0.0796875 0.2390625 0.1578125 0.3
89 0.278125 0.246875 0.028125 0.0359375
89 0.95625 0.2625 0.0859375 0.2015625
89 0.64375 0.2625 0.028125 0.0453125
89 0.8828125 0.2625 0.046875 0.0671875
89 0.8203125 0.265625 0.0640625 0.1
89 0.29375 0.28125 0.03125 0.0421875
89 0.178125 0.2828125 0.0421875 0.05625
89 0.2390625 0.3109375 0.078125 0.11875
89 0.5078125 0.3421875 0.259375 0.375
89 0.7265625 0.35 0.165625 0.228125
89 0.325 0.3625 0.0953125 0.1296875
89 0.1640625 0.3671875 0.071875 0.1046875
89 0.953125 0.3734375 0.0203125 0.0375
89 0.8765625 0.4109375 0.1484375 0.2125
89 0.371875 0.428125 0.03125 0.0375
89 0.975 0.44375 0.046875 0.165625
89 0.24375 0.4515625 0.109375 0.1625
89 0.384375 0.45625 0.0234375 0.03125
89 0.1109375 0.0484375 0.11875 0.0953125
89 0.64375 0.48125 0.071875 0.0984375
89 0.396875 0.4890625 0.0328125 0.0421875
89 0.3375 0.4890625 0.0828125 0.1140625
89 0.7421875 0.05 0.0359375 0.046875
89 0.2890625 0.528125 0.0234375 0.03125
89 0.846875 0.534375 0.0234375 0.0375
89 0.6578125 0.5546875 0.025 0.0375
89 0.75625 0.5625 0.1578125 0.2296875
89 0.1015625 0.5640625 0.1984375 0.3453125
89 0.5015625 0.565625 0.0515625 0.0765625
89 0.2328125 0.5765625 0.05625 0.0859375
89 0.5875 0.5859375 0.1140625 0.1578125
89 0.6609375 0.59375 0.03125 0.0375
89 0.4171875 0.596875 0.11875 0.1796875
89 0.3078125 0.6 0.0859375 0.1171875
89 0.50625 0.653125 0.0625 0.0828125
89 0.9046875 0.659375 0.184375 0.3359375
89 0.465625 0.665625 0.015625 0.0234375
89 0.659375 0.6734375 0.0765625 0.1125
89 0.38125 0.0703125 0.175 0.1390625
89 0.496875 0.7046875 0.0140625 0.0203125
89 0.340625 0.70625 0.0859375 0.11875
89 0.2375 0.7078125 0.121875 0.1625
89 0.4015625 0.7125 0.028125 0.05
89 0.453125 0.728125 0.071875 0.1046875
89 0.0125 0.7390625 0.0234375 0.071875
89 0.15625 0.7515625 0.0453125 0.0625
89 0.51875 0.075 0.1125 0.15
89 0.659375 0.7546875 0.0328125 0.046875
89 0.1125 0.7625 0.0421875 0.05625
89 0.5640625 0.7734375 0.153125 0.2109375
89 0.7515625 0.775 0.1390625 0.2015625
89 0.3921875 0.778125 0.05625 0.0765625
89 0.4765625 0.778125 0.015625 0.0234375
89 0.059375 0.7921875 0.0828125 0.1
89 0.6578125 0.8 0.0375 0.0515625
89 0.24375 0.80625 0.0234375 0.0359375
89 0.3203125 0.840625 0.15 0.1390625
89 0.8515625 0.840625 0.0859375 0.1140625
89 0.45 0.8421875 0.090625 0.11875
89 0.1640625 0.8453125 0.1625 0.125
89 0.9234375 0.859375 0.046875 0.071875
89 0.659375 0.8671875 0.109375 0.0828125
