89 0.1234375 0.6234375 0.0984375 0.071875
89 0.1359375 0.8734375 0.0953125 0.0671875
89 0.14375 0.94375 0.08125 0.0640625
89 0.153125 0.7359375 0.125 0.1046875
89 0.203125 0.8203125 0.1046875 0.0734375
89 0.2359375 0.6078125 0.109375 0.0765625
89 0.2359375 0.9390625 0.0859375 0.0640625
89 0.2359375 0.678125 0.0859375 0.0546875
89 0.2515625 0.5265625 0.109375 0.0734375
89 0.2578125 0.775 0.0625 0.05
89 0.265625 0.88125 0.078125 0.0515625
89 0.29375 0.7265625 0.0765625 0.05625
89 0.3015625 0.83125 0.078125 0.05625
89 0.309375 0.45 0.0734375 0.05625
89 0.315625 0.6640625 0.06875 0.05
89 0.3265625 0.5859375 0.0765625 0.0640625
89 0.3296875 0.778125 0.0671875 0.046875
89 0.33125 0.934375 0.0859375 0.0671875
89 0.359375 0.5125 0.09375 0.0671875
89 0.3734375 0.7265625 0.0765625 0.0625
89 0.3828125 0.878125 0.08125 0.0515625
89 0.3859375 0.971875 0.0734375 0.05
89 0.3875 0.4046875 0.1046875 0.0765625
89 0.39375 0.646875 0.0859375 0.059375
89 0.4140625 0.8109375 0.109375 0.0765625
89 0.4453125 0.565625 0.14375 0.1046875
89 0.4453125 0.9171875 0.0859375 0.0640625
89 0.453125 0.9859375 0.06875 0.0234375
89 0.4546875 0.3046875 0.071875 0.0515625
89 0.4609375 0.6984375 0.1 0.06875
89 0.4640625 0.4546875 0.0984375 0.0671875
89 0.4984375 0.378125 0.1078125 0.08125
89 0.503125 0.85625 0.0953125 0.06875
89 0.0515625 0.9171875 0.1 0.1078125
89 0.5125 0.7703125 0.125 0.0859375
89 0.5203125 0.9515625 0.08125 0.0671875
89 0.521875 0.5015625 0.071875 0.0515625
89 0.5234375 0.6390625 0.0859375 0.059375
89 0.5375 0.284375 0.0828125 0.0625
89 0.5609375 0.4453125 0.0828125 0.0640625
89 0.5671875 0.5609375 0.1 0.0765625
89 0.5734375 0.9 0.0875 0.0671875
89 0.6015625 0.83125 0.109375 0.08125
89 0.6125 0.221875 0.13125 0.090625
89 0.6296875 0.5125 0.090625 0.0765625
89 0.63125 0.325 0.1265625 0.1046875
89 0.65 0.4296875 0.0953125 0.06875
89 0.65625 0.8828125 0.0765625 0.046875
89 0.6640625 0.7671875 0.0859375 0.0625
89 0.6640625 0.9546875 0.1453125 0.0859375
89 0.6734375 0.6 0.1296875 0.1046875
89 0.6984375 0.83125 0.0859375 0.0671875
89 0.7109375 0.6921875 0.0859375 0.06875
89 0.7203125 0.2640625 0.0859375 0.059375
89 0.7203125 0.4875 0.0875 0.0671875
89 0.734375 0.3859375 0.0984375 0.0765625
89 0.740625 0.1625 0.0859375 0.0640625
89 0.7671875 0.7734375 0.11875 0.1046875
89 0.078125 0.80625 0.109375 0.08125
89 0.7828125 0.54375 0.125 0.090625
89 0.784375 0.878125 0.0953125 0.0765625
89 0.7890625 0.621875 0.0984375 0.06875
89 0.7921875 0.95 0.0859375 0.05625
89 0.79375 0.309375 0.1 0.06875
89 0.79375 0.6890625 0.0828125 0.05625
89 0.796875 0.2265625 0.1 0.0765625
89 0.8015625 0.45 0.090625 0.0625
89 0.8203125 0.3875 0.05625 0.05625
89 0.825 0.0984375 0.071875 0.0859375
