89 0.7109375 0.4984375 0.0953125 0.08125
89 0.6375 0.4421875 0.0765625 0.0515625
89 0.6265625 0.4015625 0.059375 0.046875
89 0.5984375 0.5140625 0.134375 0.0875
89 0.5984375 0.31875 0.0515625 0.0328125
89 0.55625 0.39375 0.090625 0.0515625
89 0.5546875 0.2828125 0.0859375 0.0546875
89 0.5390625 0.5484375 0.08125 0.05625
89 0.5359375 0.2234375 0.0515625 0.028125
89 0.534375 0.159375 0.0625 0.0328125
89 0.534375 0.6125 0.090625 0.0625
89 0.5234375 0.3578125 0.090625 0.05625
89 0.496875 0.4515625 0.0765625 0.05
89 0.478125 0.2640625 0.0875 0.0515625
89 0.4703125 0.14375 0.0640625 0.03125
89 0.453125 0.3453125 0.0625 0.0375
89 0.4515625 0.51875 0.0953125 0.059375
89 0.4421875 0.6453125 0.121875 0.0859375
89 0.440625 0.3828125 0.078125 0.0515625
89 0.4265625 0.084375 0.05625 0.025
89 0.4171875 0.29375 0.05 0.03125
89 0.415625 0.4578125 0.103125 0.08125
89 0.4078125 0.2171875 0.0515625 0.028125
89 0.3515625 0.784375 0.0828125 0.0671875
89 0.3390625 0.709375 0.1046875 0.08125
