89 0.3328125 0.865625 0.0421875 0.078125
89 0.3125 0.6015625 0.0421875 0.0640625
89 0.309375 0.2859375 0.0328125 0.059375
89 0.29375 0.73125 0.0453125 0.06875
89 0.2859375 0.5640625 0.028125 0.0453125
89 0.2859375 0.6609375 0.0421875 0.06875
89 0.2734375 0.8640625 0.0515625 0.0859375
89 0.2734375 0.26875 0.040625 0.0671875
89 0.2625 0.1640625 0.0375 0.05625
89 0.2578125 0.609375 0.05 0.0546875
89 0.2578125 0.9359375 0.0328125 0.0421875
89 0.2515625 0.221875 0.0375 0.05625
89 0.2421875 0.9765625 0.0375 0.0421875
89 0.921875 0.121875 0.0625 0.090625
89 0.2046875 0.340625 0.0453125 0.0625
89 0.1734375 0.46875 0.0328125 0.0421875
89 0.159375 0.4109375 0.028125 0.0421875
89 0.153125 0.71875 0.028125 0.0453125
89 0.153125 0.028125 0.05 0.05625
89 0.1375 0.778125 0.046875 0.071875
89 0.128125 0.5703125 0.0453125 0.0875
89 0.121875 0.41875 0.0375 0.0515625
89 0.11875 0.2515625 0.0546875 0.0625
89 0.103125 0.8671875 0.0765625 0.1140625
89 0.0875 0.95625 0.0328125 0.0625
89 0.0859375 0.76875 0.0453125 0.078125
89 0.075 0.290625 0.025 0.0625
89 0.071875 0.1125 0.01875 0.078125
89 0.8859375 0.2890625 0.05625 0.0875
89 0.846875 0.503125 0.0359375 0.05
89 0.796875 0.7640625 0.0515625 0.0953125
89 0.79375 0.3921875 0.046875 0.06875
89 0.76875 0.3234375 0.05 0.08125
89 0.70625 0.3546875 0.05625 0.0953125
89 0.6953125 0.4625 0.0421875 0.0671875
89 0.6953125 0.875 0.05625 0.103125
89 0.965625 0.490625 0.0671875 0.103125
89 0.6359375 0.33125 0.0421875 0.0640625
89 0.6125 0.04375 0.0625 0.0859375
89 0.5515625 0.640625 0.0421875 0.06875
89 0.5 0.6640625 0.0515625 0.0859375
89 0.4484375 0.628125 0.05625 0.090625
89 0.425 0.7921875 0.0421875 0.0671875
89 0.41875 0.534375 0.0421875 0.0671875
