89 0.6296875 0.31875 0.0859375 0.11875
89 0.0640625 0.065625 0.090625 0.1296875
89 0.6421875 0.165625 0.0515625 0.08125
89 0.6421875 0.734375 0.1140625 0.2109375
89 0.6484375 0.5953125 0.0359375 0.0671875
89 0.6640625 0.240625 0.0453125 0.0671875
89 0.6796875 0.8890625 0.0671875 0.09375
89 0.7015625 0.453125 0.1453125 0.246875
89 0.7046875 0.04375 0.0671875 0.0859375
89 0.7140625 0.2421875 0.0515625 0.071875
89 0.7234375 0.715625 0.0375 0.071875
89 0.075 0.7640625 0.059375 0.090625
89 0.7421875 0.965625 0.05 0.0640625
89 0.075 0.909375 0.0765625 0.15625
89 0.76875 0.73125 0.0453125 0.0859375
89 0.7796875 0.1296875 0.1171875 0.19375
89 0.7828125 0.903125 0.05625 0.1
89 0.79375 0.821875 0.05625 0.0671875
89 0.8109375 0.6703125 0.0640625 0.109375
89 0.8203125 0.5640625 0.0546875 0.1171875
89 0.83125 0.33125 0.08125 0.1359375
89 0.86875 0.2078125 0.0765625 0.1296875
89 0.871875 0.875 0.1046875 0.171875
89 0.903125 0.7328125 0.0640625 0.1265625
89 0.9046875 0.5828125 0.0625 0.165625
89 0.9046875 0.3609375 0.0625 0.225
89 0.096875 0.4296875 0.1140625 0.165625
89 0.1 0.2625 0.0765625 0.125
89 0.140625 0.0703125 0.05625 0.0953125
89 0.1421875 0.1765625 0.0625 0.109375
89 0.0171875 0.7 0.0328125 0.1390625
89 0.165625 0.95625 0.1296875 0.08125
89 0.171875 0.81875 0.0859375 0.1390625
89 0.1828125 0.3296875 0.109375 0.153125
89 0.19375 0.1921875 0.046875 0.090625
89 0.203125 0.09375 0.05625 0.0859375
89 0.240625 0.9265625 0.0515625 0.103125
89 0.2578125 0.3875 0.0421875 0.0765625
89 0.26875 0.2703125 0.08125 0.134375
89 0.271875 0.8 0.06875 0.1078125
89 0.2734375 0.9390625 0.0375 0.103125
89 0.2796875 0.0921875 0.0859375 0.1453125
89 0.3125 0.471875 0.0859375 0.1390625
89 0.33125 0.9265625 0.0671875 0.1171875
89 0.3359375 0.628125 0.11875 0.196875
89 0.340625 0.796875 0.05625 0.090625
89 0.340625 0.3625 0.05625 0.0828125
89 0.371875 0.1640625 0.078125 0.134375
89 0.3921875 0.8734375 0.071875 0.11875
89 0.040625 0.1953125 0.08125 0.1625
89 0.4015625 0.5671875 0.0859375 0.1453125
89 0.4203125 0.3609375 0.0625 0.0953125
89 0.44375 0.065625 0.046875 0.08125
89 0.45625 0.2078125 0.090625 0.1390625
89 0.4578125 0.4765625 0.0984375 0.1671875
89 0.046875 0.6125 0.0765625 0.1265625
89 0.4765625 0.9390625 0.1265625 0.1171875
89 0.496875 0.6234375 0.06875 0.1046875
89 0.5 0.33125 0.071875 0.125
89 0.5484375 0.4171875 0.08125 0.1265625
89 0.5671875 0.85625 0.0953125 0.1671875
89 0.5734375 0.1859375 0.0765625 0.11875
89 0.575 0.103125 0.0421875 0.0515625
89 0.596875 0.5296875 0.0953125 0.1609375
89 0.60625 0.9546875 0.090625 0.0859375
89 0.6203125 0.0515625 0.0859375 0.1
