89 0.81875 0.6265625 0.071875 0.046875
89 0.8265625 0.109375 0.05 0.0421875
89 0.8296875 0.3671875 0.071875 0.046875
89 0.8328125 0.534375 0.0734375 0.059375
89 0.846875 0.678125 0.0640625 0.040625
89 0.0859375 0.5984375 0.078125 0.05625
89 0.85 0.3328125 0.0734375 0.0546875
89 0.8515625 0.91875 0.0625 0.0421875
89 0.85625 0.1984375 0.0546875 0.05625
89 0.86875 0.7921875 0.103125 0.0875
89 0.871875 0.0953125 0.078125 0.046875
89 0.878125 0.56875 0.0625 0.0328125
89 0.8828125 0.4296875 0.071875 0.0734375
89 0.8828125 0.5984375 0.0640625 0.0375
89 0.8828125 0.140625 0.0671875 0.071875
89 0.8859375 0.0390625 0.0671875 0.0765625
89 0.8875 0.265625 0.05625 0.05625
89 0.8984375 0.4875 0.0375 0.0453125
89 0.09375 0.7265625 0.0875 0.0625
89 0.128125 0.9578125 0.0765625 0.0375
89 0.1359375 0.8953125 0.1703125 0.11875
89 0.140625 0.559375 0.0515625 0.0328125
89 0.146875 0.3328125 0.1125 0.0859375
89 0.15 0.4375 0.0734375 0.05625
89 0.16875 0.165625 0.125 0.1046875
89 0.1828125 0.765625 0.08125 0.05
89 0.1828125 0.690625 0.0625 0.0453125
89 0.184375 0.6328125 0.0859375 0.05625
89 0.1859375 0.5125 0.090625 0.06875
89 0.2015625 0.08125 0.0859375 0.0765625
89 0.0203125 0.4875 0.040625 0.0375
89 0.2140625 0.4171875 0.0765625 0.0515625
89 0.2265625 0.465625 0.071875 0.0421875
89 0.0234375 0.5578125 0.0453125 0.0734375
89 0.23125 0.715625 0.0625 0.0359375
89 0.2390625 0.8046875 0.059375 0.040625
89 0.24375 0.93125 0.1484375 0.0984375
89 0.2625 0.61875 0.11875 0.0734375
89 0.2640625 0.18125 0.05625 0.046875
89 0.2703125 0.85625 0.0625 0.046875
89 0.278125 0.4515625 0.071875 0.0515625
89 0.2796875 0.75625 0.090625 0.05625
89 0.28125 0.6734375 0.125 0.059375
89 0.2859375 0.075 0.071875 0.05625
89 0.2984375 0.34375 0.1765625 0.1046875
89 0.03125 0.2015625 0.0625 0.0625
89 0.03125 0.840625 0.0625 0.0546875
89 0.315625 0.5046875 0.1390625 0.08125
89 0.31875 0.26875 0.1078125 0.090625
89 0.3203125 0.840625 0.046875 0.0359375
89 0.034375 0.284375 0.0671875 0.0859375
89 0.340625 0.7421875 0.0453125 0.025
89 0.3625 0.825 0.0375 0.0328125
89 0.365625 0.790625 0.0640625 0.0453125
89 0.3828125 0.553125 0.0765625 0.0515625
89 0.384375 0.471875 0.0953125 0.0671875
89 0.39375 0.7421875 0.046875 0.03125
89 0.39375 0.69375 0.1 0.0640625
89 0.403125 0.15625 0.1140625 0.0984375
89 0.4140625 0.4125 0.0953125 0.0765625
89 0.415625 0.846875 0.0625 0.0375
89 0.446875 0.9484375 0.0953125 0.059375
89 0.4484375 0.5546875 0.0546875 0.040625
89 0.453125 0.896875 0.071875 0.040625
89 0.45625 0.046875 0.0640625 0.0546875
89 0.45625 0.2734375 0.1765625 0.121875
89 0.475 0.35625 0.071875 0.0515625
89 0.4859375 0.76875 0.0625 0.0328125
89 0.4875 0.9859375 0.05625 0.0234375
89 0.4875 0.49375 0.071875 0.05
89 0.4875 0.421875 0.0765625 0.05625
89 0.4875 0.8609375 0.0625 0.0328125
89 0.496875 0.690625 0.090625 0.05625
89 0.4984375 0.5953125 0.046875 0.025
89 0.503125 0.1140625 0.1125 0.090625
89 0.509375 0.9484375 0.0421875 0.028125
89 0.5109375 0.0203125 0.0765625 0.0375
89 0.5140625 0.5640625 0.06875 0.0421875
89 0.525 0.8 0.0625 0.0375
89 0.53125 0.1875 0.0671875 0.0515625
89 0.5453125 0.665625 0.0546875 0.0359375
89 0.55 0.98125 0.0625 0.0328125
89 0.5484375 0.728125 0.046875 0.0328125
89 0.5609375 0.9390625 0.0671875 0.0453125
89 0.05625 0.421875 0.06875 0.0515625
89 0.565625 0.50625 0.0671875 0.0453125
89 0.5703125 0.6890625 0.05625 0.0328125
89 0.571875 0.825 0.0421875 0.0375
89 0.571875 0.3671875 0.1140625 0.0859375
89 0.5765625 0.253125 0.05625 0.046875
89 0.059375 0.946875 0.05625 0.0375
89 0.5859375 0.446875 0.0734375 0.05
89 0.59375 0.575 0.0859375 0.0421875
89 0.603125 0.7734375 0.0515625 0.0375
89 0.059375 0.6375 0.090625 0.0625
89 0.6125 0.825 0.0421875 0.0375
89 0.6203125 0.5453125 0.090625 0.0625
89 0.628125 0.6890625 0.0625 0.046875
89 0.6375 0.05 0.0859375 0.071875
89 0.64375 0.96875 0.1078125 0.05625
89 0.653125 0.7671875 0.05625 0.0421875
89 0.6625 0.809375 0.0765625 0.059375
89 0.6640625 0.4125 0.0953125 0.071875
89 0.6734375 0.8671875 0.125 0.071875
89 0.6765625 0.5765625 0.06875 0.05625
89 0.6796875 0.6640625 0.0625 0.0359375
89 0.68125 0.2578125 0.165625 0.13125
89 0.6953125 0.0140625 0.0984375 0.028125
89 0.6953125 0.128125 0.0671875 0.05625
89 0.7125 0.0390625 0.071875 0.05625
89 0.7203125 0.9765625 0.046875 0.025
89 0.7375 0.678125 0.0328125 0.0328125
89 0.7421875 0.428125 0.0421875 0.040625
89 0.75 0.3484375 0.0734375 0.05625
89 0.7546875 0.64375 0.0546875 0.028125
89 0.75625 0.58125 0.08125 0.0625
89 0.075 0.5078125 0.08125 0.0671875
89 0.7609375 0.51875 0.0859375 0.0515625
89 0.0765625 0.7875 0.09375 0.0671875
89 0.7734375 0.83125 0.125 0.0734375
89 0.778125 0.9203125 0.071875 0.0421875
89 0.7796875 0.1953125 0.11875 0.090625
89 0.78125 0.0234375 0.071875 0.0453125
89 0.7875 0.6703125 0.05625 0.040625
89 0.7890625 0.4578125 0.05625 0.0359375
89 0.790625 0.2796875 0.05 0.040625
89 0.80625 0.4140625 0.078125 0.0546875
