89 0.5390625 0.8953125 0.0875 0.125
89 0.096875 0.8828125 0.18125 0.228125
89 0.659375 0.871875 0.0875 0.1390625
89 0.45 0.821875 0.1140625 0.1625
89 0.5859375 0.809375 0.0640625 0.0875
89 0.246875 0.803125 0.1265625 0.1671875
89 0.7828125 0.7953125 0.1578125 0.2203125
89 0.9140625 0.7578125 0.103125 0.1453125
89 0.04375 0.725 0.0765625 0.1125
89 0.5296875 0.715625 0.109375 0.1484375
89 0.6453125 0.7109375 0.109375 0.14375
89 0.796875 0.9703125 0.1171875 0.0546875
89 0.35625 0.7078125 0.11875 0.165625
89 0.15 0.690625 0.1390625 0.1921875
89 0.846875 0.6421875 0.0953125 0.1296875
89 0.975 0.6390625 0.0453125 0.14375
89 0.7421875 0.6265625 0.090625 0.13125
89 0.4421875 0.625 0.1 0.13125
89 0.4625 0.9609375 0.09375 0.0734375
89 0.5296875 0.5609375 0.1 0.13125
89 0.2734375 0.55 0.1578125 0.2203125
89 0.6546875 0.5390625 0.13125 0.171875
89 0.059375 0.5125 0.11875 0.28125
89 0.925 0.5125 0.109375 0.1609375
89 0.221875 0.95 0.0734375 0.0953125
89 0.8046875 0.4890625 0.1265625 0.171875
89 0.4140625 0.425 0.1578125 0.2015625
89 0.175 0.4234375 0.11875 0.175
89 0.70625 0.4 0.1 0.1390625
89 0.5671875 0.3984375 0.1390625 0.1984375
89 0.971875 0.3890625 0.05 0.14375
89 0.86875 0.3765625 0.090625 0.1125
89 0.2890625 0.3609375 0.1078125 0.1484375
89 0.9328125 0.2796875 0.078125 0.1140625
89 0.8375 0.275 0.0515625 0.071875
89 0.075 0.2703125 0.1171875 0.1625
89 0.7296875 0.925 0.05625 0.0859375
89 0.6421875 0.2578125 0.1046875 0.153125
89 0.3828125 0.2453125 0.1078125 0.1484375
89 0.209375 0.23125 0.1390625 0.203125
89 0.5078125 0.228125 0.14375 0.1921875
89 0.8875 0.190625 0.059375 0.08125
89 0.0328125 0.1640625 0.0625 0.1390625
89 0.321875 0.159375 0.1 0.121875
89 0.815625 0.1421875 0.125 0.0984375
89 0.684375 0.13125 0.14375 0.08125
89 0.1078125 0.125 0.1359375 0.0671875
89 0.4734375 0.1171875 0.1046875 0.0625
89 0.9015625 0.9109375 0.11875 0.1671875
89 0.346875 0.9109375 0.125 0.1625
