89 0.3859375 0.8984375 0.2109375 0.2015625
89 0.2703125 0.8765625 0.040625 0.05
89 0.125 0.85625 0.24375 0.2828125
89 0.2609375 0.9828125 0.05 0.028125
89 0.834375 0.809375 0.1125 0.1625
89 0.275 0.79375 0.08125 0.109375
89 0.44375 0.7890625 0.0375 0.0515625
89 0.015625 0.775 0.025 0.05
89 0.9390625 0.7359375 0.1171875 0.20625
89 0.803125 0.7140625 0.0359375 0.05
89 0.2234375 0.696875 0.090625 0.1296875
89 0.7953125 0.675 0.0203125 0.028125
89 0.1453125 0.665625 0.059375 0.0953125
89 0.8625 0.965625 0.03125 0.0421875
89 0.9765625 0.9640625 0.040625 0.0671875
89 0.853125 0.6546875 0.090625 0.1390625
89 0.3671875 0.6484375 0.2078125 0.278125
89 0.9125 0.634375 0.0234375 0.0375
89 0.7875 0.6328125 0.0375 0.0546875
89 0.0609375 0.625 0.11875 0.2609375
89 0.975 0.60625 0.046875 0.103125
89 0.5125 0.9578125 0.0375 0.0515625
89 0.903125 0.55 0.0953125 0.140625
89 0.4953125 0.5203125 0.08125 0.11875
89 0.2015625 0.5046875 0.1890625 0.259375
89 0.315625 0.503125 0.028125 0.0375
89 0.784375 0.503125 0.134375 0.2125
89 0.68125 0.4953125 0.0625 0.090625
89 0.965625 0.4578125 0.0640625 0.1984375
89 0.5015625 0.4359375 0.0328125 0.046875
89 0.590625 0.4328125 0.140625 0.19375
89 0.778125 0.940625 0.1390625 0.1140625
89 0.8890625 0.409375 0.0953125 0.134375
89 0.059375 0.3984375 0.1171875 0.196875
89 0.746875 0.3984375 0.01875 0.0234375
89 0.7 0.39375 0.071875 0.0953125
89 0.50625 0.3875 0.0375 0.046875
89 0.3859375 0.378125 0.1984375 0.278125
89 0.828125 0.3734375 0.03125 0.0515625
89 0.2703125 0.3671875 0.0328125 0.046875
89 0.721875 0.34375 0.015625 0.0234375
89 0.775 0.3375 0.0859375 0.1140625
89 0.85 0.3109375 0.059375 0.0953125
89 0.2625 0.9296875 0.0328125 0.0625
89 0.525 0.296875 0.0953125 0.134375
89 0.928125 0.2484375 0.1390625 0.2328125
89 0.2125 0.2359375 0.2859375 0.2875
89 0.0359375 0.2296875 0.0671875 0.1359375
89 0.659375 0.228125 0.184375 0.246875
89 0.803125 0.2109375 0.103125 0.1359375
89 0.546875 0.20625 0.0375 0.0421875
89 0.4453125 0.175 0.171875 0.1671875
89 0.8515625 0.915625 0.0375 0.05625
89 0.5578125 0.159375 0.0453125 0.0515625
89 0.0421875 0.125 0.08125 0.0671875
89 0.871875 0.121875 0.08125 0.0625
89 0.91875 0.909375 0.0953125 0.1359375
