89 0.1046875 0.5390625 0.125 0.0875
89 0.115625 0.096875 0.2296875 0.1765625
89 0.128125 0.659375 0.1390625 0.090625
89 0.178125 0.45 0.1625 0.1140625
89 0.190625 0.5859375 0.0875 0.0640625
89 0.196875 0.246875 0.1671875 0.125
89 0.2046875 0.7828125 0.2203125 0.1578125
89 0.2421875 0.9140625 0.1453125 0.103125
89 0.275 0.04375 0.1125 0.0765625
89 0.284375 0.5296875 0.1484375 0.109375
89 0.2890625 0.6453125 0.14375 0.1125
89 0.028125 0.7953125 0.05625 0.1140625
89 0.2921875 0.35625 0.165625 0.11875
89 0.309375 0.15 0.1921875 0.1390625
89 0.3578125 0.846875 0.1296875 0.0953125
89 0.3625 0.975 0.140625 0.0453125
89 0.3734375 0.7421875 0.1296875 0.090625
89 0.375 0.4421875 0.13125 0.1
89 0.0390625 0.4625 0.0765625 0.090625
89 0.4390625 0.5296875 0.13125 0.1
89 0.45 0.2734375 0.2203125 0.1578125
89 0.4609375 0.6546875 0.171875 0.13125
89 0.4875 0.059375 0.28125 0.11875
89 0.4875 0.925 0.1609375 0.109375
89 0.05 0.221875 0.0953125 0.071875
89 0.5109375 0.8046875 0.171875 0.1265625
89 0.575 0.4140625 0.2015625 0.1578125
89 0.5765625 0.175 0.175 0.11875
89 0.6 0.70625 0.1390625 0.1
89 0.6015625 0.5671875 0.1984375 0.1390625
89 0.6125 0.971875 0.14375 0.05
89 0.6234375 0.86875 0.1125 0.090625
89 0.6390625 0.2890625 0.1484375 0.1078125
89 0.7203125 0.9328125 0.1140625 0.078125
89 0.725 0.8375 0.071875 0.0515625
89 0.7296875 0.075 0.1625 0.1140625
89 0.075 0.7296875 0.0859375 0.05625
89 0.7421875 0.6421875 0.153125 0.1046875
89 0.7546875 0.3828125 0.1484375 0.1046875
89 0.76875 0.209375 0.203125 0.1390625
89 0.771875 0.5078125 0.1921875 0.14375
89 0.809375 0.8875 0.08125 0.059375
89 0.8359375 0.0328125 0.1390625 0.0625
89 0.840625 0.321875 0.121875 0.1
89 0.8578125 0.815625 0.0953125 0.125
89 0.86875 0.684375 0.08125 0.140625
89 0.875 0.1078125 0.0671875 0.134375
89 0.8828125 0.4734375 0.0625 0.1046875
89 0.0890625 0.9015625 0.1671875 0.11875
89 0.0890625 0.346875 0.1625 0.125
