89 0.3734375 0.81875 0.046875 0.071875
89 0.890625 0.8265625 0.0421875 0.05
89 0.6328125 0.8296875 0.046875 0.071875
89 0.465625 0.8328125 0.059375 0.0734375
89 0.321875 0.846875 0.0421875 0.0640625
89 0.4015625 0.0859375 0.05625 0.078125
89 0.6671875 0.85 0.0546875 0.0734375
89 0.08125 0.8515625 0.0421875 0.0625
89 0.8015625 0.85625 0.05625 0.0546875
89 0.2078125 0.86875 0.0875 0.103125
89 0.9046875 0.871875 0.046875 0.078125
89 0.43125 0.878125 0.0328125 0.0625
89 0.5703125 0.8828125 0.0734375 0.071875
89 0.4015625 0.8828125 0.0375 0.0640625
89 0.859375 0.8828125 0.071875 0.0671875
89 0.9609375 0.8859375 0.0734375 0.06875
89 0.734375 0.8875 0.05625 0.05625
89 0.5125 0.8984375 0.0453125 0.0375
89 0.2734375 0.09375 0.0625 0.0875
89 0.0421875 0.128125 0.0375 0.0765625
89 0.1046875 0.1359375 0.11875 0.1703125
89 0.440625 0.140625 0.0328125 0.0515625
89 0.6671875 0.146875 0.0859375 0.1125
89 0.5625 0.15 0.05625 0.0734375
89 0.834375 0.16875 0.1046875 0.125
89 0.234375 0.1828125 0.05 0.08125
89 0.309375 0.1828125 0.0453125 0.0625
89 0.3671875 0.184375 0.05625 0.0859375
89 0.4875 0.1859375 0.06875 0.090625
89 0.91875 0.2015625 0.0765625 0.0859375
89 0.5125 0.0203125 0.0375 0.040625
89 0.5828125 0.2140625 0.0515625 0.0765625
89 0.534375 0.2265625 0.0421875 0.071875
89 0.4421875 0.0234375 0.0734375 0.0453125
89 0.284375 0.23125 0.0359375 0.0625
89 0.1953125 0.2390625 0.0375 0.059375
89 0.06875 0.24375 0.0984375 0.1484375
89 0.38125 0.2625 0.0734375 0.11875
89 0.81875 0.2640625 0.046875 0.05625
89 0.14375 0.2703125 0.046875 0.0625
89 0.5484375 0.278125 0.0515625 0.071875
89 0.24375 0.2796875 0.05625 0.090625
89 0.3265625 0.28125 0.059375 0.125
89 0.925 0.2859375 0.05625 0.071875
89 0.65625 0.2984375 0.1046875 0.1765625
89 0.7984375 0.03125 0.0625 0.0625
89 0.159375 0.03125 0.0546875 0.0625
89 0.4953125 0.315625 0.08125 0.1390625
89 0.73125 0.31875 0.090625 0.1078125
89 0.159375 0.3203125 0.0328125 0.046875
89 0.715625 0.034375 0.0859375 0.0671875
89 0.2578125 0.340625 0.025 0.0453125
89 0.175 0.3625 0.0328125 0.0375
89 0.209375 0.365625 0.0453125 0.0640625
89 0.446875 0.3828125 0.0515625 0.0765625
89 0.528125 0.384375 0.0671875 0.0953125
89 0.2578125 0.39375 0.03125 0.046875
89 0.30625 0.39375 0.0640625 0.1
89 0.84375 0.403125 0.0984375 0.1140625
89 0.5875 0.4140625 0.0765625 0.0953125
89 0.153125 0.415625 0.0375 0.0625
89 0.0515625 0.446875 0.059375 0.0953125
89 0.4453125 0.4484375 0.040625 0.0546875
89 0.103125 0.453125 0.040625 0.071875
89 0.953125 0.45625 0.0546875 0.0640625
89 0.7265625 0.45625 0.121875 0.1765625
89 0.64375 0.475 0.0515625 0.071875
89 0.23125 0.4859375 0.0328125 0.0625
89 0.0140625 0.4875 0.0234375 0.05625
89 0.50625 0.4875 0.05 0.071875
89 0.578125 0.4875 0.05625 0.0765625
89 0.1390625 0.4875 0.0328125 0.0625
89 0.309375 0.496875 0.05625 0.090625
89 0.4046875 0.4984375 0.025 0.046875
89 0.8859375 0.503125 0.090625 0.1125
89 0.0515625 0.509375 0.028125 0.0421875
89 0.9796875 0.5109375 0.0375 0.0765625
89 0.4359375 0.5140625 0.0421875 0.06875
89 0.2 0.525 0.0375 0.0625
89 0.8125 0.53125 0.0515625 0.0671875
89 0.334375 0.5453125 0.0359375 0.0546875
89 0.01875 0.55 0.0359375 0.059375
89 0.271875 0.5484375 0.0328125 0.046875
89 0.0609375 0.5609375 0.0453125 0.0671875
89 0.578125 0.05625 0.0515625 0.06875
89 0.49375 0.565625 0.0453125 0.0671875
89 0.3109375 0.5703125 0.0328125 0.05625
89 0.175 0.571875 0.0375 0.0421875
89 0.6328125 0.571875 0.0859375 0.1140625
89 0.746875 0.5765625 0.046875 0.05625
89 0.053125 0.059375 0.0375 0.05625
89 0.553125 0.5859375 0.05 0.0734375
89 0.425 0.59375 0.0421875 0.0859375
89 0.2265625 0.603125 0.0375 0.0515625
89 0.3625 0.059375 0.0625 0.090625
89 0.175 0.6125 0.0375 0.0421875
89 0.4546875 0.6203125 0.0625 0.090625
89 0.3109375 0.628125 0.046875 0.0625
89 0.95 0.6375 0.071875 0.0859375
89 0.0296875 0.6421875 0.059375 0.1046875
89 0.2328125 0.653125 0.0421875 0.05625
89 0.190625 0.6625 0.059375 0.0765625
89 0.5875 0.6640625 0.071875 0.0953125
89 0.1328125 0.6734375 0.071875 0.125
89 0.4234375 0.6765625 0.05625 0.06875
89 0.3359375 0.6796875 0.0359375 0.0625
89 0.7421875 0.68125 0.13125 0.165625
89 0.984375 0.6953125 0.025 0.1
89 0.871875 0.6953125 0.05625 0.0671875
89 0.9609375 0.7125 0.05625 0.071875
89 0.0234375 0.7203125 0.025 0.046875
89 0.321875 0.7375 0.0328125 0.0328125
89 0.571875 0.7421875 0.040625 0.0421875
89 0.6515625 0.75 0.05625 0.0734375
89 0.35625 0.7546875 0.028125 0.0546875
89 0.41875 0.75625 0.0625 0.08125
89 0.4921875 0.075 0.0671875 0.08125
89 0.48125 0.7609375 0.0515625 0.0859375
89 0.2125 0.0765625 0.0671875 0.09375
89 0.16875 0.7734375 0.0734375 0.125
89 0.0796875 0.778125 0.0421875 0.071875
89 0.8046875 0.7796875 0.090625 0.11875
89 0.9765625 0.78125 0.0453125 0.071875
89 0.3296875 0.7875 0.040625 0.05625
89 0.5421875 0.7890625 0.0359375 0.05625
89 0.7203125 0.790625 0.040625 0.05
89 0.5859375 0.80625 0.0546875 0.078125
