89 0.9890625 0.18125 0.015625 0.0359375
89 0.9046875 0.75625 0.1171875 0.0859375
89 0.8984375 0.128125 0.046875 0.03125
89 0.896875 0.0125 0.05625 0.0234375
89 0.8953125 0.1953125 0.0453125 0.0328125
89 0.89375 0.8765625 0.0453125 0.0328125
89 0.8875 0.0453125 0.046875 0.0359375
89 0.8828125 0.1484375 0.0328125 0.028125
89 0.8828125 0.425 0.046875 0.0328125
89 0.8765625 0.5125 0.0453125 0.0328125
89 0.875 0.0921875 0.05625 0.05
89 0.865625 0.253125 0.0421875 0.0328125
89 0.984375 0.0234375 0.025 0.040625
89 0.8453125 0.903125 0.0625 0.0453125
89 0.9828125 0.05625 0.028125 0.03125
89 0.840625 0.553125 0.08125 0.0625
89 0.8328125 0.0546875 0.0375 0.0234375
89 0.83125 0.4984375 0.046875 0.0328125
89 0.8296875 0.95625 0.071875 0.0515625
89 0.828125 0.1125 0.0515625 0.0375
89 0.828125 0.6765625 0.140625 0.1078125
89 0.8203125 0.20625 0.1046875 0.0765625
89 0.98125 0.675 0.0328125 0.0546875
89 0.98125 0.778125 0.0328125 0.0640625
89 0.815625 0.83125 0.1265625 0.09375
89 0.8109375 0.7578125 0.0625 0.046875
89 0.8109375 0.2890625 0.09375 0.0765625
89 0.8109375 0.0796875 0.0515625 0.0375
89 0.978125 0.225 0.0375 0.0546875
89 0.78125 0.5984375 0.0859375 0.0640625
89 0.778125 0.51875 0.0671875 0.05
89 0.7625 0.9140625 0.1 0.071875
89 0.75625 0.725 0.046875 0.0328125
89 0.9734375 0.9078125 0.046875 0.040625
89 0.7453125 0.0390625 0.1390625 0.0765625
89 0.7453125 0.4109375 0.2328125 0.1453125
89 0.971875 0.7171875 0.05 0.0453125
89 0.734375 0.2140625 0.046875 0.0359375
89 0.7296875 0.278125 0.0625 0.0421875
89 0.7265625 0.696875 0.0375 0.028125
89 0.7265625 0.846875 0.05625 0.0421875
89 0.721875 0.1375 0.1578125 0.125
89 0.71875 0.4953125 0.05625 0.0421875
89 0.7171875 0.7734375 0.1046875 0.08125
89 0.7109375 0.3234375 0.05625 0.0375
89 0.7109375 0.96875 0.06875 0.05
89 0.7 0.5546875 0.1046875 0.0765625
89 0.69375 0.6375 0.1078125 0.0859375
89 0.690625 0.890625 0.0671875 0.05
89 0.96875 0.525 0.05 0.040625
89 0.678125 0.2921875 0.046875 0.0328125
89 0.6703125 0.7328125 0.0421875 0.03125
89 0.6546875 0.23125 0.11875 0.0859375
89 0.6546875 0.9328125 0.05625 0.0453125
89 0.6484375 0.33125 0.0671875 0.05
89 0.6484375 0.69375 0.0625 0.046875
89 0.64375 0.8359375 0.1046875 0.0765625
89 0.6328125 0.0171875 0.078125 0.0328125
89 0.6328125 0.4921875 0.1078125 0.0765625
89 0.628125 0.059375 0.0671875 0.0453125
89 0.6140625 0.659375 0.059375 0.0421875
89 0.6140625 0.89375 0.0515625 0.0375
89 0.6015625 0.98125 0.06875 0.0328125
89 0.6015625 0.1421875 0.071875 0.0515625
89 0.5859375 0.5875 0.1390625 0.0953125
89 0.5859375 0.75 0.1296875 0.0953125
89 0.5828125 0.4078125 0.1046875 0.0828125
89 0.5796875 0.19375 0.0625 0.0421875
89 0.5734375 0.3265625 0.06875 0.05
89 0.571875 0.2359375 0.046875 0.0328125
89 0.56875 0.278125 0.0625 0.0453125
89 0.5671875 0.9296875 0.078125 0.0671875
89 0.5578125 0.509375 0.0453125 0.0328125
89 0.54375 0.0828125 0.1140625 0.0734375
89 0.5328125 0.6703125 0.109375 0.0765625
89 0.53125 0.9765625 0.0625 0.040625
89 0.528125 0.025 0.05 0.0359375
89 0.5234375 0.2171875 0.059375 0.0421875
89 0.5109375 0.284375 0.0515625 0.0375
89 0.503125 0.1625 0.1046875 0.0765625
89 0.4984375 0.3484375 0.090625 0.0625
89 0.496875 0.4171875 0.0640625 0.046875
89 0.48125 0.48125 0.1046875 0.0765625
89 0.453125 0.640625 0.0625 0.046875
89 0.45 0.5703125 0.134375 0.0953125
89 0.4484375 0.221875 0.0765625 0.05625
89 0.4453125 0.1125 0.0625 0.046875
89 0.9453125 0.875 0.046875 0.0328125
89 0.4390625 0.040625 0.140625 0.08125
89 0.434375 0.2890625 0.09375 0.059375
89 0.434375 0.3859375 0.071875 0.0515625
89 0.428125 0.715625 0.134375 0.1
89 0.428125 0.434375 0.0625 0.0421875
89 0.425 0.340625 0.0515625 0.0375
89 0.9421875 0.20625 0.046875 0.0375
89 0.421875 0.9671875 0.15625 0.059375
89 0.940625 0.034375 0.0515625 0.0375
89 0.3984375 0.1671875 0.1046875 0.08125
89 0.3921875 0.0921875 0.046875 0.0359375
89 0.9375 0.1328125 0.0375 0.028125
89 0.9375 0.0859375 0.0546875 0.0421875
89 0.3734375 0.8890625 0.0765625 0.0546875
89 0.371875 0.840625 0.046875 0.0359375
89 0.371875 0.496875 0.109375 0.0875
89 0.9359375 0.471875 0.1 0.0765625
89 0.3625 0.2421875 0.0984375 0.071875
89 0.35625 0.621875 0.1046875 0.0734375
89 0.3515625 0.1234375 0.0453125 0.0328125
89 0.346875 0.784375 0.0953125 0.071875
89 0.3359375 0.95 0.05625 0.040625
89 0.3359375 0.0546875 0.05625 0.040625
89 0.3328125 0.325 0.125 0.08125
89 0.3296875 0.015625 0.078125 0.03125
89 0.328125 0.9859375 0.0375 0.025
89 0.3265625 0.4140625 0.1265625 0.090625
89 0.3140625 0.7015625 0.1 0.071875
89 0.3125 0.55625 0.0859375 0.0625
89 0.9296875 0.603125 0.1359375 0.1140625
89 0.3046875 0.909375 0.059375 0.0453125
89 0.2921875 0.1171875 0.071875 0.0515625
89 0.284375 0.8515625 0.0875 0.0671875
89 0.28125 0.1859375 0.109375 0.0828125
89 0.928125 0.684375 0.059375 0.046875
89 0.928125 0.959375 0.11875 0.078125
89 0.278125 0.0578125 0.0515625 0.0421875
89 0.278125 0.75625 0.0546875 0.040625
89 0.2625 0.64375 0.0859375 0.0671875
89 0.925 0.825 0.08125 0.0515625
89 0.25 0.3703125 0.046875 0.03125
89 0.2453125 0.2640625 0.0953125 0.071875
89 0.24375 0.8984375 0.046875 0.0375
89 0.240625 0.6953125 0.0375 0.028125
89 0.2375 0.4421875 0.05625 0.0375
89 0.234375 0.571875 0.071875 0.0515625
89 0.2328125 0.5046875 0.1046875 0.0765625
89 0.2328125 0.0203125 0.109375 0.040625
89 0.23125 0.73125 0.0546875 0.040625
89 0.2296875 0.3265625 0.06875 0.046875
89 0.2078125 0.084375 0.103125 0.071875
89 0.9203125 0.5296875 0.046875 0.0328125
89 0.20625 0.790625 0.109375 0.078125
89 0.203125 0.8515625 0.0546875 0.0375
89 0.1984375 0.378125 0.059375 0.046875
89 0.1953125 0.6703125 0.0671875 0.0453125
89 0.190625 0.6140625 0.0671875 0.0421875
89 0.18125 0.7125 0.0515625 0.0375
89 0.1796875 0.434375 0.059375 0.0421875
89 0.171875 0.1609375 0.11875 0.0875
89 0.9171875 0.346875 0.1625 0.1796875
89 0.9171875 0.2421875 0.0515625 0.0375
89 0.16875 0.2375 0.05625 0.0375
89 0.1640625 0.525 0.0375 0.0234375
89 0.915625 0.1640625 0.0515625 0.0328125
89 0.1578125 0.3484375 0.05 0.0328125
89 0.1578125 0.478125 0.0546875 0.0359375
89 0.1578125 0.90625 0.1078125 0.0765625
89 0.1578125 0.290625 0.0984375 0.0671875
89 0.15 0.571875 0.0625 0.046875
89 0.146875 0.0421875 0.0625 0.046875
89 0.14375 0.64375 0.0546875 0.0421875
89 0.1421875 0.3875 0.0515625 0.0375
89 0.140625 0.965625 0.0546875 0.0375
89 0.1390625 0.7515625 0.0515625 0.040625
89 0.1328125 0.0890625 0.0515625 0.05
89 0.13125 0.8359375 0.08125 0.0625
89 0.128125 0.7 0.046875 0.0375
89 0.1171875 0.2265625 0.05 0.090625
89 0.115625 0.5078125 0.046875 0.0515625
89 0.1125 0.78125 0.0328125 0.028125
89 0.1125 0.4296875 0.0375 0.0875
