89 0.865625 0.8734375 0.0828125 0.1046875
89 0.1140625 0.8046875 0.1984375 0.2734375
89 0.675 0.8 0.134375 0.1296875
89 0.4171875 0.70625 0.2953125 0.4078125
89 0.60625 0.6890625 0.0859375 0.1390625
89 0.925 0.684375 0.1453125 0.3265625
89 0.7109375 0.6421875 0.09375 0.134375
89 0.796875 0.6328125 0.078125 0.125
89 0.634375 0.55 0.090625 0.1390625
89 0.1796875 0.4640625 0.2078125 0.384375
89 0.559375 0.3859375 0.1625 0.2546875
89 0.7671875 0.3703125 0.2328125 0.3890625
89 0.71875 0.934375 0.1625 0.125
89 0.3796875 0.3640625 0.1796875 0.290625
89 0.9453125 0.31875 0.1046875 0.4203125
89 0.1609375 0.190625 0.2109375 0.165625
89 0.58125 0.165625 0.1796875 0.11875
89 0.3796875 0.159375 0.20625 0.1
89 0.8453125 0.15625 0.1671875 0.103125
89 0.3015625 0.9125 0.228125 0.1703125
89 0.55 0.903125 0.184375 0.1890625
