89 0.4890625 0.08125 0.078125 0.090625
89 0.675 0.0828125 0.1125 0.1390625
89 0.3875 0.834375 0.0515625 0.0546875
89 0.8890625 0.084375 0.1140625 0.14375
89 0.0359375 0.8578125 0.0453125 0.0515625
89 0.81875 0.871875 0.1453125 0.0953125
89 0.459375 0.871875 0.134375 0.0953125
89 0.9453125 0.8828125 0.103125 0.071875
89 0.2203125 0.8828125 0.1140625 0.071875
89 0.1 0.8828125 0.1140625 0.0671875
89 0.578125 0.8859375 0.09375 0.0640625
89 0.3328125 0.8875 0.1078125 0.0625
89 0.6859375 0.8875 0.1140625 0.0625
89 0.0859375 0.1046875 0.1265625 0.1390625
89 0.196875 0.1203125 0.0953125 0.1046875
89 0.5703125 0.128125 0.1 0.11875
89 0.378125 0.1375 0.125 0.1671875
89 0.2984375 0.1546875 0.03125 0.0421875
89 0.15 0.1671875 0.0421875 0.05625
89 0.7375 0.1734375 0.08125 0.1046875
89 0.25625 0.1765625 0.046875 0.059375
89 0.4765625 0.178125 0.0765625 0.1
89 0.028125 0.178125 0.0421875 0.05625
89 0.8359375 0.1875 0.1 0.11875
89 0.9421875 0.215625 0.1046875 0.1296875
89 0.6484375 0.2296875 0.11875 0.1390625
89 0.203125 0.23125 0.0859375 0.1140625
89 0.5421875 0.2375 0.08125 0.1
89 0.3 0.2515625 0.1 0.134375
89 0.10625 0.2546875 0.1265625 0.1578125
89 0.0234375 0.2765625 0.0453125 0.1296875
89 0.753125 0.2828125 0.0953125 0.1078125
89 0.2390625 0.3 0.0375 0.046875
89 0.3734375 0.03125 0.0328125 0.040625
89 0.9453125 0.315625 0.0421875 0.0546875
89 0.85625 0.328125 0.134375 0.1671875
89 0.190625 0.328125 0.059375 0.0765625
89 0.4265625 0.334375 0.1625 0.2203125
89 0.565625 0.34375 0.1046875 0.1296875
89 0.065625 0.3515625 0.0765625 0.090625
89 0.6703125 0.35625 0.1 0.1140625
89 0.759375 0.3859375 0.078125 0.090625
89 0.2734375 0.39375 0.1296875 0.153125
89 0.9546875 0.4 0.0859375 0.1125
89 0.0625 0.425 0.0421875 0.0515625
89 0.1453125 0.428125 0.1140625 0.14375
89 0.871875 0.4359375 0.0453125 0.0640625
89 0.6125 0.440625 0.078125 0.0953125
89 0.35625 0.4671875 0.0734375 0.090625
89 0.5234375 0.4703125 0.0953125 0.134375
89 0.6984375 0.4734375 0.0859375 0.1046875
89 0.34375 0.0484375 0.0328125 0.0375
89 0.803125 0.4875 0.109375 0.1359375
89 0.215625 0.496875 0.08125 0.0953125
89 0.434375 0.496875 0.0765625 0.0953125
89 0.9140625 0.51875 0.1 0.125
89 0.0625 0.525 0.1 0.14375
89 0.290625 0.534375 0.0765625 0.0984375
89 0.1515625 0.546875 0.0765625 0.09375
89 0.371875 0.5671875 0.090625 0.1046875
89 0.6140625 0.5703125 0.125 0.1609375
89 0.7265625 0.590625 0.1 0.1296875
89 0.221875 0.5984375 0.08125 0.0984375
89 0.4796875 0.6109375 0.134375 0.1703125
89 0.83125 0.6171875 0.1078125 0.1265625
89 0.2984375 0.6390625 0.0859375 0.109375
89 0.7796875 0.065625 0.090625 0.1125
89 0.0359375 0.65625 0.071875 0.1609375
89 0.940625 0.6640625 0.1171875 0.1765625
89 0.1328125 0.66875 0.109375 0.15
89 0.38125 0.678125 0.0859375 0.1
89 0.6734375 0.69375 0.09375 0.121875
89 0.7578125 0.6953125 0.06875 0.0828125
89 0.2265625 0.6953125 0.0765625 0.0984375
89 0.575 0.70625 0.090625 0.1140625
89 0.5109375 0.734375 0.0453125 0.05625
89 0.83125 0.75 0.109375 0.1296875
89 0.440625 0.7625 0.1078125 0.125
89 0.2859375 0.0765625 0.08125 0.109375
89 0.3125 0.78125 0.1484375 0.15625
89 0.084375 0.7828125 0.090625 0.1296875
89 0.18125 0.79375 0.0984375 0.11875
89 0.7296875 0.7984375 0.1 0.1171875
89 0.9171875 0.7984375 0.0828125 0.103125
89 0.634375 0.8015625 0.0828125 0.103125
89 0.540625 0.80625 0.090625 0.1046875
