89 0.1046875 0.2734375 0.0515625 0.040625
89 0.1171875 0.64375 0.234375 0.225
89 0.13125 0.9453125 0.1703125 0.103125
89 0.1484375 0.3828125 0.0671875 0.0515625
89 0.1578125 0.0875 0.0546875 0.0421875
89 0.165625 0.3296875 0.0765625 0.0515625
89 0.1671875 0.8734375 0.059375 0.046875
89 0.1890625 0.790625 0.134375 0.1140625
89 0.1890625 0.434375 0.046875 0.0328125
89 0.2234375 0.721875 0.0421875 0.028125
89 0.2265625 0.984375 0.05 0.025
89 0.2421875 0.20625 0.2875 0.2203125
89 0.2546875 0.0453125 0.2734375 0.090625
89 0.259375 0.525 0.2015625 0.153125
89 0.28125 0.38125 0.1921875 0.1265625
89 0.2875 0.78125 0.05625 0.0421875
89 0.3390625 0.4546875 0.040625 0.03125
89 0.359375 0.89375 0.3 0.2078125
89 0.36875 0.5703125 0.046875 0.0328125
89 0.3734375 0.6890625 0.275 0.1921875
89 0.3796875 0.1171875 0.0828125 0.0625
89 0.384375 0.309375 0.0859375 0.0671875
89 0.3921875 0.0671875 0.0515625 0.040625
89 0.4109375 0.359375 0.0453125 0.0328125
89 0.421875 0.2625 0.0515625 0.040625
89 0.4421875 0.0984375 0.0375 0.028125
89 0.46875 0.7890625 0.046875 0.0375
89 0.48125 0.9828125 0.0421875 0.028125
89 0.4890625 0.184375 0.203125 0.1484375
89 0.05 0.225 0.1 0.103125
89 0.503125 0.3140625 0.140625 0.1046875
89 0.5046875 0.6078125 0.05 0.0359375
89 0.5109375 0.040625 0.234375 0.08125
89 0.5171875 0.478125 0.31875 0.2203125
89 0.5328125 0.8890625 0.0453125 0.0328125
89 0.5453125 0.7125 0.0515625 0.0421875
89 0.559375 0.95 0.13125 0.09375
89 0.5609375 0.2625 0.0375 0.03125
89 0.5796875 0.3609375 0.046875 0.0328125
89 0.584375 0.6421875 0.134375 0.1046875
89 0.6 0.5734375 0.040625 0.025
89 0.603125 0.8 0.2234375 0.1578125
89 0.6125 0.115625 0.134375 0.1
89 0.0625 0.8453125 0.125 0.1671875
89 0.0640625 0.3359375 0.125 0.1140625
89 0.63125 0.9859375 0.0453125 0.0234375
89 0.6359375 0.190625 0.071875 0.0515625
89 0.6421875 0.046875 0.05 0.0375
89 0.64375 0.709375 0.040625 0.03125
89 0.0671875 0.0875 0.134375 0.1703125
89 0.665625 0.6171875 0.0375 0.028125
89 0.675 0.48125 0.0359375 0.028125
89 0.690625 0.5515625 0.153125 0.109375
89 0.6921875 0.1890625 0.0375 0.028125
89 0.6953125 0.071875 0.0515625 0.040625
89 0.7171875 0.3 0.2875 0.2015625
89 0.725 0.925 0.203125 0.1453125
89 0.7375 0.03125 0.215625 0.059375
89 0.7625 0.6734375 0.2109375 0.1484375
89 0.76875 0.459375 0.1671875 0.121875
89 0.7796875 0.1296875 0.1921875 0.1390625
89 0.784375 0.5828125 0.046875 0.0328125
89 0.7859375 0.5375 0.0421875 0.0328125
89 0.8 0.8078125 0.1578125 0.11875
89 0.8046875 0.3875 0.0453125 0.028125
89 0.8203125 0.9875 0.040625 0.01875
89 0.828125 0.7421875 0.0359375 0.028125
89 0.8359375 0.8828125 0.0359375 0.028125
89 0.8390625 0.209375 0.05 0.0359375
89 0.84375 0.0453125 0.046875 0.0359375
89 0.8578125 0.559375 0.1 0.1578125
89 0.0859375 0.4625 0.171875 0.1359375
89 0.8671875 0.2421875 0.0328125 0.025
89 0.86875 0.378125 0.0765625 0.171875
89 0.8703125 0.93125 0.0765625 0.13125
89 0.875 0.46875 0.0421875 0.028125
89 0.878125 0.7421875 0.0625 0.15625
89 0.8859375 0.2734375 0.046875 0.0421875
89 0.8875 0.6515625 0.0375 0.0328125
89 0.8890625 0.096875 0.0359375 0.0375
89 0.8921875 0.846875 0.0359375 0.0359375
