89 0.5484375 0.9046875 0.175 0.18125
89 0.7890625 0.89375 0.109375 0.14375
89 0.0984375 0.83125 0.1625 0.215625
89 0.3546875 0.803125 0.15 0.196875
89 0.9125 0.7828125 0.1703125 0.2515625
89 0.6921875 0.73125 0.1765625 0.2296875
89 0.50625 0.6703125 0.1765625 0.2390625
89 0.2296875 0.6390625 0.171875 0.225
89 0.0625 0.5859375 0.11875 0.2296875
89 0.3609375 0.58125 0.090625 0.14375
89 0.3875 0.95625 0.1609375 0.0828125
89 0.8421875 0.54375 0.2078125 0.3
89 0.65 0.465625 0.1890625 0.2515625
89 0.1671875 0.4640625 0.103125 0.1296875
89 0.29375 0.4515625 0.1125 0.14375
89 0.45625 0.396875 0.2109375 0.2609375
89 0.9375 0.3625 0.11875 0.21875
89 0.059375 0.346875 0.1140625 0.21875
89 0.690625 0.9296875 0.0953125 0.11875
89 0.2 0.2421875 0.2125 0.296875
89 0.23125 0.921875 0.153125 0.15
89 0.7765625 0.23125 0.275 0.28125
89 0.9734375 0.2 0.046875 0.1078125
89 0.54375 0.1875 0.184375 0.1875
89 0.371875 0.1828125 0.14375 0.1796875
89 0.0421875 0.171875 0.08125 0.125
