89 0.6375 0.31875 0.0203125 0.015625
89 0.6296875 0.3984375 0.0375 0.0140625
89 0.6265625 0.3671875 0.0359375 0.015625
89 0.6234375 0.1984375 0.0671875 0.0375
89 0.6171875 0.2375 0.0640625 0.0359375
89 0.6125 0.434375 0.03125 0.009375
89 0.6109375 0.3203125 0.0328125 0.015625
89 0.60625 0.35625 0.0375 0.015625
89 0.60625 0.3375 0.0328125 0.0140625
89 0.60625 0.4453125 0.01875 0.009375
89 0.6046875 0.428125 0.0234375 0.009375
89 0.6 0.3828125 0.0359375 0.01875
89 0.596875 0.4203125 0.0328125 0.0140625
89 0.59375 0.296875 0.0671875 0.0328125
89 0.59375 0.40625 0.0328125 0.0140625
89 0.5828125 0.465625 0.0328125 0.00625
89 0.5828125 0.4546875 0.028125 0.009375
89 0.575 0.26875 0.0453125 0.0234375
89 0.571875 0.378125 0.0375 0.0140625
89 0.5671875 0.353125 0.028125 0.0140625
89 0.565625 0.3328125 0.046875 0.01875
89 0.565625 0.4015625 0.0328125 0.0109375
89 0.5640625 0.14375 0.0515625 0.025
89 0.559375 0.421875 0.028125 0.009375
89 0.5578125 0.1796875 0.071875 0.0375
89 0.55625 0.45 0.0234375 0.0140625
89 0.5515625 0.3921875 0.0328125 0.0140625
89 0.55 0.2375 0.05625 0.028125
89 0.5484375 0.434375 0.0234375 0.0140625
89 0.5453125 0.2859375 0.040625 0.01875
89 0.54375 0.034375 0.0546875 0.028125
89 0.54375 0.3703125 0.03125 0.0140625
89 0.5421875 0.4625 0.028125 0.0140625
89 0.5390625 0.31875 0.046875 0.01875
89 0.534375 0.415625 0.03125 0.009375
89 0.5296875 0.4046875 0.0328125 0.0140625
89 0.528125 0.428125 0.025 0.009375
89 0.528125 0.35625 0.0421875 0.0203125
89 0.5265625 0.4375 0.028125 0.009375
89 0.515625 0.265625 0.05625 0.025
89 0.515625 0.3375 0.046875 0.01875
89 0.5078125 0.0640625 0.0625 0.0328125
89 0.50625 0.1609375 0.059375 0.0375
89 0.50625 0.39375 0.0328125 0.0140625
89 0.503125 0.125 0.05625 0.0328125
89 0.503125 0.4296875 0.025 0.009375
89 0.4984375 0.378125 0.0375 0.0140625
89 0.4984375 0.3 0.05625 0.028125
89 0.4984375 0.41875 0.028125 0.0140625
89 0.49375 0.203125 0.046875 0.028125
89 0.4890625 0.2375 0.0515625 0.0328125
89 0.48125 0.3515625 0.0421875 0.01875
89 0.4796875 0.09375 0.0515625 0.03125
89 0.478125 0.440625 0.0234375 0.009375
89 0.475 0.0359375 0.0375 0.01875
89 0.4625 0.428125 0.0359375 0.0140625
89 0.4625 0.3828125 0.0328125 0.0140625
89 0.459375 0.4140625 0.03125 0.0140625
89 0.4578125 0.3328125 0.0515625 0.0234375
89 0.45625 0.184375 0.05625 0.028125
89 0.453125 0.278125 0.046875 0.0234375
89 0.4515625 0.15625 0.0421875 0.0234375
89 0.4453125 0.0171875 0.046875 0.028125
89 0.4375 0.1171875 0.0765625 0.0453125
89 0.434375 0.0625 0.078125 0.040625
89 0.43125 0.2234375 0.08125 0.0453125
89 0.43125 0.3546875 0.0421875 0.01875
89 0.428125 0.4046875 0.0421875 0.015625
89 0.425 0.3109375 0.0734375 0.0375
89 0.425 0.3890625 0.03125 0.0140625
89 0.409375 0.2734375 0.0359375 0.0234375
89 0.403125 0.165625 0.0515625 0.0328125
89 0.3953125 0.253125 0.05 0.0234375
89 0.3875 0.0265625 0.0765625 0.0328125
89 0.38125 0.1953125 0.05 0.028125
89 0.371875 0.2890625 0.046875 0.0234375
89 0.3703125 0.1328125 0.05625 0.0328125
89 0.3609375 0.090625 0.0875 0.046875
89 0.359375 0.3203125 0.0515625 0.0234375
89 0.35 0.2359375 0.0515625 0.028125
89 0.3390625 0.26875 0.05625 0.0234375
89 0.3359375 0.1703125 0.0625 0.0328125
89 0.33125 0.2015625 0.0453125 0.0234375
89 0.3296875 0.053125 0.0734375 0.0328125
89 0.3265625 0.2953125 0.046875 0.0234375
89 0.3140625 0.0203125 0.046875 0.0234375
89 0.309375 0.1390625 0.0546875 0.03125
89 0.296875 0.2453125 0.0453125 0.0234375
89 0.2953125 0.08125 0.0453125 0.0234375
89 0.2828125 0.2171875 0.0421875 0.028125
89 0.2796875 0.1078125 0.046875 0.028125
89 0.278125 0.0078125 0.046875 0.015625
89 0.275 0.1625 0.0515625 0.0328125
89 0.2703125 0.0359375 0.040625 0.0234375
89 0.265625 0.065625 0.040625 0.0203125
89 0.2375 0.190625 0.046875 0.0328125
89 0.2328125 0.221875 0.040625 0.0234375
89 0.23125 0.090625 0.05625 0.03125
89 0.2234375 0.125 0.059375 0.0328125
89 0.2234375 0.028125 0.0421875 0.01875
89 0.221875 0.1578125 0.0421875 0.0234375
89 0.2015625 0.0546875 0.0671875 0.0328125
89 0.184375 0.2109375 0.046875 0.0234375
89 0.18125 0.1796875 0.0546875 0.03125
89 0.1765625 0.14375 0.046875 0.028125
89 0.16875 0.028125 0.0625 0.028125
89 0.1671875 0.103125 0.046875 0.0328125
89 0.1484375 0.1953125 0.0421875 0.0234375
89 0.14375 0.2828125 0.046875 0.025
89 0.1421875 0.165625 0.0453125 0.028125
