89 0.3328125 0.340625 0.1140625 0.08125
89 0.3421875 0.553125 0.1390625 0.090625
89 0.35625 0.4375 0.1484375 0.1
89 0.3828125 0.6796875 0.125 0.090625
89 0.45625 0.296875 0.14375 0.1
89 0.4640625 0.6015625 0.1390625 0.0953125
89 0.4703125 0.503125 0.1296875 0.0953125
89 0.4859375 0.409375 0.1125 0.0765625
89 0.521875 0.2171875 0.1140625 0.08125
89 0.53125 0.70625 0.18125 0.15
89 0.56875 0.3484375 0.1140625 0.0859375
89 0.5828125 0.4546875 0.109375 0.08125
89 0.5875 0.5546875 0.125 0.0953125
89 0.66875 0.259375 0.1703125 0.140625
89 0.6859375 0.7421875 0.125 0.0953125
89 0.6859375 0.6328125 0.14375 0.1125
89 0.690625 0.384375 0.1390625 0.1078125
89 0.6953125 0.4953125 0.134375 0.1046875
