89 0.1203125 0.85625 0.134375 0.1046875
89 0.128125 0.4578125 0.1046875 0.0625
89 0.1390625 0.7671875 0.071875 0.05
89 0.14375 0.171875 0.0671875 0.0375
89 0.15 0.290625 0.134375 0.08125
89 0.165625 0.509375 0.0875 0.059375
89 0.1671875 0.4 0.0953125 0.0625
89 0.1796875 0.6390625 0.134375 0.071875
89 0.184375 0.1359375 0.1046875 0.0515625
89 0.184375 0.0578125 0.08125 0.0453125
89 0.2046875 0.8046875 0.0625 0.0453125
89 0.2375 0.528125 0.0625 0.0421875
89 0.2390625 0.428125 0.0625 0.05625
89 0.24375 0.590625 0.090625 0.0515625
89 0.246875 0.2421875 0.09375 0.0671875
89 0.253125 0.70625 0.1671875 0.0953125
89 0.2578125 0.8359375 0.0765625 0.0453125
89 0.2609375 0.3203125 0.109375 0.0671875
89 0.26875 0.034375 0.0734375 0.046875
89 0.2734375 0.084375 0.0765625 0.046875
89 0.028125 0.6328125 0.0546875 0.071875
89 0.2765625 0.8921875 0.0671875 0.0515625
89 0.28125 0.184375 0.1046875 0.0515625
89 0.28125 0.784375 0.090625 0.0515625
89 0.29375 0.3828125 0.0671875 0.040625
89 0.3078125 0.425 0.0859375 0.05625
89 0.31875 0.125 0.0671875 0.0375
89 0.3203125 0.6203125 0.0828125 0.0515625
89 0.340625 0.25625 0.0671875 0.0421875
89 0.359375 0.4953125 0.14375 0.071875
89 0.38125 0.95 0.05625 0.0453125
89 0.3890625 0.4171875 0.0765625 0.0453125
89 0.4015625 0.1578125 0.0671875 0.0421875
89 0.403125 0.2796875 0.0453125 0.0328125
89 0.409375 0.0125 0.0765625 0.0234375
89 0.4125 0.7078125 0.0671875 0.0421875
89 0.41875 0.825 0.071875 0.046875
89 0.41875 0.35 0.15 0.0953125
89 0.4296875 0.1140625 0.0375 0.0234375
89 0.4328125 0.909375 0.0453125 0.0328125
89 0.4375 0.471875 0.103125 0.0765625
89 0.4390625 0.65 0.071875 0.05
89 0.45 0.5546875 0.0765625 0.046875
89 0.475 0.0703125 0.08125 0.046875
89 0.4875 0.6125 0.06875 0.0453125
89 0.5 0.89375 0.0453125 0.025
89 0.5 0.7921875 0.0515625 0.0328125
89 0.50625 0.7203125 0.0875 0.046875
89 0.0515625 0.7734375 0.0984375 0.0765625
89 0.5078125 0.85625 0.0625 0.0375
89 0.5125 0.1640625 0.078125 0.0515625
89 0.515625 0.540625 0.0640625 0.0328125
89 0.534375 0.275 0.1875 0.1140625
89 0.5390625 0.578125 0.0671875 0.040625
89 0.540625 0.5015625 0.05625 0.0375
89 0.546875 0.390625 0.121875 0.0671875
89 0.546875 0.95 0.0453125 0.028125
89 0.553125 0.9078125 0.0625 0.0375
89 0.5609375 0.671875 0.09375 0.05625
89 0.5734375 0.840625 0.078125 0.0421875
89 0.5875 0.028125 0.103125 0.05
89 0.6015625 0.88125 0.08125 0.05
89 0.60625 0.2171875 0.05625 0.028125
89 0.609375 0.78125 0.08125 0.0515625
89 0.6171875 0.15625 0.1359375 0.0953125
89 0.628125 0.434375 0.1140625 0.08125
89 0.653125 0.940625 0.090625 0.0515625
89 0.065625 0.21875 0.071875 0.046875
89 0.6640625 0.634375 0.1890625 0.11875
89 0.06875 0.9453125 0.08125 0.05625
89 0.6796875 0.378125 0.071875 0.05625
89 0.6796875 0.86875 0.090625 0.0515625
89 0.6796875 0.496875 0.06875 0.046875
89 0.6828125 0.0296875 0.0671875 0.0375
89 0.690625 0.315625 0.0953125 0.0625
89 0.6953125 0.2390625 0.071875 0.046875
89 0.7171875 0.1875 0.05625 0.0328125
89 0.734375 0.8953125 0.0625 0.046875
89 0.746875 0.8234375 0.0875 0.059375
89 0.7484375 0.41875 0.09375 0.0671875
89 0.7546875 0.484375 0.06875 0.059375
89 0.75625 0.0671875 0.1296875 0.0515625
89 0.7578125 0.928125 0.0515625 0.028125
89 0.7609375 0.7 0.08125 0.046875
89 0.7765625 0.121875 0.090625 0.0546875
89 0.078125 0.5421875 0.0953125 0.046875
89 0.784375 0.2203125 0.090625 0.05625
89 0.7984375 0.771875 0.0859375 0.0453125
89 0.809375 0.540625 0.05625 0.0375
89 0.815625 0.165625 0.0625 0.040625
89 0.825 0.5796875 0.0671875 0.046875
89 0.834375 0.4421875 0.0734375 0.0421875
89 0.0828125 0.6640625 0.0734375 0.05
89 0.8359375 0.8953125 0.0625 0.046875
89 0.85625 0.965625 0.046875 0.0375
89 0.859375 0.6125 0.05625 0.0375
89 0.86875 0.6875 0.05 0.0375
89 0.8765625 0.8671875 0.0375 0.059375
89 0.0875 0.3875 0.08125 0.05625
89 0.096875 0.13125 0.0546875 0.03125
