89 0.10625 0.1046875 0.08125 0.1140625
89 0.278125 0.1171875 0.0859375 0.1296875
89 0.353125 0.1234375 0.05 0.0765625
89 0.965625 0.1265625 0.0671875 0.134375
89 0.8859375 0.1515625 0.0765625 0.1078125
89 0.7265625 0.1515625 0.0984375 0.153125
89 0.5234375 0.159375 0.0953125 0.1296875
89 0.6234375 0.1671875 0.0765625 0.109375
89 0.8078125 0.1796875 0.0734375 0.1078125
89 0.05 0.2109375 0.0953125 0.1390625
89 0.3328125 0.215625 0.0765625 0.1078125
89 0.58125 0.24375 0.05625 0.0765625
89 0.971875 0.028125 0.0515625 0.0546875
89 0.4953125 0.2671875 0.0515625 0.0671875
89 0.1953125 0.2671875 0.1921875 0.2640625
89 0.7671875 0.2734375 0.0765625 0.1078125
89 0.665625 0.290625 0.109375 0.15625
89 0.9 0.334375 0.1921875 0.24375
89 0.559375 0.3359375 0.0859375 0.11875
89 0.35625 0.340625 0.0984375 0.134375
89 0.465625 0.3734375 0.109375 0.165625
89 0.7734375 0.3890625 0.08125 0.1140625
89 0.06875 0.4125 0.134375 0.2515625
89 0.6953125 0.421875 0.0765625 0.109375
89 0.6171875 0.425 0.0828125 0.11875
89 0.2828125 0.440625 0.1046875 0.134375
89 0.9046875 0.0453125 0.0765625 0.090625
89 0.184375 0.459375 0.090625 0.121875
89 0.3984375 0.4671875 0.0734375 0.109375
89 0.8234375 0.48125 0.0765625 0.11875
89 0.7421875 0.49375 0.05625 0.0765625
89 0.621875 0.0515625 0.0953125 0.103125
89 0.1984375 0.053125 0.103125 0.1046875
89 0.665625 0.5328125 0.09375 0.1296875
89 0.334375 0.540625 0.0765625 0.109375
89 0.9140625 0.5453125 0.11875 0.1578125
89 0.778125 0.55625 0.046875 0.06875
89 0.2484375 0.5671875 0.0875 0.1296875
89 0.98125 0.5765625 0.0328125 0.0765625
89 0.1515625 0.578125 0.0984375 0.125
89 0.8234375 0.590625 0.0421875 0.0671875
89 0.515625 0.596875 0.196875 0.2828125
89 0.046875 0.6171875 0.09375 0.1484375
89 0.765625 0.6515625 0.0828125 0.1296875
89 0.85625 0.675 0.090625 0.13125
89 0.9515625 0.678125 0.09375 0.13125
89 0.665625 0.6859375 0.121875 0.1578125
89 0.3671875 0.6859375 0.121875 0.171875
89 0.25625 0.6953125 0.0859375 0.11875
89 0.16875 0.6953125 0.0859375 0.121875
89 0.0875 0.740625 0.08125 0.11875
89 0.03125 0.075 0.0625 0.134375
89 0.5859375 0.753125 0.0375 0.0625
89 0.9796875 0.778125 0.0375 0.0671875
89 0.6140625 0.803125 0.040625 0.0625
89 0.7859375 0.8078125 0.1140625 0.171875
89 0.20625 0.809375 0.0859375 0.1171875
89 0.2953125 0.8109375 0.0859375 0.1265625
89 0.68125 0.815625 0.0765625 0.1078125
89 0.5390625 0.8453125 0.109375 0.11875
89 0.125 0.8515625 0.0953125 0.1140625
89 0.0375 0.8515625 0.0734375 0.109375
89 0.9609375 0.8625 0.0765625 0.0953125
89 0.3640625 0.8625 0.08125 0.08125
89 0.628125 0.8765625 0.0765625 0.0625
