89 0.8109375 0.15 0.13125 0.1875
89 0.4640625 0.1703125 0.1671875 0.215625
89 0.071875 0.2390625 0.14375 0.2296875
89 0.6328125 0.2484375 0.1890625 0.2640625
89 0.9171875 0.2515625 0.1296875 0.18125
89 0.278125 0.2578125 0.2015625 0.2546875
89 0.5078125 0.034375 0.1671875 0.06875
89 0.778125 0.35625 0.1625 0.2234375
89 0.4828125 0.3984375 0.184375 0.2296875
89 0.88125 0.0421875 0.1703125 0.0828125
89 0.1265625 0.4375 0.1984375 0.19375
89 0.325 0.475 0.1609375 0.2125
89 0.9125 0.4875 0.171875 0.2390625
89 0.028125 0.565625 0.05625 0.203125
89 0.7421875 0.5765625 0.171875 0.20625
89 0.575 0.578125 0.153125 0.2296875
89 0.059375 0.0609375 0.1171875 0.11875
89 0.69375 0.0625 0.1984375 0.125
89 0.415625 0.634375 0.15625 0.2109375
89 0.34375 0.065625 0.1578125 0.1296875
89 0.215625 0.646875 0.18125 0.234375
89 0.8359375 0.70625 0.153125 0.2015625
89 0.0703125 0.73125 0.1390625 0.196875
89 0.9515625 0.7625 0.090625 0.15
89 0.6734375 0.784375 0.18125 0.234375
89 0.48125 0.8109375 0.1875 0.1921875
89 0.3015625 0.8265625 0.1671875 0.1625
89 0.14375 0.8453125 0.1625 0.125
89 0.890625 0.85625 0.1671875 0.1
89 0.1953125 0.0859375 0.153125 0.171875
