89 0.934375 0.90625 0.0515625 0.0671875
89 0.3171875 0.903125 0.059375 0.0765625
89 0.79375 0.9 0.0625 0.08125
89 0.8578125 0.8984375 0.05625 0.0765625
89 0.48125 0.8953125 0.0140625 0.0234375
89 0.5578125 0.89375 0.14375 0.19375
89 0.7734375 0.9875 0.0203125 0.01875
89 0.46875 0.878125 0.0203125 0.03125
89 0.903125 0.875 0.0328125 0.046875
89 0.6375 0.875 0.028125 0.0359375
89 0.33125 0.9875 0.0203125 0.0234375
89 0.190625 0.9875 0.01875 0.0234375
89 0.0359375 0.8640625 0.071875 0.0953125
89 0.9 0.9859375 0.015625 0.01875
89 0.48125 0.8484375 0.01875 0.040625
89 0.2375 0.846875 0.1078125 0.1453125
89 0.7484375 0.840625 0.05625 0.0765625
89 0.8765625 0.8375 0.0359375 0.0453125
89 0.3078125 0.8375 0.0234375 0.0234375
89 0.4453125 0.8328125 0.05625 0.0765625
89 0.3046875 0.8140625 0.0203125 0.025
89 0.4875 0.8140625 0.0234375 0.0328125
89 0.3671875 0.809375 0.103125 0.1359375
89 0.8203125 0.8046875 0.0875 0.109375
89 0.5046875 0.7984375 0.0203125 0.028125
89 0.1203125 0.79375 0.1359375 0.1875
89 0.9375 0.7859375 0.11875 0.171875
89 0.525 0.7828125 0.028125 0.0421875
89 0.028125 0.778125 0.0421875 0.0625
89 0.759375 0.778125 0.0375 0.046875
89 0.4296875 0.7734375 0.03125 0.046875
89 0.2953125 0.7703125 0.046875 0.0625
89 0.66875 0.7625 0.1484375 0.196875
89 0.5625 0.7578125 0.0515625 0.06875
89 0.5265625 0.746875 0.01875 0.025
89 0.915625 0.9734375 0.0203125 0.0234375
89 0.48125 0.74375 0.06875 0.1046875
89 0.8609375 0.7421875 0.0421875 0.05625
89 0.1171875 0.971875 0.0375 0.0421875
89 0.9515625 0.9703125 0.0515625 0.0546875
89 0.415625 0.7140625 0.0625 0.0859375
89 0.375 0.70625 0.0203125 0.0421875
89 0.23125 0.7015625 0.1171875 0.153125
89 0.3296875 0.7 0.0734375 0.1046875
89 0.1625 0.696875 0.01875 0.0234375
89 0.5859375 0.690625 0.046875 0.0625
89 0.778125 0.96875 0.01875 0.0234375
89 0.5328125 0.690625 0.05625 0.0765625
89 0.8828125 0.690625 0.05 0.0671875
89 0.0859375 0.6875 0.01875 0.0234375
89 0.0390625 0.675 0.078125 0.134375
89 0.784375 0.6640625 0.1578125 0.1921875
89 0.3828125 0.65 0.059375 0.0765625
89 0.621875 0.64375 0.0515625 0.0671875
89 0.953125 0.6421875 0.0859375 0.1140625
89 0.8984375 0.9625 0.01875 0.025
89 0.2859375 0.6328125 0.03125 0.0453125
89 0.8859375 0.6296875 0.0453125 0.046875
89 0.6765625 0.628125 0.05625 0.071875
89 0.465625 0.6265625 0.1046875 0.14375
89 0.128125 0.615625 0.11875 0.1625
89 0.1984375 0.6140625 0.015625 0.0234375
89 0.33125 0.6078125 0.05625 0.08125
89 0.0578125 0.6015625 0.0203125 0.025
89 0.5640625 0.596875 0.090625 0.1296875
89 0.3265625 0.959375 0.0234375 0.028125
89 0.6390625 0.5796875 0.05 0.0625
89 0.378125 0.571875 0.046875 0.078125
89 0.259375 0.95625 0.1171875 0.0859375
89 0.9828125 0.559375 0.028125 0.0984375
89 0.415625 0.5515625 0.0359375 0.046875
89 0.509375 0.54375 0.040625 0.0546875
89 0.240625 0.5296875 0.1359375 0.1890625
89 0.3359375 0.5296875 0.05 0.0765625
89 0.7890625 0.5265625 0.046875 0.0640625
89 0.621875 0.5203125 0.0375 0.0546875
89 0.70625 0.5171875 0.125 0.165625
89 0.1015625 0.509375 0.0140625 0.0234375
89 0.1390625 0.496875 0.0625 0.078125
89 0.9875 0.496875 0.01875 0.0421875
89 0.89375 0.496875 0.1625 0.215625
89 0.4578125 0.4921875 0.0765625 0.1140625
89 0.3875 0.4921875 0.059375 0.08125
89 0.0484375 0.4890625 0.0953125 0.2296875
89 0.634375 0.4859375 0.0203125 0.0234375
89 0.1 0.4796875 0.015625 0.0234375
89 0.78125 0.9453125 0.01875 0.0234375
89 0.64375 0.459375 0.01875 0.03125
89 0.9875 0.4546875 0.0234375 0.0421875
89 0.7890625 0.4515625 0.059375 0.08125
89 0.328125 0.4390625 0.06875 0.1
89 0.2859375 0.4390625 0.015625 0.01875
89 0.5625 0.43125 0.14375 0.203125
89 0.10625 0.4296875 0.046875 0.06875
89 0.475 0.4265625 0.028125 0.0421875
89 0.65 0.41875 0.0421875 0.05625
89 0.16875 0.4171875 0.071875 0.1
89 0.0796875 0.4140625 0.0140625 0.0234375
89 0.4828125 0.3875 0.028125 0.0421875
89 0.9296875 0.3828125 0.025 0.028125
89 0.825 0.38125 0.05625 0.078125
89 0.409375 0.378125 0.1125 0.1625
89 0.96875 0.3734375 0.05625 0.1171875
89 0.121875 0.3703125 0.0328125 0.05
89 0.6375 0.3703125 0.0359375 0.0421875
89 0.075 0.365625 0.0515625 0.0765625
89 0.0390625 0.3640625 0.01875 0.025
89 0.2515625 0.3625 0.1140625 0.1484375
89 0.33125 0.3609375 0.0421875 0.05625
89 0.4984375 0.359375 0.0234375 0.0328125
89 0.73125 0.3375 0.1484375 0.1984375
89 0.41875 0.93125 0.1609375 0.13125
89 0.5203125 0.3265625 0.03125 0.046875
89 0.10625 0.3234375 0.0234375 0.0421875
89 0.8203125 0.3171875 0.028125 0.0421875
89 0.05 0.315625 0.0359375 0.046875
89 0.159375 0.3109375 0.0734375 0.109375
89 0.08125 0.3046875 0.028125 0.0328125
89 0.5515625 0.3046875 0.0375 0.046875
89 0.8953125 0.303125 0.11875 0.1625
89 0.7 0.9296875 0.1453125 0.1359375
89 0.6125 0.2890625 0.090625 0.125
89 0.034375 0.284375 0.0203125 0.028125
89 0.9765625 0.284375 0.040625 0.06875
89 0.165625 0.928125 0.0859375 0.109375
89 0.5203125 0.271875 0.0421875 0.05625
89 0.2109375 0.26875 0.0328125 0.0546875
89 0.0578125 0.26875 0.0328125 0.0515625
89 0.5546875 0.265625 0.01875 0.0328125
89 0.1015625 0.2578125 0.059375 0.0859375
89 0.8140625 0.25625 0.05625 0.071875
89 0.25 0.2546875 0.0546875 0.08125
89 0.434375 0.253125 0.059375 0.0828125
89 0.340625 0.246875 0.11875 0.1625
89 0.021875 0.2421875 0.0375 0.059375
89 0.484375 0.2390625 0.040625 0.05625
89 0.6671875 0.2109375 0.0671875 0.090625
89 0.715625 0.20625 0.03125 0.046875
89 0.9625 0.2078125 0.06875 0.103125
89 0.7671875 0.2046875 0.05625 0.0828125
89 0.059375 0.196875 0.05625 0.08125
89 0.0140625 0.190625 0.028125 0.0421875
89 0.2734375 0.190625 0.0421875 0.0671875
89 0.4140625 0.1859375 0.0421875 0.0625
89 0.459375 0.1859375 0.046875 0.06875
89 0.16875 0.175 0.175 0.165625
89 0.5640625 0.1703125 0.1765625 0.1578125
89 0.86875 0.1640625 0.1671875 0.1390625
89 0.6625 0.153125 0.0203125 0.0234375
89 0.378125 0.1515625 0.0328125 0.0515625
89 0.7765625 0.1484375 0.01875 0.028125
89 0.71875 0.1375 0.1265625 0.090625
89 0.09375 0.9140625 0.0546875 0.0734375
89 0.3140625 0.1328125 0.1140625 0.078125
89 0.0390625 0.1296875 0.0765625 0.08125
89 0.4296875 0.121875 0.1 0.0625
