89 0.271875 0.9625 0.0984375 0.0625
89 0.3671875 0.93125 0.0859375 0.059375
89 0.3734375 0.8515625 0.1296875 0.078125
89 0.4359375 0.9109375 0.0625 0.0359375
89 0.4765625 0.6484375 0.125 0.08125
89 0.4921875 0.95625 0.09375 0.0625
89 0.5125 0.840625 0.1296875 0.090625
89 0.525 0.7390625 0.11875 0.0765625
89 0.5859375 0.8984375 0.0625 0.040625
89 0.60625 0.7921875 0.078125 0.0546875
89 0.609375 0.61875 0.1140625 0.090625
89 0.6328125 0.93125 0.0765625 0.0515625
89 0.6453125 0.8578125 0.103125 0.071875
89 0.6671875 0.4984375 0.040625 0.0328125
89 0.6796875 0.753125 0.0875 0.059375
89 0.684375 0.696875 0.090625 0.0671875
89 0.69375 0.5734375 0.0515625 0.0421875
89 0.7140625 0.621875 0.046875 0.0359375
89 0.7421875 0.834375 0.0765625 0.05625
89 0.753125 0.9296875 0.0828125 0.046875
89 0.7734375 0.7859375 0.0421875 0.0328125
89 0.78125 0.6671875 0.0859375 0.071875
89 0.784375 0.409375 0.0953125 0.0828125
89 0.784375 0.228125 0.153125 0.14375
89 0.7921875 0.5703125 0.1171875 0.09375
89 0.79375 0.1203125 0.09375 0.0671875
89 0.7984375 0.4859375 0.071875 0.05625
89 0.81875 0.35625 0.0421875 0.0328125
