89 0.325 0.090625 0.078125 0.0625
89 0.371875 0.16875 0.1578125 0.13125
89 0.4765625 0.059375 0.18125 0.1140625
89 0.4875 0.2109375 0.1 0.08125
89 0.50625 0.3046875 0.11875 0.090625
89 0.559375 0.4484375 0.13125 0.1046875
89 0.56875 0.159375 0.0734375 0.05625
89 0.6125 0.7765625 0.1046875 0.0734375
89 0.615625 0.03125 0.1 0.059375
89 0.6171875 0.240625 0.13125 0.1046875
89 0.6234375 0.090625 0.0765625 0.0546875
89 0.6234375 0.696875 0.0953125 0.071875
89 0.628125 0.3109375 0.0765625 0.0515625
89 0.6484375 0.15625 0.05625 0.040625
89 0.6484375 0.3671875 0.1140625 0.0765625
89 0.6546875 0.503125 0.1140625 0.0859375
89 0.6578125 0.6015625 0.13125 0.090625
89 0.684375 0.4296875 0.0859375 0.0625
89 0.7046875 0.2875 0.0984375 0.0625
89 0.70625 0.909375 0.1046875 0.0875
89 0.7171875 0.696875 0.071875 0.05625
89 0.721875 0.046875 0.109375 0.08125
89 0.73125 0.1515625 0.090625 0.08125
89 0.73125 0.7890625 0.1390625 0.1078125
89 0.7421875 0.55 0.0984375 0.071875
89 0.75 0.34375 0.090625 0.0671875
89 0.76875 0.65625 0.1046875 0.071875
89 0.775 0.475 0.0671875 0.046875
89 0.7765625 0.403125 0.08125 0.0625
89 0.7953125 0.721875 0.0859375 0.05625
89 0.8 0.103125 0.0859375 0.0421875
89 0.809375 0.590625 0.0765625 0.0671875
89 0.81875 0.934375 0.1 0.0765625
89 0.8203125 0.51875 0.0859375 0.0671875
89 0.821875 0.278125 0.1046875 0.071875
89 0.8234375 0.15 0.1 0.0765625
89 0.8296875 0.04375 0.0828125 0.0625
89 0.8359375 0.4296875 0.0671875 0.0515625
89 0.853125 0.346875 0.08125 0.0515625
89 0.8625 0.6953125 0.0734375 0.0546875
89 0.8625 0.7765625 0.0859375 0.0671875
89 0.86875 0.5765625 0.0765625 0.14375
89 0.8703125 0.8703125 0.08125 0.0953125
89 0.871875 0.225 0.06875 0.0765625
89 0.878125 0.46875 0.05625 0.071875
