89 0.4375 0.2359375 0.0625 0.059375
89 0.4171875 0.1796875 0.0671875 0.0375
89 0.4125 0.665625 0.071875 0.046875
89 0.4078125 0.7296875 0.046875 0.0234375
89 0.4 0.4578125 0.0640625 0.046875
89 0.39375 0.2734375 0.0625 0.040625
89 0.3921875 0.409375 0.0515625 0.040625
89 0.3921875 0.05 0.0625 0.0375
89 0.3921875 0.3640625 0.059375 0.046875
89 0.390625 0.803125 0.05625 0.0453125
89 0.390625 0.1171875 0.06875 0.0515625
89 0.3875 0.3125 0.046875 0.0328125
89 0.38125 0.9171875 0.0625 0.046875
89 0.3796875 0.203125 0.0328125 0.0234375
89 0.375 0.5171875 0.0671875 0.05
89 0.371875 0.6125 0.046875 0.0328125
89 0.36875 0.7015625 0.0515625 0.0375
89 0.36875 0.2375 0.0515625 0.0375
89 0.3640625 0.7625 0.0515625 0.040625
89 0.3640625 0.64375 0.0421875 0.03125
89 0.35625 0.565625 0.06875 0.05
89 0.346875 0.8546875 0.1140625 0.08125
89 0.346875 0.965625 0.0625 0.046875
89 0.3453125 0.675 0.046875 0.0328125
89 0.340625 0.434375 0.0546875 0.0375
89 0.340625 0.1640625 0.0875 0.0625
89 0.3359375 0.384375 0.0515625 0.0375
89 0.3328125 0.2734375 0.046875 0.0375
89 0.33125 0.4703125 0.046875 0.0328125
89 0.33125 0.3203125 0.0765625 0.05625
89 0.325 0.028125 0.090625 0.0515625
89 0.325 0.73125 0.0625 0.0453125
89 0.315625 0.2171875 0.059375 0.040625
89 0.315625 0.60625 0.0671875 0.046875
89 0.309375 0.91875 0.071875 0.0546875
89 0.309375 0.7734375 0.05625 0.040625
89 0.309375 0.096875 0.05625 0.0421875
89 0.3046875 0.4140625 0.0421875 0.0328125
89 0.303125 0.509375 0.071875 0.05
89 0.3015625 0.56875 0.0328125 0.025
89 0.29375 0.7 0.0453125 0.0375
89 0.2890625 0.6640625 0.046875 0.025
89 0.2890625 0.45 0.0328125 0.028125
89 0.2765625 0.365625 0.06875 0.05625
89 0.275 0.2484375 0.078125 0.05625
89 0.2703125 0.85625 0.0375 0.0234375
89 0.265625 0.0703125 0.0671875 0.0375
89 0.265625 0.878125 0.0328125 0.0203125
89 0.2609375 0.3078125 0.05625 0.0359375
89 0.2578125 0.6015625 0.0375 0.0328125
89 0.2578125 0.690625 0.0328125 0.025
89 0.25625 0.553125 0.071875 0.0515625
89 0.25 0.434375 0.0515625 0.0421875
89 0.2484375 0.71875 0.046875 0.0359375
89 0.2484375 0.2 0.0625 0.040625
89 0.2484375 0.7734375 0.0375 0.028125
89 0.246875 0.825 0.05625 0.040625
89 0.246875 0.6421875 0.0640625 0.046875
89 0.246875 0.4796875 0.059375 0.0453125
89 0.2453125 0.1421875 0.1078125 0.0859375
89 0.24375 0.965625 0.071875 0.0359375
89 0.221875 0.9109375 0.08125 0.0671875
89 0.221875 0.6953125 0.0375 0.028125
89 0.2203125 0.5125 0.046875 0.0328125
89 0.209375 0.784375 0.046875 0.0328125
89 0.20625 0.85625 0.0546875 0.040625
89 0.2046875 0.4453125 0.0375 0.0234375
89 0.203125 0.6 0.071875 0.0515625
89 0.2015625 0.7375 0.046875 0.0359375
89 0.2 0.2828125 0.046875 0.0328125
89 0.1984375 0.084375 0.0765625 0.040625
89 0.1953125 0.665625 0.046875 0.0375
89 0.1921875 0.3328125 0.0828125 0.0515625
89 0.1921875 0.4 0.090625 0.0671875
89 0.190625 0.23125 0.0859375 0.0625
89 0.178125 0.175 0.0765625 0.046875
89 0.175 0.8171875 0.0625 0.046875
89 0.1734375 0.7 0.05625 0.0453125
89 0.16875 0.484375 0.0671875 0.046875
89 0.1640625 0.5484375 0.0984375 0.0625
89 0.1546875 0.9625 0.1078125 0.071875
89 0.153125 0.6375 0.059375 0.046875
89 0.1484375 0.7578125 0.09375 0.071875
89 0.1453125 0.8828125 0.0859375 0.0734375
89 0.14375 0.040625 0.1 0.08125
89 0.1328125 0.2890625 0.08125 0.071875
89 0.128125 0.1265625 0.0765625 0.071875
89 0.1234375 0.440625 0.0671875 0.0765625
89 0.121875 0.3625 0.0625 0.0640625
89 0.121875 0.2109375 0.0625 0.06875
89 0.1171875 0.675 0.0546875 0.0671875
89 0.1171875 0.5921875 0.0515625 0.071875
89 0.1171875 0.8203125 0.0421875 0.0328125
89 0.1125 0.5125 0.0421875 0.05625
89 0.109375 0.925 0.0328125 0.0359375
