89 0.6265625 0.134375 0.0421875 0.0671875
89 0.6484375 0.4609375 0.0375 0.046875
89 0.065625 0.4875 0.0546875 0.0671875
89 0.653125 0.5765625 0.0421875 0.05625
89 0.6578125 0.071875 0.071875 0.1
89 0.0671875 0.59375 0.05 0.06875
89 0.6734375 0.653125 0.071875 0.0953125
89 0.6828125 0.4875 0.0515625 0.071875
89 0.696875 0.3859375 0.0328125 0.05
89 0.715625 0.578125 0.0625 0.08125
89 0.7359375 0.41875 0.0671875 0.0859375
89 0.075 0.096875 0.0328125 0.0453125
89 0.753125 0.4984375 0.06875 0.090625
89 0.76875 0.7203125 0.0421875 0.0546875
89 0.078125 0.38125 0.0375 0.0515625
89 0.784375 0.6140625 0.0875 0.125
89 0.79375 0.0453125 0.11875 0.090625
89 0.803125 0.4125 0.0421875 0.059375
89 0.815625 0.4921875 0.05625 0.0859375
89 0.825 0.6953125 0.040625 0.05
89 0.8359375 0.559375 0.0421875 0.0515625
89 0.8515625 0.7578125 0.05625 0.0765625
89 0.853125 0.865625 0.0328125 0.0375
89 0.8546875 0.14375 0.1046875 0.109375
89 0.8609375 0.6328125 0.025 0.0375
89 0.8625 0.5875 0.025 0.040625
89 0.8828125 0.878125 0.0234375 0.03125
89 0.890625 0.6953125 0.0671875 0.08125
89 0.090625 0.5453125 0.0328125 0.046875
89 0.9234375 0.6328125 0.028125 0.0515625
89 0.9265625 0.5875 0.01875 0.0359375
89 0.1015625 0.0453125 0.0515625 0.071875
89 0.1109375 0.584375 0.03125 0.046875
89 0.1171875 0.5078125 0.0328125 0.0375
89 0.125 0.190625 0.0515625 0.08125
89 0.1359375 0.0984375 0.0546875 0.071875
89 0.1390625 0.3609375 0.0625 0.0859375
89 0.1421875 0.7515625 0.028125 0.0453125
89 0.1421875 0.5734375 0.028125 0.0421875
89 0.1453125 0.034375 0.0328125 0.046875
89 0.146875 0.5328125 0.0234375 0.0328125
89 0.153125 0.4359375 0.040625 0.0515625
89 0.153125 0.1796875 0.028125 0.0375
89 0.1640625 0.5046875 0.0234375 0.0234375
89 0.1640625 0.609375 0.0328125 0.0421875
89 0.1734375 0.778125 0.03125 0.0375
89 0.175 0.553125 0.0203125 0.025
89 0.1796875 0.134375 0.0421875 0.05625
89 0.18125 0.690625 0.0671875 0.1
89 0.18125 0.25625 0.0859375 0.1140625
89 0.184375 0.5234375 0.0234375 0.028125
89 0.1953125 0.471875 0.046875 0.0625
89 0.1953125 0.075 0.028125 0.0359375
89 0.196875 0.16875 0.0375 0.05
89 0.196875 0.028125 0.028125 0.040625
89 0.1984375 0.575 0.0234375 0.0328125
89 0.2 0.9875 0.03125 0.0203125
89 0.2109375 0.8171875 0.059375 0.0875
89 0.2140625 0.371875 0.109375 0.14375
89 0.221875 0.934375 0.0375 0.0546875
89 0.2296875 0.2921875 0.0234375 0.0234375
89 0.2296875 0.7 0.0375 0.05625
89 0.23125 0.6453125 0.0328125 0.0453125
89 0.234375 0.596875 0.0375 0.0328125
89 0.234375 0.1328125 0.0328125 0.046875
89 0.2375 0.215625 0.0359375 0.0453125
89 0.253125 0.9765625 0.0375 0.040625
89 0.253125 0.89375 0.0421875 0.08125
89 0.2671875 0.2984375 0.0234375 0.0359375
89 0.275 0.165625 0.0546875 0.071875
89 0.275 0.2375 0.028125 0.0359375
89 0.2828125 0.6171875 0.0625 0.0859375
89 0.2890625 0.896875 0.0375 0.0515625
89 0.290625 0.39375 0.0375 0.059375
89 0.29375 0.2890625 0.0234375 0.0328125
89 0.0296875 0.3625 0.0328125 0.0515625
89 0.3015625 0.9703125 0.0375 0.0515625
89 0.3046875 0.9296875 0.03125 0.0328125
89 0.0328125 0.6578125 0.0359375 0.05625
89 0.325 0.5609375 0.046875 0.0625
89 0.33125 0.4875 0.0515625 0.071875
89 0.35625 0.0640625 0.090625 0.125
89 0.365625 0.534375 0.028125 0.0328125
89 0.0390625 0.43125 0.0328125 0.0421875
89 0.3875 0.4609375 0.05 0.0625
89 0.3875 0.8046875 0.0515625 0.0671875
89 0.3890625 0.3171875 0.028125 0.0328125
89 0.40625 0.7328125 0.0515625 0.0765625
89 0.4078125 0.1203125 0.0515625 0.0625
89 0.4140625 0.34375 0.0328125 0.046875
89 0.41875 0.40625 0.0328125 0.046875
89 0.41875 0.6609375 0.0328125 0.0515625
89 0.4328125 0.26875 0.06875 0.090625
89 0.4359375 0.8515625 0.0671875 0.0859375
89 0.4484375 0.7921875 0.028125 0.0453125
89 0.4515625 0.6578125 0.0375 0.05625
89 0.45625 0.0390625 0.0671875 0.0765625
89 0.0453125 0.9546875 0.0234375 0.0328125
89 0.46875 0.3671875 0.0828125 0.1171875
89 0.46875 0.184375 0.0765625 0.109375
89 0.4796875 0.8046875 0.03125 0.040625
89 0.490625 0.73125 0.06875 0.08125
89 0.496875 0.615625 0.0515625 0.071875
89 0.5 0.91875 0.025 0.040625
89 0.503125 0.4890625 0.0859375 0.1125
89 0.5078125 0.290625 0.0453125 0.05625
89 0.5171875 0.7890625 0.0375 0.0515625
89 0.528125 0.96875 0.046875 0.05625
89 0.5328125 0.409375 0.028125 0.0515625
89 0.534375 0.353125 0.0359375 0.046875
89 0.5359375 0.58125 0.028125 0.0375
89 0.55 0.2953125 0.0375 0.0421875
89 0.5515625 0.2109375 0.0859375 0.1125
89 0.5546875 0.925 0.0375 0.0515625
89 0.575 0.9796875 0.0421875 0.0359375
89 0.5921875 0.51875 0.090625 0.125
