89 0.103125 0.709375 0.20625 0.1703125
89 0.2578125 0.8828125 0.36875 0.228125
89 0.3125 0.5890625 0.14375 0.1125
89 0.3578125 0.175 0.2109375 0.1578125
89 0.496875 0.6328125 0.1140625 0.05625
89 0.5046875 0.0359375 0.1671875 0.071875
89 0.5171875 0.903125 0.134375 0.0984375
89 0.5234375 0.4140625 0.465625 0.359375
89 0.540625 0.75625 0.2546875 0.18125
89 0.590625 0.9484375 0.1046875 0.071875
89 0.6546875 0.871875 0.11875 0.1
89 0.66875 0.1375 0.21875 0.1484375
89 0.76875 0.9234375 0.1578125 0.1171875
89 0.825 0.4875 0.1625 0.165625
89 0.83125 0.2828125 0.153125 0.196875
89 0.853125 0.6734375 0.1125 0.0828125
89 0.8765625 0.840625 0.0625 0.103125
89 0.090625 0.215625 0.18125 0.19375
