89 0.1890625 0.85 0.13125 0.1875
89 0.5359375 0.8296875 0.1671875 0.215625
89 0.9265625 0.7609375 0.140625 0.2328125
89 0.3671875 0.7515625 0.1890625 0.2640625
89 0.0828125 0.7484375 0.13125 0.18125
89 0.721875 0.7421875 0.2015625 0.25625
89 0.49375 0.9640625 0.1703125 0.0671875
89 0.221875 0.64375 0.165625 0.2234375
89 0.5171875 0.6015625 0.184375 0.2296875
89 0.1203125 0.95625 0.171875 0.08125
89 0.8734375 0.5625 0.1984375 0.19375
89 0.675 0.525 0.1609375 0.2125
89 0.0875 0.5125 0.171875 0.2375
89 0.9703125 0.434375 0.0546875 0.20625
89 0.2578125 0.4234375 0.171875 0.20625
89 0.425 0.421875 0.153125 0.2296875
89 0.940625 0.9375 0.1140625 0.11875
89 0.3078125 0.9359375 0.2015625 0.121875
89 0.584375 0.365625 0.15625 0.2109375
89 0.65625 0.934375 0.1578125 0.1265625
89 0.784375 0.353125 0.18125 0.234375
89 0.1640625 0.29375 0.153125 0.2015625
89 0.9296875 0.26875 0.1390625 0.196875
89 0.0484375 0.2375 0.090625 0.15
89 0.3265625 0.215625 0.184375 0.234375
89 0.51875 0.1890625 0.1875 0.1921875
89 0.6984375 0.1734375 0.1671875 0.1625
89 0.85625 0.1546875 0.1625 0.1265625
89 0.109375 0.14375 0.1671875 0.1
89 0.8046875 0.9125 0.15625 0.1703125
