89 0.478125 0.0125 0.0234375 0.0234375
89 0.875 0.109375 0.0203125 0.0328125
89 0.8515625 0.1125 0.0234375 0.040625
89 0.55625 0.1140625 0.0859375 0.153125
89 0.7109375 0.115625 0.1046875 0.1578125
89 0.440625 0.1171875 0.01875 0.03125
89 0.334375 0.1171875 0.0953125 0.134375
89 0.803125 0.121875 0.071875 0.125
89 0.1703125 0.128125 0.05625 0.08125
89 0.9703125 0.14375 0.0546875 0.0859375
89 0.4515625 0.1453125 0.025 0.040625
89 0.090625 0.146875 0.01875 0.028125
89 0.925 0.165625 0.0234375 0.0328125
89 0.040625 0.165625 0.08125 0.171875
89 0.2390625 0.1796875 0.0859375 0.15
89 0.35625 0.190625 0.0140625 0.0328125
89 0.4921875 0.19375 0.0640625 0.1125
89 0.18125 0.1953125 0.0234375 0.0421875
89 0.625 0.203125 0.0875 0.140625
89 0.8640625 0.2046875 0.1 0.1484375
89 0.9875 0.2046875 0.0234375 0.040625
89 0.409375 0.2046875 0.0875 0.1578125
89 0.125 0.2203125 0.090625 0.1484375
89 0.9453125 0.2265625 0.05625 0.0984375
89 0.5296875 0.0234375 0.0875 0.046875
89 0.55 0.2375 0.0546875 0.0859375
89 0.984375 0.2421875 0.01875 0.028125
89 0.6953125 0.2421875 0.0515625 0.0953125
89 0.315625 0.025 0.046875 0.046875
89 0.76875 0.246875 0.0875 0.14375
89 0.459375 0.246875 0.01875 0.0375
89 0.9078125 0.259375 0.0234375 0.0328125
89 0.3203125 0.259375 0.0953125 0.1390625
89 0.66875 0.0265625 0.090625 0.0515625
89 0.190625 0.265625 0.0453125 0.08125
89 0.3734375 0.271875 0.015625 0.0328125
89 0.3671875 0.028125 0.046875 0.05625
89 0.890625 0.278125 0.01875 0.0328125
89 0.6 0.0296875 0.05 0.059375
89 0.0171875 0.2875 0.0328125 0.0859375
89 0.065625 0.2875 0.05625 0.1
89 0.159375 0.290625 0.01875 0.0328125
89 0.825 0.2953125 0.0375 0.05625
89 0.775 0.0296875 0.109375 0.05625
89 0.715625 0.296875 0.0234375 0.0421875
89 0.9765625 0.2984375 0.0421875 0.0765625
89 0.578125 0.3 0.046875 0.071875
89 0.2421875 0.3078125 0.06875 0.0953125
89 0.865625 0.309375 0.0421875 0.0625
89 0.6953125 0.3109375 0.0234375 0.0421875
89 0.9234375 0.3234375 0.0625 0.1
89 0.496875 0.33125 0.1171875 0.1484375
89 0.1859375 0.3328125 0.0234375 0.0375
89 0.9484375 0.034375 0.1 0.0671875
89 0.3890625 0.3515625 0.0859375 0.134375
89 0.6390625 0.3515625 0.09375 0.1578125
89 0.796875 0.3609375 0.0671875 0.1
89 0.96875 0.371875 0.0421875 0.0625
89 0.128125 0.371875 0.090625 0.15
89 0.4390625 0.3828125 0.01875 0.03125
89 0.5703125 0.390625 0.046875 0.0765625
89 0.7265625 0.390625 0.0765625 0.15
89 0.925 0.3953125 0.0234375 0.040625
89 0.040625 0.396875 0.078125 0.134375
89 0.3046875 0.403125 0.0953125 0.1484375
89 0.86875 0.4125 0.0859375 0.1453125
89 0.2109375 0.425 0.0859375 0.14375
89 0.19375 0.04375 0.0765625 0.0859375
89 0.675 0.434375 0.0234375 0.0359375
89 0.5296875 0.4375 0.05625 0.08125
89 0.6484375 0.4515625 0.0234375 0.0375
89 0.259375 0.45625 0.015625 0.028125
89 0.3671875 0.45625 0.046875 0.08125
89 0.8640625 0.046875 0.0765625 0.09375
89 0.4453125 0.48125 0.103125 0.165625
89 0.953125 0.48125 0.090625 0.1578125
89 0.334375 0.4875 0.025 0.0421875
89 0.8453125 0.4890625 0.01875 0.028125
89 0.090625 0.4953125 0.0734375 0.11875
89 0.7859375 0.496875 0.0953125 0.165625
89 0.1546875 0.496875 0.0515625 0.0953125
89 0.5953125 0.503125 0.090625 0.153125
89 0.525 0.5171875 0.046875 0.0671875
89 0.0296875 0.51875 0.046875 0.090625
89 0.6890625 0.5234375 0.090625 0.134375
89 0.26875 0.534375 0.0859375 0.13125
89 0.1984375 0.553125 0.0546875 0.0859375
89 0.9875 0.5578125 0.01875 0.028125
89 0.265625 0.05625 0.0625 0.090625
89 0.159375 0.5625 0.0234375 0.0375
89 0.8796875 0.565625 0.1 0.1484375
89 0.128125 0.565625 0.040625 0.0625
89 0.48125 0.571875 0.0234375 0.0421875
89 0.3609375 0.5734375 0.0953125 0.1484375
89 0.7484375 0.5734375 0.028125 0.0421875
89 0.015625 0.6078125 0.03125 0.125
89 0.7765625 0.6078125 0.0421875 0.06875
89 0.68125 0.609375 0.01875 0.0359375
89 0.2234375 0.6265625 0.046875 0.08125
89 0.8203125 0.628125 0.046875 0.0734375
89 0.534375 0.6296875 0.09375 0.1484375
89 0.1640625 0.634375 0.0671875 0.103125
89 0.44375 0.6375 0.08125 0.140625
89 0.7234375 0.6390625 0.0671875 0.1046875
89 0.95625 0.640625 0.0859375 0.1625
89 0.628125 0.64375 0.0953125 0.140625
89 0.078125 0.665625 0.0953125 0.2109375
89 0.684375 0.66875 0.015625 0.028125
89 0.2859375 0.66875 0.0859375 0.1390625
89 0.1125 0.06875 0.09375 0.1359375
89 0.5765625 0.6984375 0.0234375 0.040625
89 0.8671875 0.7046875 0.0859375 0.1390625
89 0.728125 0.70625 0.015625 0.0234375
89 0.921875 0.7203125 0.0234375 0.0328125
89 0.778125 0.721875 0.0859375 0.1484375
89 0.546875 0.721875 0.0234375 0.0359375
89 0.43125 0.725 0.0234375 0.040625
89 0.1421875 0.728125 0.046875 0.0765625
89 0.36875 0.73125 0.09375 0.1609375
89 0.209375 0.7421875 0.0875 0.1484375
89 0.2625 0.74375 0.0140625 0.0328125
89 0.028125 0.74375 0.0515625 0.1578125
89 0.0640625 0.7578125 0.01875 0.0328125
89 0.434375 0.7671875 0.028125 0.0421875
89 0.4953125 0.7703125 0.0953125 0.1484375
89 0.684375 0.771875 0.1 0.1703125
89 0.115625 0.7734375 0.028125 0.0421875
89 0.5859375 0.7859375 0.0859375 0.1484375
89 0.9765625 0.0796875 0.0234375 0.040625
89 0.95 0.8015625 0.0953125 0.153125
89 0.8859375 0.8046875 0.028125 0.0421875
89 0.48125 0.08125 0.0765625 0.1125
89 0.290625 0.8109375 0.090625 0.1390625
89 0.4109375 0.08125 0.05625 0.0875
89 0.1515625 0.8203125 0.0625 0.103125
89 0.834375 0.821875 0.0625 0.103125
89 0.08125 0.834375 0.08125 0.1171875
89 0.425 0.8421875 0.090625 0.1046875
89 0.7609375 0.84375 0.0875 0.1
89 0.5390625 0.84375 0.025 0.0359375
89 0.2265625 0.0859375 0.0234375 0.0328125
89 0.6328125 0.0859375 0.05625 0.0828125
89 0.3546875 0.8515625 0.0453125 0.0765625
89 0.2171875 0.85625 0.0640625 0.0734375
89 0.8875 0.8609375 0.0625 0.0671875
89 0.6375 0.865625 0.05625 0.05625
89 0.1765625 0.8671875 0.015625 0.0234375
89 0.496875 0.871875 0.05625 0.0453125
89 0.128125 0.8734375 0.0203125 0.0328125
89 0.690625 0.878125 0.046875 0.0375
89 0.95625 0.0875 0.0140625 0.03125
89 0.20625 0.096875 0.0203125 0.0328125
89 0.915625 0.1015625 0.059375 0.090625
