89 0.9046875 0.4515625 0.18125 0.175
89 0.89375 0.2109375 0.14375 0.109375
89 0.83125 0.9015625 0.215625 0.1625
89 0.803125 0.6453125 0.196875 0.15
89 0.78125 0.0859375 0.25 0.171875
89 0.73125 0.3078125 0.2296875 0.1765625
89 0.6703125 0.49375 0.2390625 0.1765625
89 0.6390625 0.7703125 0.225 0.171875
89 0.5859375 0.9375 0.2296875 0.11875
89 0.58125 0.6390625 0.14375 0.090625
89 0.95625 0.6125 0.0828125 0.1609375
89 0.54375 0.1578125 0.296875 0.2078125
89 0.465625 0.35 0.2515625 0.1890625
89 0.4640625 0.8328125 0.1296875 0.103125
89 0.4515625 0.70625 0.14375 0.1125
89 0.396875 0.54375 0.2609375 0.2109375
89 0.3625 0.0609375 0.215625 0.121875
89 0.346875 0.940625 0.21875 0.1140625
89 0.9296875 0.309375 0.11875 0.0953125
89 0.2421875 0.8 0.296875 0.2125
89 0.921875 0.771875 0.15 0.153125
89 0.23125 0.2234375 0.28125 0.275
89 0.2 0.025 0.1046875 0.05
89 0.1875 0.45625 0.1875 0.184375
89 0.1828125 0.628125 0.1796875 0.14375
89 0.171875 0.9578125 0.125 0.08125
