275 0.128125 0.121875 0.0765625 0.165625
275 0.3734375 0.1203125 0.075 0.15
275 0.628125 0.121875 0.121875 0.159375
275 0.875 0.128125 0.16875 0.178125
275 0.175 0.421875 0.0765625 0.1546875
275 0.384375 0.415625 0.084375 0.15625
275 0.590625 0.41875 0.159375 0.15625
275 0.80625 0.421875 0.15625 0.1546875
275 0.1390625 0.675 0.0609375 0.1296875
275 0.315625 0.6703125 0.0625 0.128125
275 0.49375 0.6734375 0.1296875 0.1328125
275 0.665625 0.671875 0.1421875 0.128125
275 0.840625 0.675 0.11875 0.128125
