125 0.6875 0.6578125 0.05 0.046875
125 0.6546875 0.61875 0.0578125 0.065625
125 0.7234375 0.61875 0.0578125 0.05
125 0.7609375 0.5765625 0.0453125 0.059375
125 0.69375 0.5703125 0.0578125 0.046875
125 0.728125 0.50625 0.0515625 0.0578125
125 0.790625 0.5125 0.0578125 0.059375
125 0.7546875 0.453125 0.0671875 0.0609375
125 0.84375 0.36875 0.0375 0.046875
125 0.7921875 0.3625 0.046875 0.0578125
125 0.878125 0.3140625 0.0390625 0.0546875
125 0.8265625 0.3109375 0.0515625 0.0453125
125 0.846875 0.259375 0.0453125 0.0515625
125 0.8875 0.253125 0.01875 0.0609375
