125 0.2515625 0.7296875 0.3015625 0.5046875
125 0.6125 0.8515625 0.359375 0.2828125
125 0.7546875 0.275 0.0625 0.0578125
125 0.69375 0.3140625 0.0609375 0.0515625
125 0.684375 0.3609375 0.05 0.05
125 0.41875 0.2109375 0.1125 0.1046875
125 0.496875 0.1625 0.0328125 0.0265625
125 0.4984375 0.1171875 0.03125 0.0296875
125 0.49375 0.1453125 0.0265625 0.025
125 0.2140625 0.1296875 0.04375 0.046875
125 0.234375 0.15625 0.0390625 0.0375
125 0.2453125 0.1015625 0.0515625 0.046875
125 0.225 0.0734375 0.0453125 0.05