125 0.1203125 0.3515625 0.1046875 0.103125
125 0.2015625 0.3484375 0.090625 0.1078125
125 0.21875 0.25 0.09375 0.0875
125 0.7234375 0.8375 0.2 0.121875
125 0.8296875 0.70625 0.215625 0.2125
125 0.6265625 0.79375 0.2046875 0.2
125 0.634375 0.596875 0.215625 0.2046875
125 0.5984375 0.4 0.2265625 0.21875
125 0.5015625 0.50625 0.0515625 0.046875
125 0.46875 0.4453125 0.065625 0.0578125
125 0.4546875 0.3953125 0.0609375 0.0578125
125 0.478125 0.5125 0.0515625 0.040625
125 0.5546875 0.2625 0.0375 0.0390625
125 0.5609375 0.2328125 0.040625 0.0375
125 0.559375 0.1984375 0.0328125 0.0359375
125 0.55625 0.1625 0.040625 0.0375
125 0.528125 0.2171875 0.0265625 0.0296875
125 0.5265625 0.25 0.0375 0.03125