125 0.784375 0.86875 0.1546875 0.0578125
125 0.0609375 0.2734375 0.096875 0.090625
125 0.93125 0.3453125 0.0328125 0.0359375
125 0.959375 0.334375 0.03125 0.0265625
125 0.959375 0.290625 0.04375 0.0359375
125 0.934375 0.30625 0.0375 0.0390625
125 0.965625 0.2515625 0.0453125 0.040625
125 0.9390625 0.2625 0.0375 0.0390625
125 0.9078125 0.175 0.0390625 0.0375
125 0.9484375 0.1546875 0.04375 0.0359375
125 0.9109375 0.1421875 0.0375 0.0390625
125 0.9515625 0.11875 0.04375 0.0359375
125 0.915625 0.10625 0.0453125 0.0125
125 0.7203125 0.109375 0.0328125 0.0171875
125 0.69375 0.1171875 0.0375 0.0328125
125 0.7046875 0.1375 0.03125 0.025
125 0.6875 0.1625 0.0375 0.0375
125 0.6984375 0.184375 0.0328125 0.03125
125 0.6875 0.2125 0.0375 0.0359375
