125 0.83125 0.4796875 0.1328125 0.2234375
125 0.690625 0.3328125 0.0796875 0.0765625
125 0.68125 0.28125 0.0546875 0.0515625
125 0.70625 0.40625 0.059375 0.0515625
125 0.7046875 0.43125 0.0359375 0.0296875
125 0.740625 0.45625 0.0625 0.065625
125 0.8734375 0.2734375 0.05 0.06875
125 0.4375 0.7703125 0.2078125 0.2328125
125 0.2703125 0.65625 0.190625 0.18125
125 0.140625 0.6046875 0.08125 0.0765625
125 0.1484375 0.5234375 0.0953125 0.1078125
125 0.153125 0.390625 0.096875 0.115625
125 0.1625 0.4296875 0.065625 0.071875