125 0.29375 0.35 0.159375 0.14375
125 0.390625 0.30625 0.140625 0.1546875
125 0.3265625 0.4890625 0.1609375 0.125
125 0.3609375 0.615625 0.140625 0.1265625
125 0.4390625 0.55625 0.140625 0.140625
125 0.403125 0.703125 0.140625 0.121875
125 0.0484375 0.7203125 0.040625 0.046875
125 0.2546875 0.6390625 0.0578125 0.053125
125 0.25625 0.6984375 0.0515625 0.04375
125 0.259375 0.7484375 0.0453125 0.04375
125 0.3125 0.7453125 0.0625 0.059375
125 0.309375 0.690625 0.0578125 0.0546875
125 0.2703125 0.88125 0.065625 0.03125
125 0.19375 0.8796875 0.0453125 0.0359375
125 0.43125 0.8125 0.0296875 0.0296875
125 0.4453125 0.796875 0.0359375 0.0296875
125 0.4453125 0.7671875 0.0390625 0.0328125
125 0.41875 0.78125 0.03125 0.0328125
125 0.4125 0.809375 0.0296875 0.0296875
125 0.6625 0.7453125 0.0890625 0.0796875
125 0.6796875 0.6734375 0.1015625 0.08125
125 0.6375 0.5921875 0.0890625 0.0828125
125 0.578125 0.7515625 0.0875 0.0859375
125 0.8625 0.765625 0.046875 0.05
125 0.8984375 0.784375 0.04375 0.040625
125 0.90625 0.74375 0.0453125 0.05
125 0.859375 0.7234375 0.046875 0.0375
125 0.8375 0.7875 0.04375 0.053125