125 0.2765625 0.8734375 0.1578125 0.05
125 0.246875 0.784375 0.125 0.1125
125 0.15 0.7828125 0.11875 0.121875
125 0.359375 0.7375 0.121875 0.1359375
125 0.4453125 0.6453125 0.1234375 0.11875
125 0.4203125 0.5328125 0.1375 0.1328125
125 0.2953125 0.615625 0.13125 0.146875
125 0.3765625 0.3484375 0.1625 0.1578125
125 0.2625 0.440625 0.146875 0.15
125 0.1625 0.2625 0.159375 0.1515625
125 0.3015625 0.1546875 0.153125 0.1078125
125 0.8484375 0.6546875 0.0671875 0.0671875
125 0.828125 0.5765625 0.0796875 0.075
125 0.7703125 0.60625 0.06875 0.071875
125 0.79375 0.471875 0.0875 0.0796875
125 0.7515625 0.521875 0.071875 0.071875
125 0.7625 0.38125 0.0875 0.071875
125 0.7171875 0.41875 0.0765625 0.0625
125 0.728125 0.29375 0.1078125 0.090625
125 0.68125 0.33125 0.06875 0.0671875
