125 0.7828125 0.4453125 0.0296875 0.0390625
125 0.8140625 0.434375 0.0390625 0.04375
125 0.75625 0.40625 0.0453125 0.04375
125 0.7765625 0.36875 0.0515625 0.0453125
125 0.8234375 0.396875 0.040625 0.0453125
125 0.8265625 0.3484375 0.0328125 0.040625
125 0.8609375 0.3703125 0.0328125 0.046875
125 0.840625 0.3015625 0.040625 0.0375
125 0.884375 0.2796875 0.0265625 0.04375
125 0.4953125 0.3828125 0.046875 0.040625
125 0.5 0.3375 0.0515625 0.05
125 0.4234375 0.2546875 0.0453125 0.040625
125 0.4890625 0.121875 0.0453125 0.046875
125 0.603125 0.1015625 0.040625 0.0390625
125 0.8765625 0.0796875 0.04375 0.040625
125 0.88125 0.0296875 0.03125 0.040625
125 0.8578125 0.178125 0.0390625 0.04375
125 0.709375 0.284375 0.03125 0.0296875
125 0.7109375 0.253125 0.0453125 0.0296875
125 0.6125 0.0296875 0.0375 0.0234375
125 0.2625 0.25625 0.075 0.06875