125 0.3375 0.8125 0.1375 0.1171875
125 0.465625 0.840625 0.13125 0.1125
125 0.4703125 0.728125 0.1296875 0.11875
125 0.3171875 0.690625 0.1375 0.1171875
125 0.4453125 0.615625 0.1265625 0.1078125
125 0.2984375 0.5546875 0.1328125 0.115625
125 0.2734375 0.4265625 0.125 0.121875
125 0.4203125 0.465625 0.1296875 0.109375
125 0.54375 0.1484375 0.09375 0.0765625
125 0.4484375 0.19375 0.1 0.0828125
125 0.54375 0.2375 0.096875 0.08125
125 0.496875 0.2625 0.0859375 0.08125
125 0.5578125 0.3140625 0.0875 0.0671875
125 0.4890625 0.34375 0.065625 0.0578125
125 0.5453125 0.384375 0.0859375 0.0609375