125 0.5953125 0.359375 0.071875 0.0765625
125 0.6453125 0.3875 0.046875 0.071875
125 0.578125 0.4546875 0.071875 0.06875
125 0.3734375 0.3796875 0.0375 0.04375
125 0.415625 0.3609375 0.03125 0.0328125
125 0.3984375 0.3953125 0.0328125 0.0328125
125 0.40625 0.4265625 0.03125 0.03125
125 0.5078125 0.4765625 0.03125 0.0234375
125 0.5265625 0.50625 0.0296875 0.0265625
125 0.515625 0.44375 0.03125 0.025
125 0.5234375 0.409375 0.03125 0.0265625
125 0.5296875 0.36875 0.0296875 0.0296875
125 0.5125 0.3484375 0.025 0.025
125 0.5203125 0.325 0.025 0.025
125 0.525 0.3109375 0.021875 0.021875
125 0.5453125 0.3015625 0.0265625 0.0296875
125 0.553125 0.28125 0.021875 0.021875
125 0.6359375 0.2328125 0.03125 0.0328125
125 0.6578125 0.2453125 0.03125 0.0296875
125 0.640625 0.2703125 0.0265625 0.025
125 0.6234375 0.2921875 0.021875 0.0234375
125 0.7625 0.3234375 0.01875 0.01875
125 0.7578125 0.3421875 0.01875 0.01875
125 0.7765625 0.334375 0.01875 0.0171875
125 0.7765625 0.3515625 0.0234375 0.021875
125 0.7515625 0.4546875 0.0359375 0.0328125
125 0.7421875 0.4890625 0.0359375 0.0328125
125 0.79375 0.4484375 0.03125 0.0296875
125 0.78125 0.484375 0.0359375 0.0359375
125 0.7703125 0.5203125 0.0375 0.0328125
125 0.7625 0.55625 0.0328125 0.0328125
125 0.834375 0.44375 0.021875 0.021875
125 0.8328125 0.4125 0.025 0.021875
125 0.834375 0.3875 0.0265625 0.025
125 0.83125 0.359375 0.0234375 0.021875
125 0.834375 0.334375 0.0234375 0.01875
125 0.859375 0.31875 0.025 0.021875
125 0.859375 0.3453125 0.025 0.021875
125 0.859375 0.3734375 0.0265625 0.0234375
125 0.85625 0.4015625 0.025 0.0234375
125 0.8546875 0.4328125 0.025 0.025
125 0.9703125 0.275 0.053125 0.053125
125 0.9515625 0.34375 0.0546875 0.0625
125 0.9375 0.403125 0.046875 0.0375
125 0.878125 0.1890625 0.0515625 0.040625
125 0.846875 0.215625 0.025 0.021875
125 0.8375 0.2359375 0.025 0.0234375
125 0.9640625 0.44375 0.0234375 0.0296875
125 0.9453125 0.4734375 0.021875 0.0265625
125 0.9375 0.496875 0.015625 0.021875
125 0.9375 0.5234375 0.021875 0.021875
125 0.965625 0.5 0.03125 0.0265625
125 0.9796875 0.4734375 0.03125 0.0265625
125 0.9875 0.446875 0.021875 0.0328125
125 0.95625 0.55625 0.03125 0.0296875
125 0.946875 0.5953125 0.0296875 0.0234375
125 0.934375 0.6390625 0.0296875 0.0296875
