125 0.54375 0.7296875 0.09375 0.0765625
125 0.4484375 0.7734375 0.1 0.0828125
125 0.54375 0.8171875 0.096875 0.08125
125 0.496875 0.84375 0.0859375 0.08125
125 0.5578125 0.8796875 0.0875 0.0375
125 0.5265625 0.59375 0.0515625 0.040625
125 0.5296875 0.6390625 0.0375 0.0375
125 0.5203125 0.534375 0.0296875 0.03125
125 0.59375 0.4546875 0.125 0.115625
125 0.7640625 0.4890625 0.0828125 0.0609375
125 0.75625 0.51875 0.0796875 0.053125
125 0.74375 0.41875 0.0828125 0.065625
125 0.734375 0.334375 0.090625 0.075
125 0.7234375 0.25 0.0859375 0.0828125
125 0.703125 0.2875 0.08125 0.06875
125 0.3921875 0.2984375 0.1 0.09375
125 0.190625 0.353125 0.0625 0.0609375
125 0.23125 0.384375 0.05 0.0546875
125 0.0734375 0.428125 0.0625 0.059375
125 0.021875 0.453125 0.04375 0.05
125 0.084375 0.4765625 0.05 0.05
125 0.078125 0.5234375 0.046875 0.040625
125 0.034375 0.50625 0.0546875 0.040625
125 0.05625 0.34375 0.06875 0.0578125
125 0.140625 0.48125 0.025 0.025
125 0.5703125 0.1515625 0.1671875 0.103125