125 0.0734375 0.76875 0.140625 0.13125
125 0.2234375 0.2546875 0.1515625 0.1328125
125 0.44375 0.2578125 0.0671875 0.0671875
125 0.5125 0.2625 0.065625 0.06875
125 0.44375 0.33125 0.0671875 0.0671875
125 0.5078125 0.36875 0.059375 0.065625
125 0.440625 0.40625 0.0734375 0.059375
125 0.4546875 0.465625 0.0609375 0.0578125
125 0.4953125 0.44375 0.0671875 0.065625
125 0.5484375 0.415625 0.05 0.0453125
125 0.5625 0.3890625 0.071875 0.0578125
125 0.58125 0.3421875 0.0671875 0.0671875
125 0.5921875 0.28125 0.071875 0.0578125
125 0.928125 0.725 0.1078125 0.09375
125 0.934375 0.76875 0.103125 0.0859375
125 0.953125 0.6484375 0.0890625 0.09375
125 0.9640625 0.5515625 0.0671875 0.0953125
