125 0.328125 0.9875 0.04375 0.01875
125 0.3734375 0.98125 0.0546875 0.0328125
125 0.3953125 0.9265625 0.0578125 0.0515625
125 0.3234375 0.940625 0.0328125 0.0375
125 0.3234375 0.884375 0.0515625 0.0546875
125 0.5234375 0.9546875 0.18125 0.0859375
125 0.60625 0.1734375 0.2390625 0.2859375
125 0.7953125 0.1890625 0.203125 0.2375
125 0.7765625 0.7875 0.2171875 0.209375
125 0.78125 0.559375 0.2328125 0.2359375
125 0.5890625 0.7109375 0.209375 0.209375
125 0.35625 0.421875 0.0328125 0.046875
125 0.41875 0.3515625 0.046875 0.0515625
125 0.3453125 0.5078125 0.0359375 0.0359375
125 0.3515625 0.56875 0.040625 0.0390625
125 0.5328125 0.4265625 0.196875 0.15