125 0.684375 0.3375 0.121875 0.13125
125 0.4484375 0.3453125 0.2953125 0.2875
125 0.296875 0.4796875 0.225 0.2234375
125 0.4875 0.6765625 0.240625 0.215625
125 0.7203125 0.2234375 0.0390625 0.0328125
125 0.709375 0.1859375 0.046875 0.0390625
125 0.7109375 0.140625 0.040625 0.040625
125 0.7515625 0.1234375 0.040625 0.0453125
125 0.7625 0.0828125 0.0546875 0.0453125
125 0.6671875 0.1296875 0.0375 0.0328125
125 0.6578125 0.1625 0.0359375 0.0359375
125 0.628125 0.109375 0.0390625 0.04375
125 0.3734375 0.05625 0.03125 0.0296875
125 0.390625 0.065625 0.025 0.0265625
125 0.3734375 0.03125 0.0375 0.0328125
125 0.3703125 0.0140625 0.0359375 0.0265625
125 0.125 0.3328125 0.05 0.0765625
125 0.115625 0.28125 0.0296875 0.0515625
125 0.128125 0.40625 0.0546875 0.0515625
125 0.1234375 0.43125 0.0359375 0.0296875
125 0.159375 0.45625 0.0625 0.065625
125 0.3046875 0.2734375 0.071875 0.06875