125 0.740625 0.9203125 0.2609375 0.153125
125 0.6796875 0.65 0.2796875 0.2390625
125 0.5671875 0.759375 0.2328125 0.221875
125 0.525 0.4390625 0.2296875 0.240625
125 0.68125 0.36875 0.08125 0.0765625
125 0.709375 0.290625 0.075 0.0671875
125 0.684375 0.25 0.0734375 0.075
125 0.70625 0.1515625 0.0859375 0.0828125
125 0.73125 0.065625 0.0953125 0.0828125
125 0.5640625 0.1671875 0.0671875 0.0734375
125 0.6109375 0.140625 0.0765625 0.075
125 0.5734375 0.0765625 0.0890625 0.0859375
125 0.6171875 0.040625 0.0890625 0.08125
125 0.565625 0.9453125 0.1515625 0.103125
