125 0.2546875 0.6109375 0.0734375 0.0734375
125 0.2453125 0.54375 0.08125 0.0859375
125 0.3171875 0.51875 0.0765625 0.08125
125 0.2796875 0.45625 0.0765625 0.0765625
125 0.3375 0.4328125 0.0734375 0.0734375
125 0.321875 0.3609375 0.0953125 0.06875
125 0.378125 0.328125 0.103125 0.1
125 0.684375 0.85 0.065625 0.0828125
125 0.7703125 0.8390625 0.08125 0.06875
125 0.740625 0.7546875 0.065625 0.0828125
125 0.815625 0.73125 0.0734375 0.0765625
125 0.8 0.65 0.0796875 0.0828125
125 0.8578125 0.6171875 0.0796875 0.0859375