125 0.78125 0.7578125 0.06875 0.0671875
125 0.7234375 0.7234375 0.065625 0.065625
125 0.7046875 0.6625 0.0734375 0.065625
125 0.7515625 0.684375 0.0609375 0.059375
125 0.7203125 0.6109375 0.06875 0.065625
125 0.328125 0.7 0.0671875 0.0546875
125 0.2734375 0.5875 0.0671875 0.059375
125 0.2578125 0.6375 0.0625 0.059375
125 0.265625 0.703125 0.0625 0.0609375
125 0.1921875 0.6015625 0.0546875 0.046875
125 0.11875 0.5890625 0.065625 0.0578125
125 0.1109375 0.6453125 0.0734375 0.0578125
125 0.1546875 0.690625 0.053125 0.0546875
125 0.1734375 0.73125 0.0546875 0.0609375
125 0.2234375 0.7015625 0.059375 0.0546875
125 0.76875 0.4625 0.0515625 0.0578125
125 0.821875 0.4171875 0.046875 0.05
125 0.8125 0.35 0.075 0.075
125 0.753125 0.40625 0.065625 0.0578125
125 0.7296875 0.3296875 0.065625 0.0671875
125 0.7015625 0.26875 0.071875 0.0734375
125 0.3703125 0.396875 0.0453125 0.0609375
125 0.40625 0.359375 0.0515625 0.0609375
125 0.3484375 0.346875 0.0578125 0.0578125
125 0.98125 0.55625 0.0328125 0.19375
