125 0.1828125 0.94375 0.0859375 0.09375
125 0.2078125 0.8125 0.0875 0.1015625
125 0.30625 0.759375 0.0875 0.0859375
125 0.2203125 0.703125 0.0953125 0.0734375
125 0.3453125 0.2453125 0.0859375 0.08125
125 0.26875 0.35625 0.0734375 0.0671875
125 0.1328125 0.33125 0.065625 0.0828125
125 0.134375 0.2234375 0.06875 0.09375
125 0.1375 0.1375 0.075 0.096875
125 0.2265625 0.16875 0.1015625 0.1046875
125 0.2140625 0.2640625 0.0953125 0.0953125
125 0.271875 0.1796875 0.075 0.0875
125 0.2796875 0.265625 0.075 0.0765625
125 0.2296875 0.0734375 0.090625 0.0953125
125 0.1453125 0.03125 0.090625 0.0625
