125 0.009375 0.4484375 0.01875 0.0296875
125 0.0046875 0.484375 0.009375 0.0359375
125 0.0453125 0.44375 0.021875 0.021875
125 0.04375 0.4125 0.025 0.021875
125 0.04375 0.3875 0.0265625 0.025
125 0.0421875 0.359375 0.0234375 0.021875
125 0.04375 0.334375 0.0234375 0.01875
125 0.06875 0.31875 0.025 0.021875
125 0.06875 0.3453125 0.025 0.021875
125 0.0703125 0.3734375 0.0265625 0.0234375
125 0.0671875 0.4015625 0.025 0.0234375
125 0.065625 0.4328125 0.025 0.025
125 0.1828125 0.275 0.0578125 0.053125
125 0.1625 0.34375 0.0546875 0.0625
125 0.1484375 0.403125 0.046875 0.0375
125 0.0875 0.1890625 0.0515625 0.040625
125 0.05625 0.215625 0.025 0.021875
125 0.046875 0.2359375 0.025 0.0234375
125 0.2375 0.3953125 0.0234375 0.025
125 0.221875 0.4203125 0.0359375 0.0265625
125 0.1734375 0.44375 0.0234375 0.0296875
125 0.1546875 0.4734375 0.021875 0.0265625
125 0.1484375 0.496875 0.015625 0.021875
125 0.146875 0.5234375 0.021875 0.021875
125 0.1765625 0.5 0.03125 0.0265625
125 0.190625 0.4734375 0.03125 0.0265625
125 0.2015625 0.446875 0.0296875 0.0328125
125 0.165625 0.55625 0.03125 0.0296875
125 0.15625 0.5953125 0.0296875 0.0234375
125 0.1453125 0.6390625 0.0296875 0.0296875
125 0.3125 0.59375 0.0515625 0.0546875
125 0.2984375 0.6578125 0.0578125 0.0515625
125 0.2796875 0.709375 0.0625 0.0546875
125 0.2625 0.7640625 0.0546875 0.046875
125 0.303125 0.7984375 0.0453125 0.0515625
125 0.3171875 0.746875 0.040625 0.0453125
125 0.378125 0.5703125 0.0515625 0.0515625
125 0.3859375 0.6328125 0.0625 0.065625
125 0.4125 0.690625 0.15 0.153125
125 0.4875 0.6046875 0.1515625 0.146875
125 0.4578125 0.7734375 0.13125 0.1328125
125 0.38125 0.8484375 0.15 0.096875
125 0.5359375 0.8625 0.04375 0.0390625
125 0.6984375 0.865625 0.090625 0.065625
125 0.7265625 0.7796875 0.0875 0.0796875
125 0.8125 0.853125 0.1 0.0890625
125 0.7703125 0.6578125 0.090625 0.0875
125 0.740625 0.725 0.0546875 0.05
125 0.8515625 0.7375 0.1015625 0.08125
125 0.675 0.63125 0.05 0.0453125
125 0.66875 0.675 0.05 0.040625
125 0.7046875 0.6515625 0.04375 0.04375
125 0.6859375 0.5625 0.0515625 0.0515625
125 0.721875 0.5890625 0.0515625 0.0453125
125 0.696875 0.4984375 0.0578125 0.046875
125 0.73125 0.534375 0.0515625 0.04375
125 0.7359375 0.4796875 0.046875 0.0453125
125 0.8046875 0.56875 0.090625 0.0875
125 0.8859375 0.6484375 0.1 0.0953125
125 0.9265625 0.55625 0.096875 0.09375
125 0.4828125 0.5171875 0.025 0.0171875
125 0.4609375 0.528125 0.025 0.01875
125 0.465625 0.4953125 0.0296875 0.0234375
125 0.49375 0.490625 0.0296875 0.021875
125 0.48125 0.465625 0.025 0.021875
125 0.4859375 0.4421875 0.0234375 0.01875
125 0.4140625 0.4625 0.0234375 0.025
125 0.50625 0.459375 0.0234375 0.021875
125 0.515625 0.44375 0.0171875 0.015625
125 0.534375 0.459375 0.0234375 0.021875
125 0.565625 0.446875 0.0375 0.0328125
125 0.559375 0.475 0.021875 0.0171875
125 0.5671875 0.409375 0.0328125 0.025
125 0.5765625 0.3859375 0.0234375 0.01875
125 0.5875 0.365625 0.0234375 0.021875
125 0.6265625 0.3484375 0.0453125 0.04375
125 0.6390625 0.29375 0.053125 0.0546875
125 0.6203125 0.4015625 0.04375 0.040625
125 0.68125 0.440625 0.04375 0.040625
125 0.6484375 0.4234375 0.04375 0.0390625
