125 0.934375 0.6375 0.065625 0.046875
125 0.753125 0.44375 0.065625 0.059375
125 0.8234375 0.340625 0.0578125 0.0453125
125 0.8265625 0.3984375 0.053125 0.046875
125 0.75625 0.3765625 0.0578125 0.046875
125 0.740625 0.5625 0.05 0.0453125
125 0.803125 0.534375 0.0453125 0.0453125
125 0.75 0.50625 0.059375 0.04375
125 0.8234375 0.459375 0.0578125 0.0609375
125 0.80625 0.23125 0.0546875 0.05
125 0.04375 0.8671875 0.0875 0.0609375
125 0.0625 0.13125 0.1109375 0.0625
125 0.2296875 0.2015625 0.040625 0.0375
125 0.20625 0.23125 0.040625 0.040625
125 0.2125 0.2703125 0.03125 0.0359375
125 0.2390625 0.24375 0.040625 0.04375
125 0.246875 0.275 0.05 0.05