125 0.21875 0.6328125 0.0453125 0.0453125
125 0.1890625 0.59375 0.053125 0.0515625
125 0.221875 0.5640625 0.04375 0.04375
125 0.2 0.51875 0.0546875 0.0515625
125 0.2375 0.496875 0.0546875 0.0578125
125 0.234375 0.4453125 0.0546875 0.0515625
125 0.2296875 0.3859375 0.0546875 0.0546875
125 0.2 0.3546875 0.0390625 0.0328125
125 0.225 0.31875 0.053125 0.05
125 0.1953125 0.26875 0.0359375 0.0390625
125 0.2203125 0.2453125 0.040625 0.0359375
125 0.190625 0.3234375 0.03125 0.0296875
125 0.0796875 0.3234375 0.0515625 0.0390625
125 0.1203125 0.340625 0.0453125 0.0390625
125 0.078125 0.26875 0.0546875 0.0453125
125 0.0984375 0.2296875 0.0578125 0.0546875
125 0.1375 0.2125 0.05 0.0515625
125 0.134375 0.2953125 0.0453125 0.0453125
