125 0.0203125 0.2546875 0.0375 0.0328125
125 0.0296875 0.29375 0.0453125 0.04375
125 0.0234375 0.3296875 0.0453125 0.0375
125 0.0234375 0.35625 0.0375 0.03125
125 0.16875 0.2625 0.046875 0.0390625
125 0.1546875 0.2828125 0.0453125 0.0375
125 0.153125 0.315625 0.0453125 0.0390625
125 0.14375 0.346875 0.0390625 0.0375
125 0.1453125 0.378125 0.040625 0.0390625
125 0.14375 0.4109375 0.05 0.040625
125 0.140625 0.4375 0.0453125 0.0359375
125 0.2890625 0.2359375 0.053125 0.0515625
125 0.2765625 0.2875 0.053125 0.046875
125 0.2515625 0.3046875 0.040625 0.0453125
125 0.2671875 0.3453125 0.05 0.0453125
125 0.246875 0.36875 0.0453125 0.05
125 0.2828125 0.396875 0.053125 0.05
125 0.25625 0.4171875 0.0453125 0.0453125
125 0.275 0.4484375 0.05 0.04375
125 0.3140625 0.1078125 0.046875 0.015625
125 0.26875 0.1171875 0.040625 0.0328125
125 0.2953125 0.175 0.046875 0.040625
125 0.4015625 0.1203125 0.0609375 0.040625
125 0.43125 0.1359375 0.0515625 0.04375
125 0.4265625 0.259375 0.0390625 0.0328125
125 0.4703125 0.2734375 0.0375 0.0359375
125 0.428125 0.303125 0.0359375 0.0328125
125 0.471875 0.321875 0.0390625 0.0390625
125 0.475 0.3625 0.040625 0.0453125
125 0.43125 0.3484375 0.040625 0.0328125
125 0.4328125 0.4359375 0.040625 0.0359375
125 0.38125 0.5140625 0.0453125 0.04375
125 0.434375 0.540625 0.053125 0.05
125 0.375 0.5734375 0.0453125 0.0453125
125 0.41875 0.5953125 0.053125 0.046875
125 0.6015625 0.1421875 0.0359375 0.0265625
125 0.596875 0.1765625 0.0328125 0.03125
125 0.6265625 0.18125 0.0390625 0.0359375
125 0.6015625 0.2203125 0.0359375 0.03125
125 0.6375 0.23125 0.0375 0.0328125
125 0.603125 0.2546875 0.0328125 0.0265625
125 0.6390625 0.28125 0.0328125 0.0296875
125 0.6125 0.2984375 0.0390625 0.0328125