125 0.3625 0.45 0.059375 0.0546875
125 0.371875 0.5125 0.0515625 0.05
125 0.3890625 0.559375 0.053125 0.053125
125 0.3984375 0.60625 0.0515625 0.0546875
125 0.4078125 0.4796875 0.0546875 0.0578125
125 0.5484375 0.734375 0.05 0.046875
125 0.5703125 0.7796875 0.0515625 0.0546875
125 0.5671875 0.8453125 0.065625 0.0578125
125 0.5765625 0.884375 0.059375 0.0265625
125 0.8515625 0.6953125 0.1109375 0.096875
125 0.8234375 0.55625 0.1109375 0.090625
125 0.7984375 0.4484375 0.090625 0.08125
125 0.9875 0.8109375 0.021875 0.040625
125 0.9921875 0.85 0.0109375 0.0359375
125 0.3046875 0.878125 0.040625 0.0390625
125 0.346875 0.884375 0.0453125 0.0265625
125 0.1640625 0.6125 0.04375 0.0375
125 0.184375 0.6703125 0.0453125 0.0390625
125 0.20625 0.6953125 0.0390625 0.0359375
125 0.159375 0.565625 0.046875 0.04375
