125 0.346875 0.3265625 0.340625 0.3171875
125 0.1734375 0.5546875 0.1453125 0.29375
125 0.403125 0.6453125 0.3453125 0.309375
125 0.2140625 0.8796875 0.2265625 0.2359375
125 0.584375 0.4765625 0.0671875 0.059375
125 0.60625 0.53125 0.06875 0.0625
125 0.5953125 0.5578125 0.071875 0.0546875
125 0.6375 0.6078125 0.065625 0.0625
125 0.615625 0.646875 0.0546875 0.0578125
125 0.653125 0.6765625 0.0734375 0.065625
125 0.6625 0.7484375 0.06875 0.0546875
125 0.6390625 0.7203125 0.0609375 0.0515625
125 0.5953125 0.4453125 0.046875 0.04375
125 0.5890625 0.4 0.05 0.0390625
125 0.578125 0.359375 0.0515625 0.046875
125 0.60625 0.0375 0.1 0.0734375
125 0.6953125 0.065625 0.0859375 0.071875