125 0.66875 0.4515625 0.1046875 0.1046875
125 0.678125 0.515625 0.0953125 0.0859375
125 0.665625 0.6015625 0.1078125 0.1046875
125 0.6796875 0.6375 0.1 0.0828125
125 0.6796875 0.73125 0.1234375 0.1109375
125 0.69375 0.859375 0.096875 0.075
125 0.8328125 0.8671875 0.0890625 0.0609375
125 0.5484375 0.1546875 0.05 0.046875
125 0.5703125 0.2 0.0515625 0.0546875
125 0.5671875 0.265625 0.065625 0.0578125
125 0.5765625 0.3125 0.059375 0.04375
125 0.5375 0.4296875 0.046875 0.040625
125 0.5015625 0.4546875 0.05 0.0375
125 0.54375 0.4734375 0.05 0.0453125
125 0.5078125 0.503125 0.0515625 0.05
125 0.5453125 0.51875 0.0453125 0.0515625
125 0.8515625 0.13125 0.1109375 0.0625
125 0.9875 0.23125 0.021875 0.040625
125 0.9921875 0.2703125 0.0109375 0.0359375
125 0.3046875 0.2984375 0.040625 0.040625
125 0.346875 0.3109375 0.0453125 0.040625
125 0.315625 0.3484375 0.0453125 0.0390625
125 0.3515625 0.3625 0.040625 0.03125
125 0.20625 0.1171875 0.0390625 0.0328125