125 0.3765625 0.8734375 0.1625 0.046875
125 0.1625 0.83125 0.159375 0.13125
125 0.3015625 0.7125 0.153125 0.15
125 0.1171875 0.640625 0.15 0.1546875
125 0.2703125 0.5234375 0.15 0.1390625
125 0.728125 0.8625 0.1078125 0.06875
125 0.4796875 0.46875 0.0625 0.0625
125 0.2734375 0.4265625 0.03125 0.0328125
125 0.2734375 0.3796875 0.0453125 0.0453125
125 0.2375 0.409375 0.0453125 0.0390625
125 0.221875 0.3671875 0.0390625 0.0375
125 0.2625 0.3359375 0.04375 0.0515625
125 0.209375 0.3109375 0.040625 0.0328125
125 0.3765625 0.159375 0.1265625 0.1078125
125 0.3375 0.2453125 0.1328125 0.1171875
125 0.2609375 0.215625 0.1125 0.1125
