125 0.8203125 0.0515625 0.0671875 0.0578125
125 0.8765625 0.090625 0.040625 0.053125
125 0.8265625 0.1484375 0.0671875 0.0515625
125 0.8765625 0.1765625 0.04375 0.0546875
125 0.85625 0.234375 0.0671875 0.0609375
125 0.8828125 0.2328125 0.0296875 0.05
125 0.865625 0.2875 0.0515625 0.0515625
125 0.8890625 0.29375 0.0171875 0.0453125
125 0.6234375 0.5484375 0.121875 0.1125
125 0.7265625 0.5796875 0.109375 0.096875
125 0.6796875 0.65 0.109375 0.103125
125 0.7515625 0.6890625 0.11875 0.1015625
125 0.165625 0.65 0.13125 0.23125
125 0.1796875 0.0375 0.1015625 0.0734375
125 0.271875 0.0484375 0.1109375 0.096875
125 0.2234375 0.015625 0.0859375 0.0296875
125 0.2640625 0.1484375 0.1109375 0.1
125 0.2875 0.209375 0.1046875 0.0796875
125 0.2640625 0.2734375 0.1078125 0.0890625
125 0.3359375 0.2796875 0.0796875 0.0609375
125 0.434375 0.3140625 0.065625 0.0625
125 0.3421875 0.3734375 0.075 0.0671875
125 0.4390625 0.4140625 0.0859375 0.0796875
125 0.3484375 0.4796875 0.0734375 0.0671875
125 0.44375 0.5015625 0.071875 0.0796875
125 0.3625 0.565625 0.090625 0.075
125 0.4515625 0.6 0.06875 0.071875
125 0.1875 0.9140625 0.1734375 0.1671875
