125 0.0921875 0.7765625 0.1828125 0.2171875
125 0.4875 0.753125 0.0953125 0.0859375
125 0.5265625 0.65 0.109375 0.1078125
125 0.5625 0.6890625 0.1109375 0.096875
125 0.590625 0.5875 0.1 0.09375
125 0.8515625 0.2734375 0.096875 0.090625
125 0.64375 0.340625 0.0515625 0.0546875
125 0.6703125 0.2984375 0.0453125 0.05
125 0.6515625 0.4796875 0.0859375 0.0890625
125 0.625 0.290625 0.0453125 0.05
125 0.6109375 0.2359375 0.0578125 0.0546875
125 0.6515625 0.2109375 0.0546875 0.053125
125 0.6046875 0.1765625 0.053125 0.0578125
125 0.640625 0.1546875 0.046875 0.05
125 0.59375 0.1265625 0.06875 0.0515625
125 0.0734375 0.3609375 0.040625 0.040625
125 0.059375 0.325 0.0453125 0.0453125
125 0.084375 0.3046875 0.0453125 0.040625
125 0.0625 0.2640625 0.046875 0.046875
125 0.08125 0.2453125 0.05 0.0515625
125 0.059375 0.2125 0.0515625 0.040625
125 0.06875 0.1890625 0.046875 0.0375
125 0.1625 0.175 0.0328125 0.0328125
125 0.0625 0.1265625 0.05 0.04375
125 0.05 0.153125 0.04375 0.040625
125 0.0953125 0.1546875 0.0375 0.0453125
125 0.10625 0.115625 0.046875 0.03125
125 0.0265625 0.1125 0.0453125 0.025