125 0.74375 0.03125 0.08125 0.0609375
125 0.765625 0.115625 0.0859375 0.08125
125 0.7515625 0.2203125 0.0765625 0.0671875
125 0.728125 0.1625 0.0796875 0.0796875
125 0.6703125 0.05625 0.0609375 0.075
125 0.640625 0.4984375 0.1125 0.1234375
125 0.5484375 0.5625 0.109375 0.115625
125 0.584375 0.6734375 0.121875 0.1078125
125 0.5921875 0.790625 0.115625 0.103125
125 0.6015625 0.8984375 0.115625 0.1078125
125 0.715625 0.8171875 0.1109375 0.109375
125 0.7203125 0.6921875 0.075 0.0671875
125 0.7109375 0.63125 0.0734375 0.065625
