125 0.80625 0.7484375 0.0578125 0.059375
125 0.7484375 0.7203125 0.0625 0.059375
125 0.7984375 0.6734375 0.0609375 0.0609375
125 0.7265625 0.640625 0.059375 0.0578125
125 0.784375 0.59375 0.065625 0.0546875
125 0.7765625 0.515625 0.0671875 0.0546875
125 0.9296875 0.4265625 0.0625 0.0578125
125 0.9125 0.5 0.053125 0.0546875
125 0.94375 0.5390625 0.0515625 0.0453125
125 0.9125 0.596875 0.05 0.05
125 0.940625 0.6453125 0.05 0.0625
125 0.984375 0.6625 0.0265625 0.0515625
125 0.96875 0.5984375 0.0578125 0.046875
125 0.9796875 0.1921875 0.0359375 0.0625