125 0.2625 0.88125 0.103125 0.0328125
125 0.1515625 0.85625 0.1046875 0.08125
125 0.2625 0.8015625 0.0953125 0.1125
125 0.359375 0.8 0.0875 0.0953125
125 0.0625 0.7609375 0.1046875 0.109375
125 0.1765625 0.7296875 0.1171875 0.1015625
125 0.075 0.615625 0.109375 0.1078125
125 0.1296875 0.6796875 0.0953125 0.0734375
125 0.2125 0.2375 0.059375 0.0734375
125 0.1625 0.2203125 0.059375 0.071875
125 0.115625 0.171875 0.059375 0.071875
125 0.9 0.1484375 0.071875 0.0671875
125 0.8453125 0.1375 0.0578125 0.06875