125 0.403125 0.1421875 0.140625 0.0828125
125 0.0484375 0.140625 0.040625 0.046875
125 0.25625 0.1203125 0.0515625 0.0390625
125 0.259375 0.16875 0.0453125 0.04375
125 0.3125 0.165625 0.0625 0.059375
125 0.309375 0.11875 0.0578125 0.0375
125 0.2703125 0.3109375 0.065625 0.05
125 0.271875 0.359375 0.0546875 0.0515625
125 0.2625 0.409375 0.0578125 0.046875
125 0.2234375 0.334375 0.05 0.05
125 0.19375 0.3046875 0.0453125 0.0453125
125 0.63125 0.4109375 0.0359375 0.0328125
125 0.5671875 0.4125 0.0328125 0.0390625
125 0.43125 0.2328125 0.0296875 0.0296875
125 0.4453125 0.2171875 0.0359375 0.0296875
125 0.4453125 0.1875 0.0390625 0.0328125
125 0.41875 0.2015625 0.03125 0.0328125
125 0.4125 0.2296875 0.0296875 0.0296875
125 0.6625 0.165625 0.0890625 0.0796875
125 0.6796875 0.1171875 0.1015625 0.0328125
125 0.578125 0.1703125 0.0875 0.0859375
125 0.8625 0.184375 0.046875 0.05
125 0.8984375 0.2046875 0.04375 0.040625
125 0.90625 0.1625 0.0453125 0.05
125 0.859375 0.14375 0.046875 0.0375
125 0.8375 0.20625 0.04375 0.053125
125 0.75625 0.1703125 0.0390625 0.0390625
125 0.796875 0.1796875 0.0375 0.0390625