125 0.8984375 0.59375 0.0328125 0.0296875
125 0.934375 0.5828125 0.0359375 0.0296875
125 0.05625 0.8734375 0.1125 0.05
125 0.190625 0.790625 0.1734375 0.1578125
125 0.5375 0.878125 0.0796875 0.0390625
125 0.5203125 0.815625 0.1 0.0859375
125 0.4671875 0.8515625 0.06875 0.075
125 0.484375 0.678125 0.06875 0.071875
125 0.4296875 0.7359375 0.0734375 0.0796875
125 0.4515625 0.5921875 0.0796875 0.075
125 0.396875 0.65625 0.08125 0.071875
125 0.103125 0.521875 0.0578125 0.046875
125 0.09375 0.475 0.046875 0.0375
125 0.08125 0.428125 0.04375 0.0390625
125 0.078125 0.3953125 0.04375 0.0390625
125 0.5203125 0.4953125 0.046875 0.04375
125 0.51875 0.4453125 0.04375 0.0390625
125 0.4875 0.48125 0.04375 0.0375
125 0.4234375 0.5015625 0.0828125 0.075
125 0.3515625 0.4703125 0.109375 0.09375
125 0.4640625 0.434375 0.0515625 0.040625
125 0.4921875 0.375 0.0390625 0.040625
125 0.5015625 0.40625 0.0453125 0.0265625
125 0.3578125 0.33125 0.13125 0.1375
125 0.2296875 0.284375 0.1328125 0.1234375
125 0.31875 0.2015625 0.146875 0.125
125 0.14375 0.1640625 0.1453125 0.1109375
125 0.065625 0.2453125 0.0734375 0.0734375
125 0.6859375 0.609375 0.03125 0.03125
125 0.6734375 0.5765625 0.0390625 0.040625
125 0.653125 0.5421875 0.040625 0.046875
125 0.9015625 0.559375 0.0390625 0.0265625
125 0.934375 0.5453125 0.0390625 0.04375
125 0.8984375 0.53125 0.0328125 0.025
125 0.89375 0.490625 0.0359375 0.0328125
125 0.796875 0.471875 0.0453125 0.046875
125 0.7921875 0.428125 0.0515625 0.046875
125 0.8234375 0.3875 0.04375 0.0375
125 0.7765625 0.365625 0.0515625 0.04375
125 0.8203125 0.340625 0.04375 0.040625
125 0.775 0.3265625 0.0578125 0.0515625
125 0.68125 0.496875 0.05 0.0375
125 0.6734375 0.4578125 0.0390625 0.0265625
125 0.6984375 0.41875 0.040625 0.0390625
125 0.6625 0.41875 0.0390625 0.0390625
125 0.5765625 0.3375 0.0296875 0.0296875
125 0.5625 0.315625 0.0296875 0.01875
125 0.5546875 0.290625 0.0234375 0.01875
125 0.5484375 0.25625 0.0359375 0.0328125
125 0.5453125 0.2203125 0.04375 0.0328125
125 0.9921875 0.53125 0.0109375 0.0390625
125 0.9875 0.56875 0.01875 0.0453125
