125 0.8578125 0.85625 0.0796875 0.203125
125 0.8546875 0.4296875 0.0875 0.2296875
125 0.734375 0.24375 0.140625 0.1359375
125 0.8359375 0.30625 0.1234375 0.1234375
125 0.765625 0.096875 0.1625 0.165625
125 0.5015625 0.1296875 0.08125 0.08125
125 0.41875 0.1046875 0.0875 0.0828125
125 0.49375 0.0453125 0.103125 0.0859375
125 0.165625 0.3828125 0.0609375 0.06875
125 0.1546875 0.309375 0.0734375 0.0671875
125 0.1328125 0.2375 0.0609375 0.0765625
125 0.8578125 0.05625 0.0796875 0.1109375
125 0.271875 0.6640625 0.071875 0.090625