125 0.10625 0.8296875 0.140625 0.1359375
125 0.125 0.690625 0.1171875 0.13125
125 0.746875 0.8078125 0.0734375 0.075
125 0.734375 0.7375 0.0796875 0.0765625
125 0.6859375 0.8265625 0.059375 0.0609375
125 0.65 0.765625 0.0625 0.0625
125 0.65 0.7046875 0.0796875 0.0546875
125 0.515625 0.5765625 0.0390625 0.0375
125 0.5625 0.5734375 0.040625 0.0453125
125 0.571875 0.5375 0.0390625 0.0375
125 0.565625 0.4984375 0.0328125 0.0328125
125 0.571875 0.4609375 0.0359375 0.0375
125 0.5296875 0.51875 0.0390625 0.0375
125 0.5296875 0.478125 0.0359375 0.0359375
125 0.8484375 0.721875 0.0515625 0.0515625
125 0.8921875 0.709375 0.046875 0.053125
125 0.8859375 0.659375 0.04375 0.04375
125 0.8859375 0.615625 0.0515625 0.04375
125 0.890625 0.571875 0.071875 0.046875
125 0.290625 0.140625 0.1171875 0.08125