92 0.1150958904109589 0.7427033492822966 0.1021095890410959 0.17729665071770334
92 0.16582191780821917 0.6030143540669857 0.108191780821917892 0.17043062200956938
92 0.24287671232876715 0.4801674641148326 0.091082191780821992 0.16320574162679424
92 0.23626027397260274 0.69160287081339792 0.11471232876712328 0.165933014354067
92 0.169013698630137 0.8355023923444976 0.107 0.18875598086124404
92 0.3246438356164384 0.5230622009569378 0.1104931506849315 0.19033492822966508
92 0.3431780821917808 0.7283253588516746 0.12372602739726027 0.2147846889952153
92 0.26817808219178085 0.8721531100478469 0.11243835616438357 0.2015311004784689
92 0.336027397260274 0.36112440191387557 0.09641095890410958 0.1446650717703349
92 0.38716438356164384 0.4236842105263158 0.100397260273972692 0.14677033492822966
92 0.48687671232876717 0.32677033492822966 0.10904109589041096 0.17248803827751194
92 0.477027397260274 0.5077990430622009 0.107493150684931592 0.17894736842105263
92 0.4891643835616438 0.7023444976076555 0.11876712328767124 0.21758373205741627
92 0.39883561643835613 0.9035406698564593 0.11906849315068493 0.18988038277511962
92 0.5178219178082192 0.9007416267942584 0.11432876712328767 0.19851674641148326
92 0.57286301369863092 0.24406698564593302 0.08676712328767124 0.12248803827751197
92 0.7139041095890492 0.3121052631578948 0.09253424657534247 0.16208133971291866
92 0.58997260273972692 0.5226794258373205 0.11741095890410957 0.18767942583732058
92 0.736986301369863 0.4722488038277512 0.119191780821917892 0.17954545454545454
92 0.6365342465753425 0.6970813397129186 0.11982191780821917 0.19392344497607655
92 0.6356575342465753 0.89940191387559892 0.1180958904109589 0.19547846889952153
92 0.7466986301369863 0.8600478468899522 0.11367123287671234 0.19997607655502392
92 0.7411643835616438 0.67377990430622 0.09610958904109589 0.1757177033492823
92 0.5901780821917808 0.41289473684210526 0.10731506849315069 0.11191387559808613
92 0.8434383561643836 0.4541387559808613 0.09053424657534247 0.14145933014354067
92 0.8196027397260274 0.5416985645933015 0.1132054794520548 0.14811004784688994
92 0.8685479452054794 0.8640191387559809 0.12113698630136988 0.20796650717703352
92 0.848876712328767 0.6583732057416267 0.12405479452054795 0.19978468899521531
92 0.9352876712328767 0.7649282296650718 0.10080821917808219 0.18200956937799043
