240 0.484375 0.9546875 0.5359375 0.08125
240 0.496875 0.8375 0.4875 0.0625
240 0.496875 0.73125 0.390625 0.071875
240 0.4875 0.6453125 0.3015625 0.046875
240 0.49375 0.578125 0.2765625 0.0546875
240 0.50625 0.515625 0.2484375 0.034375
240 0.50625 0.4625 0.215625 0.034375
240 0.50625 0.421875 0.18125 0.0296875
240 0.5125 0.3859375 0.175 0.021875
240 0.525 0.359375 0.2015625 0.028125
240 0.5265625 0.328125 0.1546875 0.0234375
240 0.51875 0.2875 0.1453125 0.0171875
240 0.521875 0.2625 0.1765625 0.0125