234 0.09375 0.1234375 0.121875 0.209375
234 0.26875 0.146875 0.0953125 0.228125
234 0.428125 0.128125 0.121875 0.196875
234 0.578125 0.1375 0.140625 0.203125
234 0.728125 0.1390625 0.1203125 0.221875
234 0.8859375 0.15625 0.121875 0.2140625
234 0.1140625 0.375 0.1546875 0.184375
234 0.2765625 0.390625 0.13125 0.19375
234 0.428125 0.409375 0.128125 0.1453125
234 0.5609375 0.384375 0.10625 0.1796875
234 0.7140625 0.378125 0.078125 0.2359375
234 0.8640625 0.384375 0.1453125 0.196875
234 0.09375 0.625 0.13125 0.228125
234 0.259375 0.6609375 0.1453125 0.1609375
234 0.409375 0.6515625 0.13125 0.196875
234 0.5625 0.6375 0.13125 0.246875
234 0.715625 0.659375 0.10625 0.20625
234 0.86875 0.634375 0.1421875 0.1609375
234 0.1140625 0.884375 0.128125 0.171875
234 0.2625 0.878125 0.1140625 0.171875
234 0.415625 0.871875 0.11875 0.1671875
234 0.578125 0.871875 0.1359375 0.2
234 0.734375 0.86875 0.1359375 0.184375
234 0.86875 0.8640625 0.125 0.25625