92 0.10875342465753425 0.694066985645933 0.10632876712328768 0.19344497607655503
92 0.19317808219178084 0.5879425837320574 0.1228082191780822 0.21322966507177032
92 0.17146575342465753 0.7966985645933014 0.1232876712328767 0.20284688995215314
92 0.29893150684931592 0.6016746411483254 0.09661643835616439 0.17894736842105263
92 0.29453424657534244 0.7907416267942583 0.1161095890410959 0.19944976076555024
92 0.30812328767123287 0.39983253588516743 0.11135616438356165 0.1754784688995215
92 0.21908219178082192 0.4705023923444976 0.192 0.15507177033492822
92 0.1965890410958904 0.38356459330143544 0.08573972602739727 0.14294258373205743
92 0.3243424657534247 0.24633971291866028 0.09258904109589042 0.1686602870813397
92 0.4702054794520548 0.17076555023923443 0.0807945205479452 0.12184210526315789
92 0.5523013698630137 0.255933014354067 0.10486301369863013 0.16444976076555023
92 0.4522191780821918 0.45095693779904306 0.11187671232876713 0.17983253588516745
92 0.5662739726027397 0.4364832535885167 0.10713698630136985 0.18495215311004784
92 0.4544794520547945 0.33971291866028792 0.10053424657534246 0.11272727272727272
92 0.4034657534246575 0.6216746411483254 0.12161643835616438 0.18492822966507177
92 0.404013698630137 0.8254306220095693 0.11661643835616438 0.19856459330143542
92 0.5526712328767123 0.62507177033492892 0.11773972602739727 0.219377990430622
92 0.5223835616438356 0.8325598086124402 0.116890410958904192 0.19791866028708135
92 0.6525479452054794 0.35129186602870816 0.0944109589041096 0.14868421052631578
92 0.70789041095890492 0.27911483253588515 0.09295890410958904 0.12779904306220097
92 0.7973013698630137 0.4145215311004785 0.09756164383561644 0.17193779904306222
92 0.7148356164383562 0.4554066985645933 0.114178082191780892 0.19086124401913876
92 0.6991232876712329 0.6566267942583732 0.12416438356164383 0.2143540669856459
92 0.8755068493150685 0.5308851674641148 0.10572602739726028 0.16086124401913873
92 0.8054246575342466 0.6221291866028709 0.11247945205479452 0.1709090909090909
92 0.9246986301369863 0.6749282296650718 0.10364383561643835 0.17433014354066986
92 0.6431643835616438 0.8384210526315788 0.12195890410958904 0.20543062200956938
92 0.773109589041096 0.8039473684210526 0.1136986301369863 0.20454545454545456
92 0.8725890410958904 0.7652870813397129 0.10786301369863013 0.19325358851674643
