101 0.1921875 0.4609375 0.07109375 0.0421875
101 0.0546875 0.44296875 0.0625 0.0390625
101 0.07578125 0.41328125 0.09765625 0.040625
101 0.15703125 0.3765625 0.0890625 0.05078125
101 0.24296875 0.4015625 0.07109375 0.034375
101 0.27109375 0.35859375 0.06796875 0.0453125
101 0.31484375 0.3421875 0.0625 0.0421875
101 0.35078125 0.3609375 0.05625 0.0375
101 0.42734375 0.34765625 0.0625 0.0375
101 0.37109375 0.30625 0.0625 0.0359375
101 0.365625 0.334375 0.0625 0.040625
101 0.43515625 0.31328125 0.059375 0.034375
101 0.40546875 0.27890625 0.059375 0.0296875
101 0.31796875 0.25 0.06796875 0.05234375
101 0.39765625 0.22890625 0.0625 0.04921875
101 0.46484375 0.21328125 0.0828125 0.0421875
101 0.471875 0.23828125 0.05625 0.0375
101 0.078125 0.05625 0.05625 0.02578125
101 0.0796875 0.03984375 0.04140625 0.02265625
101 0.11953125 0.04765625 0.03828125 0.02890625
101 0.15390625 0.0640625 0.03515625 0.02578125
101 0.09140625 0.0859375 0.053125 0.02421875
101 0.08515625 0.01015625 0.0484375 0.0203125
101 0.79140625 0.46640625 0.02109375 0.0375
101 0.77109375 0.47109375 0.0625 0.0390625
101 0.6390625 0.41328125 0.04765625 0.0421875
101 0.553125 0.34296875 0.04765625 0.02890625
101 0.525 0.31953125 0.0625 0.0359375
101 0.6640625 0.29296875 0.06796875 0.02734375
101 0.6453125 0.265625 0.053125 0.0359375
101 0.60390625 0.2875 0.053125 0.03125
101 0.59296875 0.26875 0.05 0.0296875
101 0.54296875 0.27734375 0.07421875 0.02890625
101 0.528125 0.2453125 0.0796875 0.02890625
101 0.53515625 0.21796875 0.0765625 0.02109375
101 0.54453125 0.18046875 0.0828125 0.02421875
101 0.53828125 0.16015625 0.0765625 0.01953125
101 0.6046875 0.1328125 0.05625 0.03125
101 0.5234375 0.12578125 0.04765625 0.0390625
101 0.45703125 0.125 0.0625 0.0328125
101 0.440625 0.15703125 0.059375 0.040625
101 0.3921875 0.17421875 0.09140625 0.0390625
101 0.5890625 0.06015625 0.06484375 0.05390625
101 0.5328125 0.05078125 0.0828125 0.05078125
101 0.50859375 0.101 0.0765625 0.02890625
101 0.4171875 0.046875 0.0890625 0.0390625
101 0.65234375 0.0046875 0.07421875 0.009375
101 0.99375 0.0484375 0.01171875 0.040625
101 0.75 0.23828125 0.05625 0.04921875
101 0.68046875 0.240625 0.04140625 0.034375
101 0.6703125 0.2046875 0.0796875 0.02578125
101 0.26171875 0.4390625 0.0859375 0.040625
101 0.01953125 0.753125 0.03828125 0.02578125
101 0.39765625 0.7421875 0.05625 0.02890625
