128 0.253125 0.41875 0.0671875 0.059375
128 0.3265625 0.46875 0.0609375 0.0609375
128 0.2390625 0.5453125 0.04375 0.0390625
128 0.25 0.584375 0.0734375 0.0484375
128 0.190625 0.653125 0.096875 0.0828125
128 0.6453125 0.453125 0.0421875 0.0421875
128 0.69375 0.4828125 0.075 0.0703125
128 0.5984375 0.625 0.071875 0.0734375
128 0.59375 0.5453125 0.0828125 0.0734375
128 0.515625 0.609375 0.06875 0.065625
128 0.503125 0.6796875 0.0609375 0.0609375
128 0.421875 0.6140625 0.0734375 0.0796875
128 0.4296875 0.5375 0.065625 0.0671875
128 0.5125 0.53125 0.0796875 0.0734375
128 0.453125 0.46875 0.065625 0.0703125
128 0.359375 0.540625 0.0640625 0.0703125
128 0.290625 0.525 0.0625 0.059375
128 0.234375 0.478125 0.0765625 0.0578125
128 0.365625 0.4125 0.0703125 0.0703125
128 0.3890625 0.478125 0.0640625 0.0625
128 0.2828125 0.6453125 0.0609375 0.075
