128 0.353125 0.3734375 0.0703125 0.059375
128 0.3015625 0.4296875 0.0703125 0.059375
128 0.38125 0.4390625 0.06875 0.0609375
128 0.4390625 0.4046875 0.0640625 0.0640625
128 0.4109375 0.53125 0.0765625 0.06875
128 0.48125 0.521875 0.071875 0.065625
128 0.5765625 0.5015625 0.0640625 0.0625
128 0.6375 0.43125 0.0734375 0.065625
128 0.4765625 0.459375 0.0765625 0.059375
128 0.690625 0.53125 0.0890625 0.0765625
128 0.596875 0.6 0.071875 0.0734375
128 0.5390625 0.565625 0.0609375 0.0765625
128 0.6875 0.6046875 0.0875 0.06875
128 0.803125 0.578125 0.0859375 0.08125
128 0.3390625 0.49375 0.0828125 0.0765625
128 0.5640625 0.4171875 0.0671875 0.06875
