128 0.575 0.3328125 0.065625 0.0765625
128 0.715625 0.371875 0.053125 0.053125
128 0.6671875 0.4078125 0.078125 0.0703125
128 0.6796875 0.4875 0.0640625 0.0640625
128 0.728125 0.4453125 0.0609375 0.0671875
128 0.5703125 0.44375 0.0671875 0.065625
128 0.434375 0.309375 0.0796875 0.0796875
128 0.346875 0.384375 0.0671875 0.0609375
128 0.4140625 0.5390625 0.0703125 0.0421875
128 0.49375 0.55625 0.0515625 0.0796875
128 0.28125 0.5703125 0.0734375 0.053125
128 0.3546875 0.5796875 0.053125 0.0375
128 0.3 0.63125 0.06875 0.071875
128 0.45 0.6484375 0.0625 0.0703125
128 0.5 0.6390625 0.0390625 0.0453125
128 0.65 0.5875 0.0609375 0.05
128 0.709375 0.5484375 0.04375 0.05
128 0.4625 0.728125 0.0828125 0.0828125
128 0.5453125 0.60625 0.071875 0.0703125
128 0.4453125 0.4296875 0.0625 0.0671875
128 0.340625 0.521875 0.084375 0.075
128 0.275 0.40625 0.0734375 0.071875
128 0.3734375 0.45 0.0765625 0.0765625
128 0.484375 0.3703125 0.06875 0.06875
128 0.559375 0.5359375 0.0640625 0.059375
128 0.7765625 0.3390625 0.0828125 0.08125
128 0.6140625 0.4953125 0.0640625 0.0609375
128 0.4390625 0.58125 0.0640625 0.0625
128 0.3859375 0.64375 0.0640625 0.06875
128 0.29375 0.4734375 0.06875 0.05625
