128 0.315625 0.265625 0.075 0.0734375
128 0.2953125 0.39375 0.075 0.075
128 0.23125 0.4125 0.0765625 0.071875
128 0.2171875 0.4640625 0.0453125 0.040625
128 0.246875 0.5 0.05 0.04375
128 0.28125 0.4546875 0.05625 0.059375
128 0.3546875 0.4359375 0.0546875 0.065625
128 0.2828125 0.5609375 0.0671875 0.059375
128 0.33125 0.5140625 0.05625 0.059375
128 0.3078125 0.621875 0.053125 0.05625
128 0.3484375 0.7640625 0.08125 0.034375
128 0.365625 0.671875 0.059375 0.0640625
128 0.434375 0.6921875 0.046875 0.0671875
128 0.4859375 0.6953125 0.0390625 0.05
128 0.4046875 0.6109375 0.046875 0.0546875
128 0.390625 0.540625 0.065625 0.0640625
128 0.4015625 0.4546875 0.0375 0.040625
128 0.446875 0.4453125 0.059375 0.0640625
128 0.4484375 0.50625 0.0625 0.0625
128 0.490625 0.546875 0.05 0.0546875
128 0.4828125 0.5953125 0.0359375 0.0359375
128 0.5015625 0.425 0.0515625 0.0625
128 0.53125 0.4828125 0.05 0.0609375
128 0.546875 0.5328125 0.053125 0.034375
128 0.5515625 0.3546875 0.0609375 0.0609375
128 0.56875 0.4203125 0.0640625 0.065625
128 0.5859375 0.49375 0.065625 0.0578125
128 0.609375 0.5578125 0.059375 0.065625
128 0.66875 0.6015625 0.065625 0.05625
128 0.703125 0.5515625 0.065625 0.053125
128 0.66875 0.4953125 0.0734375 0.0546875
128 0.646875 0.45625 0.046875 0.0203125
128 0.640625 0.4125 0.05625 0.05625
128 0.6890625 0.365625 0.0625 0.0640625
128 0.7078125 0.4328125 0.0640625 0.0484375
