128 0.19375 0.6609375 0.0953125 0.1046875
128 0.2203125 0.4203125 0.0765625 0.0828125
128 0.28125 0.615625 0.06875 0.0921875
128 0.3984375 0.6875 0.09375 0.0546875
128 0.353125 0.6265625 0.0640625 0.0671875
128 0.290625 0.46875 0.0640625 0.0734375
128 0.3515625 0.4359375 0.0625 0.075
128 0.3515625 0.50625 0.0828125 0.0625
128 0.3828125 0.5625 0.06875 0.053125
128 0.4203125 0.621875 0.0609375 0.0625
128 0.4921875 0.6328125 0.0671875 0.0578125
128 0.4859375 0.5703125 0.0578125 0.0578125
128 0.4359375 0.53125 0.0609375 0.0625
128 0.4125 0.4734375 0.0625 0.0484375
128 0.453125 0.3046875 0.084375 0.0734375
128 0.4578125 0.4046875 0.0765625 0.084375
128 0.478125 0.4765625 0.059375 0.0609375
128 0.5578125 0.5453125 0.0734375 0.0578125
128 0.6125 0.5796875 0.0625 0.065625
128 0.6265625 0.515625 0.0765625 0.0625
128 0.546875 0.4828125 0.0640625 0.0625
128 0.5265625 0.41875 0.053125 0.0578125
128 0.50625 0.359375 0.05 0.059375
128 0.56875 0.36875 0.05625 0.0515625
128 0.646875 0.375 0.0765625 0.0640625
128 0.715625 0.378125 0.0609375 0.0703125
128 0.6546875 0.4515625 0.05625 0.06875
128 0.5890625 0.4375 0.0578125 0.0671875
128 0.709375 0.5015625 0.0921875 0.071875
