128 0.2109375 0.4140625 0.0765625 0.078125
128 0.2203125 0.4875 0.0703125 0.0703125
128 0.28125 0.6078125 0.0890625 0.0859375
128 0.290625 0.490625 0.0578125 0.0609375
128 0.3015625 0.4171875 0.0765625 0.0765625
128 0.3640625 0.3765625 0.0671875 0.0859375
128 0.375 0.4515625 0.0625 0.0703125
128 0.3640625 0.5234375 0.0765625 0.0859375
128 0.4328125 0.659375 0.084375 0.10625
128 0.6953125 0.3265625 0.078125 0.0875
128 0.621875 0.3875 0.071875 0.0703125
128 0.5265625 0.41875 0.0765625 0.0671875
128 0.4328125 0.50625 0.0546875 0.0765625
128 0.4796875 0.465625 0.0578125 0.0640625
128 0.4875 0.5296875 0.0546875 0.0578125
128 0.54375 0.484375 0.053125 0.05625
128 0.596875 0.44375 0.0609375 0.0515625
128 0.6890625 0.4 0.059375 0.0546875
128 0.734375 0.453125 0.0640625 0.071875
128 0.6640625 0.4671875 0.0625 0.0640625
128 0.6140625 0.5078125 0.071875 0.0671875
128 0.6046875 0.5859375 0.071875 0.0625
128 0.5453125 0.546875 0.059375 0.053125
128 0.5359375 0.6109375 0.0671875 0.0609375
128 0.509375 0.6765625 0.0546875 0.0734375
128 0.58125 0.665625 0.059375 0.0609375
128 0.740625 0.5515625 0.078125 0.08125
128 0.678125 0.5828125 0.065625 0.071875
128 0.653125 0.653125 0.084375 0.075
