128 0.45625 0.3609375 0.0890625 0.078125
128 0.5953125 0.5 0.065625 0.0640625
128 0.54375 0.5375 0.059375 0.0609375
128 0.4875 0.571875 0.0640625 0.0484375
128 0.4421875 0.5265625 0.05625 0.0515625
128 0.49375 0.484375 0.0484375 0.05625
128 0.375 0.496875 0.0546875 0.0671875
128 0.2703125 0.5703125 0.053125 0.0578125
128 0.33125 0.7171875 0.053125 0.059375
128 0.4359375 0.7203125 0.0546875 0.059375
128 0.4359375 0.6421875 0.053125 0.05625
128 0.3765625 0.6109375 0.05 0.053125
128 0.6015625 0.56875 0.0640625 0.053125
128 0.696875 0.4953125 0.1015625 0.1015625
128 0.5890625 0.4390625 0.0671875 0.0546875
128 0.309375 0.4984375 0.0671875 0.075
128 0.34375 0.5640625 0.05625 0.0546875
128 0.3421875 0.659375 0.046875 0.0453125
128 0.3875 0.678125 0.034375 0.0421875
128 0.2625 0.65625 0.084375 0.0765625
