128 0.2359375 0.653125 0.075 0.06875
128 0.4640625 0.709375 0.08125 0.0875
128 0.4734375 0.6328125 0.065625 0.075
128 0.5296875 0.6453125 0.040625 0.0390625
128 0.5328125 0.596875 0.04375 0.05625
128 0.6984375 0.61875 0.0484375 0.0546875
128 0.671875 0.540625 0.0515625 0.04375
128 0.646875 0.5828125 0.0640625 0.0625
128 0.5953125 0.6984375 0.0703125 0.0734375
128 0.6359375 0.6453125 0.0609375 0.065625
128 0.7015625 0.3125 0.065625 0.075
128 0.7265625 0.365625 0.05 0.0484375
128 0.771875 0.40625 0.06875 0.0625
128 0.5421875 0.45 0.0609375 0.0671875
128 0.5984375 0.4859375 0.05625 0.0578125
128 0.45 0.5140625 0.05 0.0609375
128 0.4328125 0.5703125 0.034375 0.0359375
128 0.4734375 0.446875 0.078125 0.0765625
128 0.4078125 0.6484375 0.0609375 0.0640625
128 0.28125 0.5625 0.0671875 0.065625
128 0.3265625 0.48125 0.0609375 0.0625
128 0.5109375 0.5109375 0.05625 0.0640625
128 0.5703125 0.5453125 0.0625 0.0609375
128 0.584375 0.609375 0.0515625 0.0671875
128 0.6703125 0.4 0.0734375 0.0734375
128 0.5453125 0.375 0.075 0.075
128 0.6015625 0.4203125 0.0578125 0.071875
128 0.384375 0.3375 0.06875 0.0703125
128 0.3234375 0.3328125 0.0578125 0.0578125
128 0.3453125 0.271875 0.065625 0.0703125
128 0.4375 0.2875 0.071875 0.0859375
128 0.4609375 0.36875 0.05625 0.0625
128 0.5015625 0.25 0.065625 0.0609375
128 0.628125 0.26875 0.06875 0.0703125
128 0.61875 0.346875 0.0640625 0.0671875
128 0.503125 0.309375 0.0640625 0.059375
128 0.56875 0.30625 0.0515625 0.0609375
128 0.671875 0.4828125 0.0703125 0.0625
128 0.2671875 0.415625 0.078125 0.0734375
128 0.2640625 0.496875 0.06875 0.0609375
128 0.340625 0.3921875 0.0671875 0.0671875
128 0.7765625 0.321875 0.0796875 0.08125
