128 0.5 0.4 0.065625 0.071875
128 0.41875 0.434375 0.0625 0.059375
128 0.4171875 0.5625 0.0625 0.0578125
128 0.4890625 0.659375 0.0625 0.0625
128 0.4421875 0.6140625 0.053125 0.053125
128 0.5578125 0.553125 0.0625 0.065625
128 0.6203125 0.5609375 0.0625 0.059375
128 0.5875 0.3875 0.0578125 0.0671875
128 0.5546875 0.4421875 0.059375 0.0546875
128 0.35625 0.4578125 0.065625 0.0640625
128 0.4125 0.4984375 0.0609375 0.0671875
128 0.475 0.4671875 0.071875 0.065625
128 0.4765625 0.540625 0.0640625 0.0625
128 0.503125 0.59375 0.0640625 0.0671875
128 0.55625 0.6375 0.06875 0.071875
128 0.621875 0.6625 0.059375 0.071875
128 0.75625 0.56875 0.0796875 0.0765625
128 0.684375 0.5609375 0.0640625 0.053125
128 0.728125 0.503125 0.065625 0.0625
128 0.6578125 0.50625 0.0671875 0.0671875
128 0.596875 0.49375 0.0578125 0.0671875
128 0.6328125 0.4421875 0.05625 0.065625
128 0.5328125 0.5 0.0625 0.059375
128 0.6671875 0.6140625 0.0609375 0.0640625
