128 0.653125 0.2484375 0.075 0.0578125
128 0.5296875 0.265625 0.071875 0.075
128 0.3796875 0.2609375 0.0703125 0.075
128 0.3109375 0.2890625 0.059375 0.065625
128 0.2359375 0.253125 0.08125 0.0578125
128 0.2484375 0.321875 0.06875 0.0640625
128 0.2125 0.3890625 0.053125 0.065625
128 0.2796875 0.3875 0.053125 0.0515625
128 0.325 0.346875 0.0515625 0.05625
128 0.3828125 0.3359375 0.059375 0.06875
128 0.471875 0.30625 0.0734375 0.065625
128 0.3359375 0.4109375 0.0484375 0.059375
128 0.2890625 0.4546875 0.0640625 0.05625
128 0.215625 0.465625 0.0796875 0.0671875
128 0.453125 0.3859375 0.06875 0.0609375
128 0.390625 0.425 0.05625 0.0515625
128 0.3484375 0.4703125 0.05 0.053125
128 0.4109375 0.4828125 0.0484375 0.059375
128 0.465625 0.45625 0.0625 0.0578125
128 0.5109375 0.4015625 0.0453125 0.0578125
128 0.575 0.3984375 0.0515625 0.0546875
128 0.634375 0.375 0.05 0.0609375
128 0.5984375 0.3296875 0.05625 0.059375
128 0.5375 0.3390625 0.059375 0.059375
128 0.671875 0.31875 0.0609375 0.0546875
128 0.7265625 0.2671875 0.053125 0.0578125
128 0.759375 0.3234375 0.065625 0.065625
128 0.71875 0.3734375 0.059375 0.0640625
128 0.6703125 0.421875 0.071875 0.0546875
128 0.7046875 0.496875 0.0796875 0.071875
128 0.6140625 0.471875 0.05625 0.0609375
128 0.55 0.4484375 0.0515625 0.05
128 0.5203125 0.50625 0.0578125 0.0671875
128 0.4578125 0.525 0.0578125 0.0546875
128 0.3921875 0.5421875 0.0578125 0.0484375
128 0.328125 0.525 0.059375 0.0546875
128 0.265625 0.5109375 0.0625 0.053125
128 0.2765625 0.5765625 0.071875 0.0640625
128 0.21875 0.60625 0.071875 0.05
128 0.18125 0.6859375 0.0625 0.0765625
128 0.25 0.6796875 0.0546875 0.0640625
128 0.3046875 0.640625 0.05625 0.065625
128 0.353125 0.6984375 0.059375 0.0703125
128 0.3828125 0.6375 0.0578125 0.05625
128 0.346875 0.58125 0.059375 0.0453125
128 0.4421875 0.590625 0.0640625 0.0546875
128 0.446875 0.6828125 0.071875 0.0828125
128 0.4984375 0.6359375 0.0578125 0.071875
128 0.509375 0.575 0.0640625 0.0640625
128 0.5625 0.6140625 0.0609375 0.065625
128 0.5703125 0.6859375 0.053125 0.0671875
128 0.6390625 0.6703125 0.0734375 0.065625
128 0.6296875 0.596875 0.0609375 0.075
128 0.578125 0.5453125 0.05625 0.0640625
128 0.6390625 0.525 0.0625 0.0578125
128 0.6953125 0.56875 0.059375 0.078125
