128 0.6984375 0.328125 0.0578125 0.06875
128 0.725 0.378125 0.0515625 0.0421875
128 0.7703125 0.41875 0.06875 0.0609375
128 0.66875 0.4234375 0.071875 0.06875
128 0.596875 0.5 0.0609375 0.05625
128 0.540625 0.4625 0.065625 0.0703125
128 0.453125 0.5234375 0.053125 0.0515625
128 0.428125 0.5734375 0.04375 0.0375
128 0.6796875 0.5671875 0.053125 0.0703125
128 0.6453125 0.5984375 0.0703125 0.065625
128 0.53125 0.609375 0.0515625 0.05
128 0.53125 0.6578125 0.046875 0.040625
128 0.475 0.6453125 0.0671875 0.071875
128 0.4625 0.7234375 0.08125 0.084375
128 0.296875 0.63125 0.0765625 0.075
128 0.5953125 0.7125 0.075 0.078125
128 0.696875 0.634375 0.05 0.0515625
128 0.3625 0.425 0.065625 0.05625
128 0.3578125 0.3625 0.071875 0.065625
128 0.471875 0.4578125 0.075 0.0703125
128 0.5375 0.3875 0.0734375 0.0796875
128 0.4421875 0.3890625 0.0609375 0.0609375
128 0.4328125 0.303125 0.075 0.0796875
128 0.4515625 0.2421875 0.06875 0.04375
128 0.6296875 0.2875 0.0671875 0.0671875
128 0.56875 0.325 0.05625 0.0609375
128 0.621875 0.3671875 0.0625 0.0703125
128 0.6 0.434375 0.0640625 0.071875
128 0.7765625 0.3375 0.0765625 0.0796875
128 0.50625 0.5203125 0.0671875 0.0609375
128 0.5671875 0.5578125 0.06875 0.0640625
128 0.5828125 0.625 0.0609375 0.0640625
128 0.6375 0.659375 0.065625 0.0578125
128 0.4109375 0.6578125 0.071875 0.0703125
128 0.4828125 0.58125 0.0609375 0.053125
128 0.2921875 0.4125 0.0703125 0.078125
