128 0.7484375 0.359375 0.08125 0.0734375
128 0.7015625 0.4046875 0.0765625 0.0625
128 0.6890625 0.546875 0.084375 0.06875
128 0.3078125 0.68125 0.0734375 0.078125
128 0.4640625 0.7484375 0.078125 0.065625
128 0.565625 0.4734375 0.046875 0.0671875
128 0.459375 0.4828125 0.053125 0.0578125
128 0.2671875 0.4625 0.084375 0.08125
128 0.346875 0.49375 0.0578125 0.071875
128 0.4 0.4609375 0.0546875 0.06875
128 0.515625 0.428125 0.059375 0.06875
128 0.653125 0.3390625 0.0640625 0.065625
128 0.8296875 0.4390625 0.08125 0.090625
128 0.8078125 0.54375 0.0734375 0.0609375
128 0.75625 0.5953125 0.075 0.0515625
128 0.653125 0.66875 0.0734375 0.0625
128 0.734375 0.753125 0.090625 0.046875
128 0.528125 0.690625 0.1046875 0.0828125
128 0.3765625 0.7109375 0.071875 0.0671875
128 0.4765625 0.5484375 0.065625 0.0671875
128 0.415625 0.5890625 0.06875 0.071875
128 0.5984375 0.590625 0.0765625 0.0734375
