128 0.7296875 0.2578125 0.071875 0.06875
128 0.675 0.3015625 0.071875 0.0640625
128 0.68125 0.3703125 0.0609375 0.065625
128 0.6234375 0.396875 0.0578125 0.0578125
128 0.6671875 0.4515625 0.0671875 0.065625
128 0.7 0.5125 0.065625 0.065625
128 0.6359375 0.540625 0.0625 0.0671875
128 0.6515625 0.6125 0.0671875 0.0640625
128 0.6453125 0.678125 0.0625 0.0625
128 0.5765625 0.6609375 0.0671875 0.06875
128 0.5109375 0.6828125 0.0625 0.0640625
128 0.5171875 0.6171875 0.0609375 0.0609375
128 0.5609375 0.51875 0.0609375 0.0640625
128 0.5921875 0.4609375 0.0796875 0.06875
128 0.5015625 0.48125 0.0703125 0.06875
128 0.49375 0.5453125 0.0625 0.059375
128 0.446875 0.6 0.0734375 0.0734375
128 0.43125 0.6796875 0.0734375 0.078125
128 0.3796875 0.7234375 0.0625 0.059375
128 0.315625 0.690625 0.065625 0.0671875
128 0.3640625 0.64375 0.065625 0.0703125
128 0.38125 0.5796875 0.059375 0.065625
128 0.428125 0.528125 0.06875 0.071875
128 0.453125 0.428125 0.075 0.0703125
128 0.4578125 0.309375 0.0703125 0.0734375
128 0.3625 0.3859375 0.0625 0.0546875
128 0.346875 0.4484375 0.0640625 0.065625
128 0.3578125 0.5140625 0.05625 0.059375
128 0.315625 0.5796875 0.0625 0.0625
128 0.26875 0.6359375 0.0796875 0.075
128 0.1234375 0.6296875 0.0765625 0.0734375
128 0.2125 0.5890625 0.071875 0.0625
128 0.2609375 0.540625 0.0703125 0.065625
128 0.29375 0.4859375 0.06875 0.0375
128 0.2375 0.44375 0.059375 0.0578125
128 0.29375 0.4015625 0.0640625 0.065625
128 0.24375 0.3578125 0.0609375 0.0640625
128 0.1953125 0.3125 0.0671875 0.0671875
