128 0.4609375 0.275 0.0671875 0.0625
128 0.715625 0.31875 0.0796875 0.065625
128 0.6171875 0.4140625 0.0625 0.0640625
128 0.6796875 0.4421875 0.0703125 0.0609375
128 0.6859375 0.50625 0.06875 0.0640625
128 0.6984375 0.578125 0.08125 0.078125
128 0.709375 0.6703125 0.06875 0.0671875
128 0.640625 0.6984375 0.0609375 0.0609375
128 0.6453125 0.63125 0.0578125 0.0671875
128 0.5921875 0.6484375 0.0546875 0.0625
128 0.5375 0.678125 0.0640625 0.059375
128 0.54375 0.6078125 0.0625 0.0640625
128 0.60625 0.55625 0.053125 0.0546875
128 0.5421875 0.540625 0.065625 0.0625
128 0.5875 0.4921875 0.059375 0.0609375
128 0.521875 0.4734375 0.06875 0.065625
128 0.459375 0.5796875 0.0671875 0.0578125
128 0.4390625 0.6578125 0.075 0.071875
128 0.340625 0.6296875 0.065625 0.0671875
128 0.39375 0.5921875 0.065625 0.0640625
128 0.3984375 0.5234375 0.0671875 0.0625
128 0.3 0.48125 0.0703125 0.065625
128 0.278125 0.4203125 0.0578125 0.0546875
128 0.209375 0.409375 0.0703125 0.06875
