128 0.4609375 0.2546875 0.071875 0.0703125
128 0.70625 0.2859375 0.09375 0.0828125
128 0.5359375 0.303125 0.05625 0.0765625
128 0.621875 0.3296875 0.0625 0.08125
128 0.6890625 0.3609375 0.0671875 0.0734375
128 0.5671875 0.3734375 0.0484375 0.053125
128 0.5046875 0.3703125 0.0546875 0.0546875
128 0.415625 0.3640625 0.0546875 0.0625
128 0.353125 0.334375 0.0546875 0.0546875
128 0.246875 0.384375 0.0609375 0.0578125
128 0.196875 0.4375 0.065625 0.0578125
128 0.1484375 0.484375 0.06875 0.0546875
128 0.259375 0.471875 0.0515625 0.0578125
128 0.303125 0.4296875 0.05625 0.053125
128 0.3609375 0.4 0.05625 0.046875
128 0.459375 0.4171875 0.0609375 0.0515625
128 0.4 0.45 0.0515625 0.0484375
128 0.340625 0.4859375 0.053125 0.0546875
128 0.290625 0.5296875 0.0671875 0.0484375
128 0.40625 0.5171875 0.0578125 0.05625
128 0.4890625 0.4765625 0.0625 0.0578125
128 0.5515625 0.515625 0.05625 0.0625
128 0.5390625 0.4296875 0.046875 0.0578125
128 0.628125 0.40625 0.071875 0.0640625
128 0.671875 0.46875 0.0578125 0.0609375
128 0.60625 0.475 0.059375 0.053125
128 0.615625 0.534375 0.0515625 0.0578125
128 0.571875 0.5859375 0.059375 0.05625
128 0.4703125 0.5296875 0.0578125 0.0515625
128 0.425 0.578125 0.0484375 0.0609375
128 0.30625 0.596875 0.0515625 0.071875
128 0.234375 0.6125 0.0671875 0.0546875
128 0.175 0.653125 0.065625 0.075
128 0.2515625 0.6765625 0.0578125 0.05625
128 0.31875 0.65625 0.059375 0.05625
128 0.4265625 0.6546875 0.0609375 0.0484375
128 0.4890625 0.66875 0.04375 0.046875
128 0.5453125 0.646875 0.0515625 0.0546875
128 0.4859375 0.6 0.0578125 0.0671875
128 0.70625 0.659375 0.10625 0.1
128 0.6140625 0.634375 0.0625 0.071875
128 0.546875 0.7203125 0.0765625 0.0796875
128 0.4453125 0.7234375 0.0640625 0.0765625
128 0.375 0.7078125 0.0546875 0.0640625
128 0.309375 0.7296875 0.059375 0.06875
128 0.3671875 0.615625 0.0546875 0.05625
