128 0.7484375 0.3640625 0.075 0.065625
128 0.7015625 0.40625 0.0546875 0.05625
128 0.575 0.475 0.0609375 0.05
128 0.465625 0.49375 0.0625 0.06875
128 0.3390625 0.490625 0.0671875 0.078125
128 0.6953125 0.5453125 0.0765625 0.0671875
128 0.4921875 0.728125 0.059375 0.0734375
128 0.30625 0.684375 0.06875 0.075
128 0.7359375 0.7578125 0.1015625 0.0453125
128 0.2765625 0.46875 0.0796875 0.065625
128 0.4046875 0.4765625 0.0671875 0.06875
128 0.45 0.421875 0.0703125 0.08125
128 0.5234375 0.4375 0.071875 0.0734375
128 0.83125 0.4421875 0.0796875 0.071875
128 0.6515625 0.3484375 0.071875 0.0765625
128 0.603125 0.5421875 0.0625 0.0578125
128 0.4828125 0.59375 0.075 0.065625
128 0.4140625 0.64375 0.071875 0.0625
128 0.371875 0.709375 0.071875 0.06875
128 0.6703125 0.6109375 0.065625 0.0625
128 0.684375 0.6828125 0.0703125 0.071875
128 0.75 0.596875 0.0640625 0.0703125
128 0.80625 0.5484375 0.078125 0.071875
