128 0.2703125 0.4640625 0.075 0.084375
128 0.3453125 0.4953125 0.078125 0.0828125
128 0.378125 0.7078125 0.075 0.078125
128 0.4203125 0.6453125 0.1015625 0.0609375
128 0.546875 0.578125 0.0765625 0.0765625
128 0.446875 0.5109375 0.084375 0.0734375
128 0.45625 0.5859375 0.0953125 0.0609375
128 0.728125 0.7515625 0.1 0.053125
128 0.68125 0.6703125 0.0953125 0.090625
128 0.8234375 0.44375 0.096875 0.096875
128 0.653125 0.3390625 0.09375 0.0765625
128 0.7296875 0.4765625 0.08125 0.071875
128 0.6484375 0.4765625 0.0734375 0.0734375
128 0.696875 0.54375 0.0953125 0.071875
128 0.4390625 0.4078125 0.096875 0.0890625
128 0.7484375 0.35625 0.0953125 0.0609375
128 0.6953125 0.4046875 0.08125 0.0453125
128 0.575 0.4640625 0.0703125 0.08125
128 0.3215138140625 0.7590585328125 0.3531249765625 0.6578125015625 0.306932965625 0.6236032578125 0.24027735 0.6548621359375 0.3215138140625 0.7590585328125
128 0.4875 0.728125 0.0703125 0.084375
