128 0.7453125 0.3671875 0.071875 0.0703125
128 0.7046875 0.403125 0.053125 0.0484375
128 0.65 0.3453125 0.071875 0.06875
128 0.45625 0.4328125 0.0625 0.071875
128 0.375 0.5203125 0.075 0.06875
128 0.6109375 0.5453125 0.0703125 0.0640625
128 0.696875 0.54375 0.0828125 0.065625
128 0.45625 0.6890625 0.0703125 0.0734375
128 0.309375 0.6984375 0.0703125 0.075
128 0.346875 0.459375 0.06875 0.065625
128 0.578125 0.4515625 0.065625 0.0734375
128 0.7203125 0.475 0.0640625 0.0640625
128 0.83125 0.4421875 0.0734375 0.075
128 0.684375 0.6515625 0.0734375 0.078125
128 0.54375 0.6828125 0.0671875 0.0796875
128 0.50625 0.6140625 0.06875 0.065625
128 0.528125 0.5359375 0.0640625 0.0703125
