128 0.421875 0.39375 0.0421875 0.0421875
128 0.378125 0.4 0.0453125 0.040625
128 0.3625 0.4421875 0.0765625 0.0453125
128 0.5296875 0.390625 0.0578125 0.065625
128 0.2890625 0.4859375 0.08125 0.08125
128 0.3390625 0.5265625 0.046875 0.040625
128 0.28125 0.5625 0.0703125 0.065625
128 0.2 0.5734375 0.0765625 0.0734375
128 0.21875 0.6578125 0.0921875 0.0828125
128 0.1890625 0.7234375 0.084375 0.06875
128 0.290625 0.628125 0.065625 0.059375
128 0.35 0.59375 0.075 0.06875
128 0.3625 0.665625 0.0640625 0.059375
128 0.415625 0.6703125 0.04375 0.0640625
128 0.421875 0.578125 0.0640625 0.0546875
128 0.46875 0.65625 0.0578125 0.071875
128 0.4546875 0.4484375 0.06875 0.075
128 0.45 0.5234375 0.075 0.071875
128 0.484375 0.5890625 0.0640625 0.059375
128 0.540625 0.6171875 0.06875 0.06875
128 0.5234375 0.4609375 0.071875 0.06875
128 0.553125 0.5265625 0.071875 0.059375
128 0.5875 0.46875 0.05625 0.0640625
128 0.6171875 0.5265625 0.0625 0.0609375
128 0.6640625 0.4796875 0.071875 0.0640625
128 0.60625 0.5953125 0.0640625 0.065625
128 0.5953125 0.64375 0.0453125 0.03125
128 0.534375 0.56875 0.0296875 0.0171875
