128 0.2046875 0.3109375 0.0703125 0.06875
128 0.34375 0.3890625 0.0703125 0.0640625
128 0.284375 0.4234375 0.071875 0.0671875
128 0.284375 0.490625 0.0703125 0.06875
128 0.259375 0.5546875 0.0625 0.0671875
128 0.2125 0.603125 0.06875 0.0640625
128 0.2265625 0.675 0.065625 0.071875
128 0.171875 0.725 0.065625 0.071875
128 0.08125 0.70625 0.0796875 0.071875
128 0.2546875 0.7515625 0.075 0.059375
128 0.2953125 0.6984375 0.08125 0.0734375
128 0.2828125 0.6265625 0.075 0.06875
128 0.328125 0.5625 0.0625 0.05625
128 0.35 0.4703125 0.065625 0.078125
128 0.4 0.421875 0.0609375 0.059375
128 0.40625 0.484375 0.05625 0.0578125
128 0.3890625 0.546875 0.0625 0.0625
128 0.3796875 0.621875 0.078125 0.0765625
128 0.446875 0.6421875 0.05625 0.06875
128 0.446875 0.575 0.059375 0.0578125
128 0.4546875 0.5140625 0.0546875 0.0640625
128 0.4546875 0.44375 0.05 0.065625
128 0.49375 0.4 0.0625 0.078125
128 0.5046875 0.4765625 0.0515625 0.0578125
128 0.5140625 0.5546875 0.0640625 0.0703125
128 0.5125 0.6296875 0.0609375 0.0671875
128 0.5109375 0.696875 0.0640625 0.0609375
128 0.575 0.6640625 0.0625 0.06875
128 0.6375 0.7078125 0.0796875 0.078125
128 0.6328125 0.6328125 0.0640625 0.06875
128 0.575 0.5921875 0.0640625 0.0703125
128 0.578125 0.5203125 0.0640625 0.065625
128 0.56875 0.4515625 0.0640625 0.065625
128 0.6734375 0.4921875 0.06875 0.0640625
128 0.634375 0.559375 0.0609375 0.0625
128 0.7015625 0.559375 0.0640625 0.065625
128 0.6984375 0.6296875 0.071875 0.0734375
128 0.7359375 0.69375 0.0671875 0.0609375
