128 0.3515625 0.315625 0.103125 0.0890625
128 0.503125 0.328125 0.090625 0.0921875
128 0.6390625 0.3421875 0.06875 0.0796875
128 0.8203125 0.4359375 0.0859375 0.0875
128 0.58125 0.6546875 0.096875 0.0859375
128 0.75 0.6359375 0.0921875 0.084375
128 0.7875 0.715625 0.071875 0.0703125
128 0.475 0.5359375 0.059375 0.075
128 0.4203125 0.5875 0.0671875 0.0703125
128 0.2703125 0.4671875 0.0703125 0.0828125
128 0.3796875 0.709375 0.06875 0.0671875
128 0.5296875 0.4390625 0.075 0.08125
128 0.3703125 0.46875 0.071875 0.084375
128 0.696875 0.4015625 0.06875 0.04375
128 0.8359375 0.565625 0.0890625 0.0765625
128 0.6921875 0.55 0.06875 0.075
128 0.715625 0.71875 0.071875 0.084375
128 0.3015625 0.6875 0.08125 0.078125
128 0.4578125 0.7515625 0.0984375 0.0546875
