128 0.2546875 0.4140625 0.0765625 0.0625
128 0.253125 0.5828125 0.071875 0.05
128 0.19375 0.646875 0.0953125 0.084375
128 0.646875 0.453125 0.0375 0.046875
128 0.69375 0.478125 0.0671875 0.0828125
128 0.3234375 0.471875 0.059375 0.0515625
128 0.3671875 0.4125 0.078125 0.0609375
128 0.290625 0.5234375 0.06875 0.0625
128 0.5046875 0.5328125 0.06875 0.0703125
128 0.3875 0.475 0.0703125 0.0671875
128 0.359375 0.54375 0.06875 0.0671875
128 0.421875 0.6171875 0.078125 0.0796875
128 0.43125 0.534375 0.06875 0.078125
128 0.45 0.46875 0.0765625 0.071875
128 0.5921875 0.546875 0.0828125 0.0765625
128 0.515625 0.609375 0.065625 0.075
128 0.596875 0.621875 0.0796875 0.0625
128 0.5 0.678125 0.0609375 0.06875
128 0.23125 0.475 0.08125 0.065625
128 0.2890625 0.6421875 0.0734375 0.084375
