128 0.7296875 0.2578125 0.0734375 0.0765625
128 0.671875 0.3046875 0.1 0.0671875
128 0.675 0.36875 0.0671875 0.0671875
128 0.6359375 0.4296875 0.0609375 0.0796875
128 0.66875 0.503125 0.0625 0.0734375
128 0.60625 0.53125 0.075 0.071875
128 0.61875 0.6609375 0.0640625 0.0734375
128 0.4875 0.6953125 0.059375 0.0640625
128 0.5375 0.65 0.0609375 0.059375
128 0.471875 0.634375 0.0578125 0.059375
128 0.40625 0.6703125 0.059375 0.0703125
128 0.359375 0.7296875 0.0734375 0.0671875
128 0.3109375 0.759375 0.059375 0.0453125
128 0.2671875 0.7046875 0.0734375 0.0671875
128 0.2796875 0.64375 0.075 0.059375
128 0.25 0.521875 0.0703125 0.0828125
128 0.3515625 0.621875 0.0625 0.0578125
128 0.41875 0.5890625 0.0765625 0.0671875
128 0.3078125 0.5640625 0.0578125 0.0640625
128 0.3125 0.496875 0.0671875 0.0625
128 0.2296875 0.4015625 0.084375 0.06875
128 0.2515625 0.3390625 0.075 0.0640625
128 0.175 0.3046875 0.0734375 0.0703125
128 0.3640625 0.384375 0.059375 0.0609375
128 0.3484375 0.4453125 0.0671875 0.0671875
128 0.459375 0.3265625 0.0796875 0.0703125
128 0.45 0.39375 0.0828125 0.071875
128 0.409375 0.4875 0.0640625 0.05625
128 0.365625 0.5359375 0.0578125 0.0578125
128 0.4703125 0.4671875 0.0640625 0.0640625
128 0.521875 0.4296875 0.046875 0.0578125
128 0.575 0.4671875 0.0703125 0.0546875
128 0.5265625 0.5109375 0.05625 0.05625
128 0.5203125 0.5765625 0.0640625 0.0640625
128 0.5921875 0.5890625 0.059375 0.05625
128 0.459375 0.53125 0.0625 0.0515625
