128 0.709375 0.4921875 0.0625 0.0796875
128 0.5859375 0.4390625 0.053125 0.0421875
128 0.50625 0.4828125 0.0625 0.0796875
128 0.4421875 0.4609375 0.0609375 0.0796875
128 0.4765625 0.53125 0.0453125 0.05
128 0.478125 0.596875 0.05 0.053125
128 0.421875 0.5484375 0.04375 0.05625
128 0.275 0.6 0.0609375 0.0640625
128 0.2625 0.675 0.0796875 0.08125
128 0.64375 0.4734375 0.0546875 0.059375
128 0.6296875 0.55625 0.0515625 0.0515625
128 0.5703125 0.4953125 0.053125 0.053125
128 0.5359375 0.5640625 0.0578125 0.0515625
128 0.30625 0.5109375 0.0765625 0.0734375
128 0.3765625 0.4984375 0.0484375 0.0609375
128 0.3625 0.5796875 0.0609375 0.065625
128 0.3578125 0.65625 0.0703125 0.0609375
128 0.2015625 0.628125 0.0640625 0.0640625
