128 0.45625 0.4296875 0.06875 0.0671875
128 0.4203125 0.4875 0.065625 0.0625
128 0.3609375 0.4921875 0.046875 0.0578125
128 0.334375 0.546875 0.0671875 0.05
128 0.3046875 0.484375 0.0578125 0.0609375
128 0.265625 0.56875 0.065625 0.06875
128 0.278125 0.65 0.0734375 0.06875
128 0.3796875 0.6578125 0.0390625 0.040625
128 0.428125 0.6265625 0.06875 0.0703125
128 0.41875 0.553125 0.059375 0.0609375
128 0.490625 0.571875 0.078125 0.0796875
128 0.5125 0.48125 0.065625 0.075
128 0.5375 0.53125 0.0375 0.040625
128 0.5796875 0.4640625 0.05625 0.0640625
128 0.59375 0.5390625 0.0703125 0.06875
128 0.584375 0.6140625 0.06875 0.071875
