128 0.7359375 0.7046875 0.0734375 0.0640625
128 0.678125 0.690625 0.0359375 0.0421875
128 0.6953125 0.7484375 0.0640625 0.0640625
128 0.6328125 0.7625 0.078125 0.0359375
128 0.634375 0.7046875 0.05625 0.06875
128 0.625 0.6390625 0.0625 0.0625
128 0.5734375 0.5875 0.04375 0.05
128 0.525 0.5953125 0.0421875 0.040625
128 0.6390625 0.5703125 0.071875 0.065625
128 0.6921875 0.534375 0.0640625 0.0609375
128 0.628125 0.5 0.0609375 0.05625
128 0.678125 0.45625 0.0578125 0.053125
128 0.625 0.41875 0.0640625 0.0625
128 0.5578125 0.521875 0.0640625 0.0640625
128 0.54375 0.3984375 0.05625 0.053125
128 0.559375 0.45625 0.0609375 0.05625
128 0.4609375 0.590625 0.0625 0.0703125
128 0.4921875 0.4890625 0.0703125 0.0703125
128 0.4859375 0.4046875 0.0484375 0.065625
128 0.421875 0.49375 0.0625 0.05
128 0.4484375 0.4375 0.053125 0.0546875
128 0.3875 0.4015625 0.08125 0.0890625
128 0.3453125 0.4625 0.065625 0.059375
128 0.325 0.5203125 0.0640625 0.053125
128 0.3171875 0.584375 0.0609375 0.059375
128 0.396875 0.596875 0.0578125 0.05
128 0.3859375 0.640625 0.0359375 0.0375
128 0.3375 0.646875 0.0578125 0.0625
128 0.2546875 0.6109375 0.059375 0.0578125
128 0.2625 0.5265625 0.0453125 0.0484375
128 0.240625 0.46875 0.046875 0.040625
128 0.246875 0.4125 0.065625 0.065625
128 0.31875 0.2640625 0.075 0.0765625
