128 0.4609375 0.3578125 0.0640625 0.0546875
128 0.328125 0.45625 0.0609375 0.0625
128 0.38125 0.4890625 0.0625 0.0671875
128 0.3265625 0.51875 0.0625 0.0546875
128 0.303125 0.58125 0.05625 0.0625
128 0.334375 0.63125 0.0578125 0.059375
128 0.3734375 0.578125 0.0734375 0.0640625
128 0.43125 0.5390625 0.0640625 0.0703125
128 0.45 0.6125 0.09375 0.071875
128 0.49375 0.653125 0.0625 0.0671875
128 0.559375 0.6265625 0.06875 0.0671875
128 0.4953125 0.56875 0.0703125 0.0578125
128 0.4484375 0.48125 0.0609375 0.053125
128 0.509375 0.5078125 0.0640625 0.0609375
128 0.60625 0.575 0.0609375 0.06875
128 0.6671875 0.6328125 0.071875 0.0578125
128 0.671875 0.5625 0.065625 0.0671875
128 0.64375 0.5046875 0.059375 0.0546875
128 0.6609375 0.4375 0.075 0.065625
