128 0.4734375 0.3703125 0.075 0.0546875
128 0.590625 0.4625 0.071875 0.06875
128 0.2953125 0.478125 0.065625 0.071875
128 0.2640625 0.5671875 0.078125 0.075
128 0.2859375 0.6515625 0.065625 0.0796875
128 0.359375 0.653125 0.046875 0.0515625
128 0.3359375 0.5515625 0.0640625 0.0703125
128 0.3546875 0.5 0.040625 0.0515625
128 0.4859375 0.559375 0.0609375 0.0671875
128 0.5421875 0.5390625 0.03125 0.0421875
128 0.45625 0.4359375 0.0734375 0.0609375
128 0.3609375 0.43125 0.0765625 0.0703125
128 0.596875 0.5359375 0.0703125 0.071875
128 0.596875 0.628125 0.075 0.078125
128 0.503125 0.6359375 0.0765625 0.09375
128 0.41875 0.6375 0.0640625 0.078125
128 0.4234375 0.5671875 0.05 0.0703125
128 0.4171875 0.49375 0.0546875 0.0625
128 0.521875 0.4890625 0.0578125 0.0671875
