128 0.6515625 0.25625 0.0875 0.0734375
128 0.8078125 0.2953125 0.059375 0.075
128 0.7296875 0.25625 0.071875 0.075
128 0.7890625 0.3984375 0.0703125 0.06875
128 0.7296875 0.334375 0.0859375 0.0703125
128 0.7125 0.4078125 0.0796875 0.0734375
128 0.7 0.490625 0.0703125 0.0640625
128 0.6734375 0.553125 0.08125 0.053125
128 0.6390625 0.6171875 0.08125 0.05625
128 0.5953125 0.6671875 0.059375 0.065625
128 0.559375 0.725 0.0734375 0.0671875
128 0.4859375 0.7015625 0.075 0.0765625
128 0.428125 0.7421875 0.06875 0.0640625
128 0.4140625 0.6734375 0.065625 0.0625
128 0.51875 0.6515625 0.0640625 0.05625
128 0.4546875 0.60625 0.059375 0.0625
128 0.5203125 0.584375 0.053125 0.0578125
128 0.5875 0.559375 0.0640625 0.0578125
128 0.6296875 0.4875 0.053125 0.053125
128 0.55625 0.459375 0.078125 0.0609375
128 0.56875 0.3875 0.0546875 0.053125
128 0.625 0.34375 0.0625 0.053125
128 0.578125 0.3 0.06875 0.059375
128 0.6296875 0.41875 0.0609375 0.059375
128 0.509375 0.35 0.0546875 0.0625
128 0.4671875 0.4078125 0.0578125 0.0578125
128 0.434375 0.340625 0.0578125 0.06875
128 0.3546875 0.321875 0.0609375 0.0703125
128 0.290625 0.3328125 0.0671875 0.0703125
128 0.228125 0.2859375 0.0640625 0.06875
128 0.1859375 0.3421875 0.065625 0.0671875
128 0.24375 0.390625 0.0734375 0.065625
128 0.3296875 0.3921875 0.0640625 0.0609375
128 0.3984375 0.4078125 0.0578125 0.0609375
128 0.290625 0.509375 0.0703125 0.0640625
128 0.4171875 0.4859375 0.05625 0.0734375
128 0.353125 0.5265625 0.0578125 0.0578125
128 0.2 0.5921875 0.0671875 0.0828125
128 0.2546875 0.6359375 0.065625 0.0703125
128 0.325 0.653125 0.065625 0.06875
128 0.478125 0.471875 0.0640625 0.0515625
128 0.353125 0.4546875 0.065625 0.0671875
128 0.290625 0.44375 0.046875 0.059375
128 0.3984375 0.5671875 0.0609375 0.0578125
128 0.3359375 0.584375 0.059375 0.059375
128 0.2703125 0.56875 0.0546875 0.0609375
128 0.4625 0.54375 0.053125 0.05625
