128 0.3 0.253125 0.0703125 0.06875
128 0.259375 0.4125 0.0671875 0.0640625
128 0.2046875 0.45 0.0640625 0.059375
128 0.296875 0.50625 0.05625 0.0609375
128 0.328125 0.646875 0.065625 0.0671875
128 0.4828125 0.5203125 0.0609375 0.053125
128 0.4515625 0.4 0.0578125 0.059375
128 0.653125 0.546875 0.078125 0.0671875
128 0.6375 0.4859375 0.06875 0.0609375
128 0.4453125 0.5890625 0.0765625 0.0671875
128 0.378125 0.5734375 0.065625 0.0578125
128 0.359375 0.5125 0.05625 0.0671875
128 0.6546875 0.640625 0.0640625 0.0578125
128 0.578125 0.64375 0.0625 0.06875
128 0.5859375 0.5734375 0.065625 0.0609375
128 0.5609375 0.490625 0.0609375 0.065625
128 0.6609375 0.421875 0.0671875 0.065625
128 0.475 0.6453125 0.0625 0.05625
128 0.4046875 0.6453125 0.0578125 0.0640625
128 0.41875 0.528125 0.059375 0.0546875
128 0.4234375 0.45625 0.0671875 0.053125
128 0.3203125 0.4390625 0.0546875 0.0546875
128 0.4671875 0.340625 0.0625 0.0671875
