128 0.5359375 0.284375 0.0859375 0.096875
128 0.7328125 0.259375 0.0875 0.0703125
128 0.725 0.328125 0.065625 0.0734375
128 0.6703125 0.371875 0.08125 0.0765625
128 0.64375 0.4265625 0.0609375 0.0546875
128 0.646875 0.4875 0.071875 0.065625
128 0.5875 0.4625 0.0546875 0.0609375
128 0.6453125 0.665625 0.0734375 0.0734375
128 0.6328125 0.6 0.071875 0.0546875
128 0.5984375 0.5296875 0.06875 0.075
128 0.56875 0.6734375 0.071875 0.0734375
128 0.559375 0.6 0.0578125 0.059375
128 0.534375 0.5390625 0.0625 0.0640625
128 0.5109375 0.471875 0.06875 0.0703125
128 0.2421875 0.4 0.0796875 0.08125
128 0.31875 0.39375 0.0734375 0.0734375
128 0.4296875 0.471875 0.0609375 0.0640625
128 0.29375 0.4640625 0.0703125 0.05
128 0.2421875 0.4984375 0.0703125 0.059375
128 0.365625 0.46875 0.0609375 0.0625
128 0.2640625 0.5609375 0.0640625 0.0625
128 0.33125 0.528125 0.065625 0.0609375
128 0.325 0.59375 0.06875 0.0671875
128 0.30625 0.66875 0.0703125 0.06875
128 0.2640625 0.734375 0.0765625 0.0921875
128 0.36875 0.709375 0.0734375 0.071875
128 0.375 0.6421875 0.0625 0.06875
128 0.484375 0.596875 0.08125 0.0765625
128 0.4015625 0.5328125 0.0703125 0.06875
128 0.4703125 0.528125 0.05625 0.059375
128 0.5 0.6671875 0.0640625 0.0609375
128 0.4375 0.7015625 0.078125 0.0640625
128 0.440625 0.6375 0.0484375 0.05
