128 0.715625 0.2828125 0.0640625 0.071875
128 0.546875 0.3078125 0.0828125 0.0859375
128 0.3625 0.3859375 0.0671875 0.0609375
128 0.4578125 0.39375 0.065625 0.08125
128 0.5203125 0.3921875 0.0484375 0.0671875
128 0.5796875 0.38125 0.05 0.0546875
128 0.6578125 0.3375 0.0703125 0.075
128 0.6421875 0.403125 0.0671875 0.05
128 0.6640625 0.4671875 0.0640625 0.053125
128 0.5796875 0.45 0.0609375 0.0625
128 0.5125 0.459375 0.0546875 0.0546875
128 0.45 0.478125 0.059375 0.053125
128 0.3984375 0.4375 0.05 0.0453125
128 0.275 0.425 0.0765625 0.0609375
128 0.3453125 0.4671875 0.053125 0.0578125
128 0.2265625 0.484375 0.0625 0.0625
128 0.290625 0.5046875 0.0546875 0.0578125
128 0.35 0.534375 0.05625 0.071875
128 0.4125 0.5328125 0.05 0.0515625
128 0.4859375 0.5328125 0.0609375 0.0578125
128 0.546875 0.5140625 0.0453125 0.05
128 0.6078125 0.5078125 0.05625 0.0484375
128 0.68125 0.5265625 0.0578125 0.0640625
128 0.634375 0.5765625 0.06875 0.06875
128 0.5640625 0.56875 0.059375 0.05625
128 0.4796875 0.5953125 0.06875 0.0609375
128 0.4109375 0.603125 0.0640625 0.0625
128 0.24375 0.5578125 0.0640625 0.06875
128 0.3125 0.590625 0.0671875 0.059375
128 0.2375 0.6234375 0.065625 0.0546875
128 0.14375 0.684375 0.0734375 0.0765625
128 0.2234375 0.7046875 0.05625 0.08125
128 0.2859375 0.740625 0.053125 0.0671875
128 0.2875 0.675 0.0546875 0.0578125
128 0.35625 0.6453125 0.0578125 0.0671875
128 0.353125 0.7203125 0.05 0.059375
128 0.4140625 0.746875 0.0609375 0.0578125
128 0.41875 0.678125 0.0609375 0.0703125
128 0.4828125 0.6515625 0.053125 0.053125
128 0.471875 0.721875 0.0546875 0.0625
128 0.5375 0.6984375 0.05 0.0546875
128 0.603125 0.6359375 0.046875 0.0546875
128 0.5453125 0.634375 0.0625 0.05625
128 0.5796875 0.7484375 0.0703125 0.0640625
128 0.5140625 0.7625 0.059375 0.034375
