128 0.5734375 0.3296875 0.0640625 0.0765625
128 0.7640625 0.41875 0.071875 0.059375
128 0.65 0.4453125 0.075 0.0765625
128 0.6546875 0.5203125 0.0734375 0.0609375
128 0.346875 0.3890625 0.0734375 0.075
128 0.28125 0.5671875 0.075 0.053125
128 0.296875 0.63125 0.0734375 0.06875
128 0.4375 0.55 0.059375 0.0515625
128 0.4046875 0.5859375 0.040625 0.0359375
128 0.4734375 0.65625 0.0734375 0.078125
128 0.528125 0.615625 0.05625 0.05625
128 0.528125 0.665625 0.0453125 0.0375
128 0.64375 0.5859375 0.06875 0.0625
128 0.7359375 0.56875 0.0453125 0.0453125
128 0.7078125 0.625 0.0515625 0.053125
128 0.5953125 0.7140625 0.06875 0.075
128 0.3421875 0.5234375 0.084375 0.0765625
128 0.39375 0.4640625 0.0765625 0.078125
128 0.7125 0.3859375 0.0546875 0.0484375
128 0.434375 0.303125 0.0765625 0.0796875
128 0.453125 0.240625 0.06875 0.040625
128 0.7765625 0.340625 0.0828125 0.08125
128 0.271875 0.409375 0.075 0.0734375
128 0.2921875 0.4703125 0.065625 0.05625
128 0.496875 0.5265625 0.0625 0.0640625
128 0.4734375 0.5875 0.0625 0.0546875
128 0.5703125 0.571875 0.06875 0.0671875
128 0.5828125 0.6421875 0.0625 0.0640625
128 0.6515625 0.6546875 0.0609375 0.0609375
128 0.4109375 0.6546875 0.0671875 0.06875
128 0.4640625 0.734375 0.078125 0.084375
