128 0.5125 0.396875 0.05625 0.0640625
128 0.453125 0.434375 0.059375 0.06875
128 0.4515625 0.5015625 0.059375 0.0546875
128 0.428125 0.559375 0.0640625 0.065625
128 0.3546875 0.4609375 0.0625 0.0484375
128 0.275 0.4796875 0.08125 0.0765625
128 0.3171875 0.525 0.040625 0.0359375
128 0.328125 0.578125 0.0765625 0.0609375
128 0.2625 0.603125 0.075 0.0625
128 0.25 0.671875 0.0875 0.0734375
128 0.190625 0.725 0.078125 0.0734375
128 0.3265625 0.6421875 0.0625 0.0578125
128 0.3921875 0.6296875 0.0671875 0.065625
128 0.475 0.628125 0.0640625 0.0625
128 0.371875 0.5203125 0.075 0.065625
128 0.51875 0.4640625 0.065625 0.0671875
128 0.4890625 0.5609375 0.06875 0.0703125
128 0.5453125 0.6234375 0.065625 0.0703125
128 0.6078125 0.5953125 0.0609375 0.0640625
128 0.553125 0.528125 0.0625 0.0625
128 0.584375 0.4671875 0.0484375 0.0625
128 0.621875 0.5296875 0.0609375 0.0578125
128 0.6578125 0.48125 0.0671875 0.06875
