128 0.546875 0.3078125 0.0984375 0.071875
128 0.521875 0.3984375 0.0609375 0.0625
128 0.653125 0.40625 0.084375 0.046875
128 0.4546875 0.396875 0.0828125 0.0609375
128 0.453125 0.4765625 0.071875 0.059375
128 0.5625 0.5765625 0.065625 0.05
128 0.5109375 0.459375 0.0796875 0.0671875
128 0.3625 0.390625 0.0609375 0.0484375
128 0.284375 0.41875 0.0984375 0.059375
128 0.6390625 0.5875 0.071875 0.08125
128 0.3515625 0.5390625 0.0734375 0.0640625
128 0.421875 0.540625 0.0609375 0.0515625
128 0.490625 0.5328125 0.071875 0.065625
128 0.7203125 0.2890625 0.0921875 0.08125
128 0.290625 0.5046875 0.059375 0.0734375
128 0.140625 0.6796875 0.1015625 0.0890625
128 0.2203125 0.4859375 0.0953125 0.0734375
128 0.6140625 0.6453125 0.0890625 0.071875
128 0.684375 0.534375 0.084375 0.059375
128 0.6625 0.4671875 0.0703125 0.053125
128 0.5765625 0.4515625 0.0796875 0.0796875
128 0.609375 0.5015625 0.08125 0.075
128 0.5453125 0.509375 0.0875 0.065625
128 0.4078125 0.440625 0.0625 0.05
128 0.3453125 0.4796875 0.0828125 0.0828125
128 0.234375 0.5609375 0.078125 0.0515625
128 0.3109375 0.5921875 0.0875 0.071875
128 0.2375 0.621875 0.128125 0.065625
128 0.2984375 0.6703125 0.0890625 0.0625
128 0.4109375 0.5921875 0.0875 0.078125
128 0.4796875 0.5984375 0.0625 0.08125
128 0.54375 0.634375 0.0671875 0.0890625
128 0.2234375 0.7109375 0.075 0.090625
128 0.2875 0.74375 0.0796875 0.065625
128 0.4171875 0.7484375 0.0703125 0.065625
128 0.353125 0.715625 0.0796875 0.0625
128 0.3578125 0.6453125 0.0921875 0.0671875
128 0.415625 0.6796875 0.0875 0.08125
128 0.4734375 0.725 0.071875 0.0765625
128 0.540625 0.703125 0.0890625 0.0609375
128 0.5796875 0.7546875 0.0796875 0.0515625
128 0.6546875 0.3328125 0.1109375 0.09375
128 0.58125 0.3703125 0.090625 0.075
128 0.484375 0.659375 0.065625 0.0625
