128 0.3515625 0.3171875 0.0921875 0.0953125
128 0.5046875 0.328125 0.090625 0.078125
128 0.6375 0.34375 0.071875 0.0828125
128 0.83125 0.43125 0.0875 0.1
128 0.7890625 0.7171875 0.078125 0.075
128 0.58125 0.65625 0.0859375 0.0859375
128 0.596875 0.5421875 0.06875 0.0703125
128 0.46875 0.5328125 0.0765625 0.0625
128 0.4203125 0.5859375 0.0734375 0.078125
128 0.49375 0.5953125 0.059375 0.0734375
128 0.534375 0.4421875 0.0875 0.0953125
128 0.3734375 0.4671875 0.0953125 0.0921875
128 0.703125 0.40625 0.0734375 0.059375
128 0.834375 0.571875 0.090625 0.0890625
128 0.6984375 0.5546875 0.08125 0.0921875
128 0.7125 0.7203125 0.06875 0.084375
128 0.3109375 0.6890625 0.0796875 0.0859375
128 0.453125 0.7515625 0.0765625 0.0578125
