128 0.2625 0.4546875 0.0609375 0.059375
128 0.4046875 0.3984375 0.059375 0.05
128 0.49375 0.3875 0.0421875 0.0515625
128 0.3265625 0.428125 0.0484375 0.0453125
128 0.6328125 0.4984375 0.05625 0.05625
128 0.5390625 0.44375 0.0578125 0.0546875
128 0.38125 0.4640625 0.0578125 0.0515625
128 0.3203125 0.496875 0.05625 0.0546875
128 0.440625 0.4984375 0.0515625 0.0546875
128 0.5015625 0.4921875 0.046875 0.0640625
128 0.5609375 0.503125 0.046875 0.0578125
128 0.659375 0.5671875 0.0640625 0.0703125
128 0.5890625 0.5546875 0.0421875 0.05625
128 0.5265625 0.559375 0.053125 0.053125
128 0.4640625 0.546875 0.0546875 0.05
128 0.3828125 0.534375 0.065625 0.05625
128 0.3234375 0.5578125 0.05625 0.046875
128 0.409375 0.5890625 0.059375 0.0453125
128 0.346875 0.6140625 0.046875 0.0390625
128 0.45625 0.6359375 0.0625 0.0625
128 0.3953125 0.65625 0.059375 0.05625
128 0.5234375 0.65625 0.053125 0.065625
128 0.459375 0.4390625 0.05 0.046875
128 0.571875 0.6140625 0.0578125 0.0546875
