128 0.721875 0.309375 0.084375 0.0875
128 0.6328125 0.29375 0.075 0.0828125
128 0.3421875 0.2671875 0.109375 0.096875
128 0.2046875 0.2609375 0.0765625 0.0515625
128 0.228125 0.3125 0.0734375 0.0578125
128 0.340625 0.3546875 0.08125 0.075
128 0.2546875 0.3828125 0.0859375 0.084375
128 0.209375 0.4359375 0.05625 0.0703125
128 0.4859375 0.4171875 0.0734375 0.0859375
128 0.5859375 0.403125 0.0625 0.0671875
128 0.565625 0.3296875 0.065625 0.0796875
128 0.7390625 0.4078125 0.06875 0.0703125
128 0.790625 0.465625 0.06875 0.0796875
128 0.7171875 0.475 0.0703125 0.0671875
128 0.671875 0.425 0.06875 0.0671875
128 0.6171875 0.4609375 0.0828125 0.0828125
128 0.74375 0.5375 0.06875 0.0765625
128 0.7 0.5875 0.071875 0.0671875
128 0.7390625 0.6640625 0.078125 0.090625
128 0.7359375 0.746875 0.1015625 0.0640625
128 0.609375 0.7203125 0.090625 0.078125
128 0.584375 0.640625 0.071875 0.078125
128 0.6640625 0.640625 0.0671875 0.078125
128 0.6109375 0.5796875 0.0703125 0.075
128 0.6578125 0.5234375 0.0609375 0.0671875
128 0.5734375 0.5140625 0.05625 0.0625
128 0.5453125 0.465625 0.0640625 0.0515625
128 0.50625 0.521875 0.06875 0.0703125
128 0.5484375 0.5703125 0.0640625 0.0578125
128 0.4859375 0.5875 0.0578125 0.0546875
128 0.5109375 0.640625 0.065625 0.0640625
128 0.4734375 0.7109375 0.0671875 0.065625
128 0.4421875 0.640625 0.06875 0.0578125
128 0.396875 0.596875 0.0546875 0.053125
128 0.3875 0.68125 0.0703125 0.0734375
128 0.3234375 0.7171875 0.0640625 0.078125
128 0.3265625 0.640625 0.0625 0.065625
128 0.25625 0.6203125 0.071875 0.0625
128 0.3 0.5734375 0.0703125 0.0671875
128 0.378125 0.5296875 0.0453125 0.05
128 0.44375 0.54375 0.0578125 0.0609375
128 0.4359375 0.478125 0.071875 0.08125
128 0.3875 0.415625 0.0578125 0.059375
128 0.3203125 0.428125 0.0703125 0.0703125
128 0.2734375 0.478125 0.0578125 0.053125
128 0.3640625 0.4796875 0.0546875 0.0515625
128 0.31875 0.5171875 0.0625 0.0578125
128 0.6421875 0.3703125 0.0703125 0.0703125
