128 0.465625 0.36875 0.0796875 0.1
128 0.6453125 0.478125 0.103125 0.1015625
128 0.2515625 0.5328125 0.046875 0.053125
128 0.1875 0.5984375 0.103125 0.0859375
128 0.29375 0.5421875 0.04375 0.0453125
128 0.3609375 0.61875 0.059375 0.065625
128 0.5265625 0.5984375 0.0453125 0.0484375
128 0.384375 0.453125 0.0859375 0.0609375
128 0.5046875 0.4984375 0.059375 0.053125
128 0.4578125 0.45625 0.0546875 0.059375
128 0.584375 0.603125 0.0671875 0.0609375
128 0.553125 0.54375 0.06875 0.053125
128 0.4796875 0.5671875 0.0609375 0.0609375
128 0.4296875 0.6078125 0.0625 0.05
128 0.4453125 0.675 0.0578125 0.059375
128 0.3484375 0.521875 0.075 0.065625
128 0.290625 0.6125 0.0765625 0.06875
128 0.2375 0.740625 0.0890625 0.071875
128 0.2328125 0.66875 0.0546875 0.05625
128 0.3390625 0.6953125 0.0734375 0.0828125
128 0.428125 0.509375 0.0578125 0.0546875
