128 0.59375 0.2765625 0.0734375 0.0859375
128 0.49375 0.2890625 0.0703125 0.0828125
128 0.4234375 0.2640625 0.06875 0.0828125
128 0.375 0.31875 0.0671875 0.071875
128 0.353125 0.3859375 0.0703125 0.0734375
128 0.271875 0.4 0.0671875 0.0734375
128 0.2046875 0.4203125 0.06875 0.075
128 0.56875 0.3421875 0.0703125 0.071875
128 0.50625 0.3703125 0.0703125 0.0640625
128 0.4375 0.3625 0.0640625 0.0671875
128 0.5078125 0.4390625 0.0625 0.0671875
128 0.421875 0.425 0.0609375 0.0546875
128 0.396875 0.4875 0.059375 0.053125
128 0.3328125 0.4625 0.0578125 0.053125
128 0.271875 0.4703125 0.05 0.046875
128 0.2109375 0.4953125 0.0703125 0.0625
128 0.1546875 0.5484375 0.0640625 0.065625
128 0.225 0.5609375 0.0546875 0.05
128 0.178125 0.6140625 0.0796875 0.0640625
128 0.1296875 0.675 0.0625 0.0640625
128 0.1125 0.740625 0.084375 0.0609375
128 0.1890625 0.746875 0.0578125 0.06875
128 0.2125 0.6875 0.0546875 0.0515625
128 0.2671875 0.628125 0.078125 0.0578125
128 0.2859375 0.5796875 0.0515625 0.065625
128 0.30625 0.521875 0.0546875 0.0515625
128 0.3640625 0.5421875 0.0484375 0.0609375
128 0.346875 0.6078125 0.0640625 0.0625
128 0.346875 0.6734375 0.059375 0.0671875
128 0.2828125 0.6859375 0.065625 0.0625
128 0.2609375 0.75 0.0859375 0.0609375
128 0.3546875 0.7453125 0.0765625 0.0703125
128 0.4140625 0.690625 0.071875 0.071875
128 0.4078125 0.6171875 0.06875 0.065625
128 0.4296875 0.5484375 0.05625 0.0515625
128 0.490625 0.5671875 0.0546875 0.06875
128 0.475 0.4890625 0.0640625 0.0640625
128 0.540625 0.528125 0.0640625 0.0625
128 0.5953125 0.4765625 0.0578125 0.065625
128 0.5671875 0.409375 0.0640625 0.0609375
128 0.6625 0.4703125 0.06875 0.0671875
128 0.478125 0.6296875 0.0515625 0.046875
128 0.584375 0.578125 0.046875 0.0609375
128 0.628125 0.5265625 0.053125 0.046875
128 0.6578125 0.5890625 0.0640625 0.0640625
128 0.725 0.6046875 0.0578125 0.0640625
128 0.684375 0.659375 0.059375 0.0609375
128 0.7515625 0.696875 0.0609375 0.0609375
128 0.696875 0.7421875 0.0703125 0.0625
128 0.590625 0.7375 0.059375 0.059375
128 0.51875 0.7515625 0.0609375 0.0578125
128 0.446875 0.7546875 0.046875 0.053125
128 0.4875 0.6890625 0.053125 0.0625
128 0.553125 0.6921875 0.0453125 0.0578125
128 0.54375 0.621875 0.05 0.05625
128 0.615625 0.64375 0.053125 0.0609375
128 0.6328125 0.7046875 0.0578125 0.046875
