128 0.4453125 0.41875 0.11875 0.0828125
128 0.7453125 0.3578125 0.0859375 0.078125
128 0.690625 0.40625 0.0828125 0.0515625
128 0.309375 0.6953125 0.09375 0.084375
128 0.4515625 0.715625 0.1015625 0.084375
128 0.696875 0.55 0.0765625 0.0796875
128 0.609375 0.5515625 0.0796875 0.0546875
128 0.378125 0.521875 0.0765625 0.065625
128 0.8375 0.44375 0.0921875 0.090625
128 0.6484375 0.334375 0.0984375 0.08125
128 0.26875 0.4640625 0.0859375 0.103125
128 0.3390625 0.453125 0.0796875 0.0625
128 0.55625 0.61875 0.0828125 0.078125
128 0.5765625 0.484375 0.1 0.0828125
128 0.728125 0.7515625 0.10625 0.059375
128 0.7203125 0.4734375 0.0859375 0.0640625
128 0.4515625 0.4921875 0.0765625 0.053125
