128 0.4625 0.4859375 0.0625 0.059375
128 0.746875 0.359375 0.075 0.078125
128 0.6921875 0.403125 0.05625 0.053125
128 0.690625 0.5453125 0.078125 0.0734375
128 0.5796875 0.4796875 0.0609375 0.0515625
128 0.4921875 0.728125 0.0703125 0.0859375
128 0.3 0.671875 0.0828125 0.090625
128 0.26875 0.4625 0.0828125 0.0875
128 0.3453125 0.4921875 0.0734375 0.0796875
128 0.40625 0.4625 0.053125 0.071875
128 0.5125 0.4328125 0.0734375 0.0671875
128 0.6484375 0.340625 0.0828125 0.0703125
128 0.828125 0.44375 0.0875 0.0890625
128 0.80625 0.5453125 0.0734375 0.0671875
128 0.759375 0.5984375 0.078125 0.05625
128 0.6859375 0.6453125 0.0859375 0.0640625
128 0.7296875 0.753125 0.0890625 0.053125
128 0.4921875 0.6046875 0.0921875 0.0859375
128 0.4109375 0.64375 0.0796875 0.0734375
128 0.378125 0.70625 0.071875 0.065625
128 0.6 0.540625 0.078125 0.065625
