128 0.4109375 0.4796875 0.0578125 0.0609375
128 0.60625 0.578125 0.0640625 0.0671875
128 0.665625 0.6640625 0.0796875 0.0765625
128 0.7046875 0.3890625 0.0765625 0.06875
128 0.515625 0.3796875 0.0640625 0.0703125
128 0.571875 0.4203125 0.0640625 0.06875
128 0.6421875 0.434375 0.06875 0.06875
128 0.5765625 0.5 0.0625 0.065625
128 0.4890625 0.465625 0.06875 0.065625
128 0.45625 0.528125 0.065625 0.06875
128 0.4140625 0.590625 0.065625 0.0671875
128 0.484375 0.59375 0.0609375 0.075
128 0.525 0.5328125 0.059375 0.08125
128 0.55 0.59375 0.059375 0.0703125
128 0.6546875 0.5203125 0.078125 0.08125
128 0.6859375 0.5921875 0.071875 0.0734375
