128 0.71875 0.275 0.0890625 0.08125
128 0.7015625 0.3453125 0.0734375 0.078125
128 0.6328125 0.3796875 0.0875 0.071875
128 0.7 0.4234375 0.0625 0.0765625
128 0.625 0.4484375 0.0578125 0.065625
128 0.684375 0.4984375 0.075 0.075
128 0.6140625 0.5359375 0.0796875 0.0765625
128 0.6984375 0.56875 0.06875 0.059375
128 0.684375 0.63125 0.09375 0.0671875
128 0.603125 0.6078125 0.0609375 0.0578125
128 0.69375 0.7078125 0.059375 0.071875
128 0.6359375 0.7515625 0.0671875 0.0578125
128 0.6234375 0.6875 0.075 0.0796875
128 0.55625 0.6640625 0.0625 0.0578125
128 0.5375 0.596875 0.0515625 0.0578125
128 0.5265625 0.5265625 0.0609375 0.0734375
128 0.55625 0.453125 0.0859375 0.08125
128 0.559375 0.6609375 0.0609375 0.05625
128 0.559375 0.7328125 0.0640625 0.0625
128 0.4859375 0.7265625 0.0609375 0.075
128 0.4921875 0.659375 0.0609375 0.065625
128 0.4671875 0.5953125 0.0609375 0.05625
128 0.4546875 0.53125 0.059375 0.0625
128 0.475 0.475 0.0578125 0.0546875
128 0.4546875 0.4046875 0.0765625 0.078125
128 0.409375 0.4765625 0.0625 0.05625
128 0.3875 0.540625 0.0640625 0.0609375
128 0.4046875 0.5984375 0.0546875 0.0578125
128 0.371875 0.6640625 0.0515625 0.0578125
128 0.328125 0.625 0.0625 0.0578125
128 0.315625 0.5640625 0.065625 0.053125
128 0.328125 0.4953125 0.0640625 0.0765625
128 0.3546875 0.425 0.0625 0.0734375
128 0.290625 0.6953125 0.071875 0.0671875
128 0.240625 0.646875 0.071875 0.0671875
128 0.1875 0.6984375 0.065625 0.0609375
128 0.2359375 0.7390625 0.075 0.059375
128 0.3015625 0.75625 0.06875 0.05
128 0.3578125 0.7234375 0.075 0.0609375
128 0.30625 0.371875 0.0703125 0.0625
128 0.28125 0.4375 0.0671875 0.071875
128 0.26875 0.521875 0.065625 0.053125
128 0.253125 0.584375 0.0640625 0.0640625
128 0.221875 0.478125 0.0640625 0.0609375
128 0.2125 0.41875 0.06875 0.0625
128 0.234375 0.3578125 0.075 0.06875
128 0.1578125 0.3390625 0.0703125 0.0671875
128 0.2140625 0.2890625 0.0765625 0.075
