128 0.371875 0.4671875 0.09375 0.0875
128 0.53125 0.4421875 0.0734375 0.0875
128 0.8359375 0.5671875 0.09375 0.0953125
128 0.6953125 0.3984375 0.0609375 0.05
128 0.6859375 0.5453125 0.1140625 0.0875
128 0.709375 0.7140625 0.0796875 0.0828125
128 0.4484375 0.7453125 0.0671875 0.0640625
128 0.3046875 0.6828125 0.075 0.08125
128 0.2734375 0.465625 0.078125 0.0875
128 0.346875 0.315625 0.0828125 0.0921875
128 0.5015625 0.3234375 0.084375 0.08125
128 0.634375 0.346875 0.0765625 0.075
128 0.8265625 0.4390625 0.0671875 0.075
128 0.7484375 0.6359375 0.0859375 0.084375
128 0.79375 0.7109375 0.0828125 0.08125
128 0.475 0.546875 0.08125 0.08125
128 0.375 0.709375 0.071875 0.06875
