128 0.709375 0.2953125 0.0890625 0.0609375
128 0.45625 0.2609375 0.084375 0.0734375
128 0.353125 0.33125 0.065625 0.0671875
128 0.1453125 0.4921875 0.0796875 0.08125
128 0.19375 0.434375 0.0625 0.0671875
128 0.3109375 0.428125 0.0640625 0.0546875
128 0.2515625 0.3859375 0.053125 0.0671875
128 0.2578125 0.46875 0.0609375 0.0703125
128 0.3578125 0.3984375 0.0640625 0.0484375
128 0.5375 0.303125 0.059375 0.0640625
128 0.625 0.3328125 0.0578125 0.0640625
128 0.690625 0.3578125 0.0578125 0.065625
128 0.5671875 0.3765625 0.0546875 0.05
128 0.5015625 0.3703125 0.05 0.05
128 0.415625 0.3671875 0.0546875 0.059375
128 0.6296875 0.40625 0.059375 0.05625
128 0.6734375 0.4703125 0.059375 0.065625
128 0.6078125 0.475 0.059375 0.059375
128 0.5390625 0.4296875 0.0515625 0.0453125
128 0.4875 0.4734375 0.0578125 0.0515625
128 0.55 0.5171875 0.05625 0.0625
128 0.459375 0.4171875 0.065625 0.046875
128 0.3984375 0.453125 0.0578125 0.0515625
128 0.3453125 0.484375 0.0578125 0.0515625
128 0.290625 0.528125 0.0640625 0.05625
128 0.4078125 0.5140625 0.0609375 0.0484375
128 0.46875 0.528125 0.046875 0.0578125
128 0.6171875 0.534375 0.0609375 0.0578125
128 0.56875 0.58125 0.0609375 0.0625
128 0.7 0.659375 0.1015625 0.08125
128 0.6125 0.6359375 0.05625 0.0625
128 0.5453125 0.6453125 0.0546875 0.0578125
128 0.553125 0.7203125 0.0859375 0.0828125
128 0.4828125 0.6 0.05625 0.0671875
128 0.421875 0.5765625 0.0578125 0.0484375
128 0.30625 0.59375 0.059375 0.0515625
128 0.2375 0.6109375 0.0625 0.0640625
128 0.175 0.6484375 0.0640625 0.065625
128 0.25 0.6765625 0.059375 0.0625
128 0.321875 0.6578125 0.0609375 0.0578125
128 0.375 0.6125 0.0546875 0.0609375
128 0.4265625 0.653125 0.0546875 0.04375
128 0.4875 0.665625 0.05 0.046875
128 0.4484375 0.7140625 0.071875 0.065625
128 0.3765625 0.7078125 0.0515625 0.059375
128 0.3078125 0.7265625 0.065625 0.0765625
