128 0.253125 0.2953125 0.0734375 0.0578125
128 0.665625 0.2859375 0.0734375 0.0734375
128 0.7421875 0.3140625 0.0578125 0.0578125
128 0.7421875 0.4 0.0625 0.0703125
128 0.6765625 0.3640625 0.059375 0.0609375
128 0.5828125 0.3296875 0.0609375 0.065625
128 0.5171875 0.3625 0.0609375 0.0578125
128 0.459375 0.3359375 0.0484375 0.0578125
128 0.3890625 0.3625 0.0703125 0.078125
128 0.303125 0.35 0.0609375 0.05625
128 0.2328125 0.3734375 0.0640625 0.0703125
128 0.1765625 0.4140625 0.05625 0.0546875
128 0.240625 0.45 0.0546875 0.05625
128 0.3296875 0.4171875 0.0671875 0.0609375
128 0.459375 0.396875 0.0671875 0.05625
128 0.55625 0.4140625 0.053125 0.059375
128 0.6203125 0.3921875 0.0515625 0.0515625
128 0.6828125 0.43125 0.065625 0.0546875
128 0.6234375 0.465625 0.075 0.0671875
128 0.709375 0.4953125 0.065625 0.059375
128 0.55 0.49375 0.05 0.0546875
128 0.484375 0.5125 0.05625 0.0546875
128 0.4328125 0.4625 0.05625 0.0609375
128 0.50625 0.45 0.05 0.046875
128 0.371875 0.4734375 0.0578125 0.0484375
128 0.3046875 0.48125 0.0546875 0.053125
128 0.1796875 0.4828125 0.0609375 0.046875
128 0.240625 0.521875 0.05625 0.065625
128 0.171875 0.5515625 0.053125 0.0578125
128 0.35 0.5390625 0.0578125 0.0640625
128 0.2890625 0.565625 0.0515625 0.046875
128 0.225 0.60625 0.0625 0.065625
128 0.178125 0.665625 0.075 0.0625
128 0.2578125 0.703125 0.0671875 0.075
128 0.2875 0.6296875 0.0515625 0.05
128 0.3453125 0.5953125 0.05625 0.0640625
128 0.325 0.68125 0.0609375 0.065625
128 0.4203125 0.5375 0.0625 0.05625
128 0.4765625 0.578125 0.0671875 0.05625
128 0.5375 0.5609375 0.0609375 0.059375
128 0.6 0.5375 0.0546875 0.0484375
128 0.6640625 0.546875 0.0609375 0.0640625
128 0.396875 0.63125 0.053125 0.059375
128 0.384375 0.715625 0.0578125 0.0671875
128 0.5515625 0.628125 0.0546875 0.059375
128 0.49375 0.6359375 0.0453125 0.0515625
128 0.44375 0.6734375 0.0515625 0.0515625
128 0.4625 0.740625 0.0578125 0.0640625
128 0.525 0.6953125 0.0640625 0.0609375
128 0.5921875 0.6859375 0.0609375 0.06875
128 0.6125 0.753125 0.0671875 0.05625
128 0.690625 0.728125 0.0765625 0.08125
128 0.6109375 0.6046875 0.065625 0.0671875
128 0.6734375 0.65 0.065625 0.0734375
