128 0.5109375 0.3296875 0.08125 0.0859375
128 0.4171875 0.5890625 0.0734375 0.0765625
128 0.4703125 0.5359375 0.0640625 0.065625
128 0.6015625 0.5421875 0.0640625 0.071875
128 0.49375 0.59375 0.0640625 0.0640625
128 0.5796875 0.6546875 0.075 0.071875
128 0.7875 0.709375 0.075 0.078125
128 0.8296875 0.4359375 0.06875 0.071875
128 0.5328125 0.4375 0.0765625 0.0734375
128 0.3703125 0.4640625 0.0671875 0.0640625
128 0.7 0.4046875 0.0625 0.0578125
128 0.6953125 0.546875 0.078125 0.0734375
128 0.8375 0.565625 0.08125 0.0671875
128 0.7140625 0.71875 0.0671875 0.084375
128 0.309375 0.6859375 0.0734375 0.0703125
128 0.453125 0.7546875 0.06875 0.053125
