128 0.4640625 0.365625 0.0484375 0.034375
128 0.4546875 0.43125 0.0703125 0.0671875
128 0.41875 0.4875 0.065625 0.065625
128 0.3640625 0.4921875 0.0453125 0.053125
128 0.30625 0.484375 0.059375 0.0625
128 0.265625 0.5671875 0.0640625 0.0734375
128 0.278125 0.65 0.06875 0.0640625
128 0.3375 0.5453125 0.071875 0.0546875
128 0.378125 0.65625 0.040625 0.040625
128 0.4296875 0.6234375 0.06875 0.065625
128 0.4203125 0.553125 0.0578125 0.0625
128 0.4921875 0.571875 0.0765625 0.078125
128 0.5125 0.48125 0.0625 0.071875
128 0.5375 0.5328125 0.0359375 0.04375
128 0.578125 0.4671875 0.053125 0.0671875
128 0.5953125 0.5375 0.065625 0.06875
128 0.58125 0.6125 0.0625 0.0671875
