128 0.725 0.2671875 0.0890625 0.0796875
128 0.25 0.3625 0.08125 0.06875
128 0.3796875 0.34375 0.0578125 0.05625
128 0.4859375 0.3640625 0.053125 0.0609375
128 0.70625 0.340625 0.0640625 0.0640625
128 0.6390625 0.3765625 0.0578125 0.0640625
128 0.715625 0.4125 0.065625 0.06875
128 0.6484375 0.44375 0.0578125 0.0515625
128 0.5828125 0.459375 0.059375 0.0640625
128 0.5328125 0.4140625 0.0546875 0.0453125
128 0.46875 0.4359375 0.04375 0.04375
128 0.4265625 0.3921875 0.04375 0.05
128 0.35 0.4078125 0.0625 0.0609375
128 0.259375 0.43125 0.0734375 0.05625
128 0.2578125 0.4984375 0.0578125 0.0515625
128 0.3296875 0.471875 0.059375 0.0546875
128 0.3984375 0.45 0.05 0.0578125
128 0.5125 0.4765625 0.05625 0.053125
128 0.3828125 0.5171875 0.05625 0.0546875
128 0.4484375 0.490625 0.053125 0.053125
128 0.321875 0.55 0.06875 0.0546875
128 0.253125 0.5671875 0.059375 0.0484375
128 0.6203125 0.515625 0.0546875 0.053125
128 0.69375 0.503125 0.071875 0.0703125
128 0.55625 0.5265625 0.05625 0.0625
128 0.490625 0.5375 0.05 0.05
128 0.4375 0.559375 0.05 0.053125
128 0.3421875 0.6078125 0.059375 0.05625
128 0.275 0.634375 0.0734375 0.0703125
128 0.409375 0.6265625 0.0609375 0.059375
128 0.475 0.6125 0.053125 0.053125
128 0.671875 0.5703125 0.053125 0.0578125
128 0.6015625 0.5734375 0.0546875 0.053125
128 0.5375 0.59375 0.053125 0.0515625
128 0.18125 0.70625 0.0640625 0.0609375
128 0.24375 0.74375 0.0546875 0.0625
128 0.2984375 0.6984375 0.05 0.0515625
128 0.371875 0.6890625 0.065625 0.0671875
128 0.4484375 0.68125 0.0546875 0.0703125
128 0.5234375 0.659375 0.0515625 0.0578125
128 0.5921875 0.6390625 0.05 0.05625
128 0.6578125 0.653125 0.0625 0.0625
128 0.690625 0.7265625 0.0734375 0.0640625
128 0.58125 0.7125 0.0609375 0.0734375
128 0.5125 0.7296875 0.0625 0.071875
128 0.340625 0.753125 0.0640625 0.0546875
