128 0.5640625 0.4703125 0.0703125 0.0796875
128 0.75 0.3625 0.0875 0.0734375
128 0.6953125 0.54375 0.096875 0.0796875
128 0.4703125 0.740625 0.0796875 0.075
128 0.2984375 0.6734375 0.0890625 0.0890625
128 0.440625 0.4703125 0.0875 0.075
128 0.696875 0.403125 0.05625 0.0609375
128 0.8296875 0.4421875 0.096875 0.1
128 0.3546875 0.321875 0.115625 0.1015625
128 0.503125 0.3296875 0.103125 0.1125
128 0.6515625 0.334375 0.0796875 0.0796875
128 0.26875 0.4671875 0.084375 0.0734375
128 0.346875 0.4921875 0.0875 0.09375
128 0.478125 0.5484375 0.071875 0.0828125
128 0.60625 0.584375 0.1015625 0.09375
128 0.4078125 0.590625 0.0953125 0.0765625
128 0.3796875 0.7078125 0.0875 0.065625
