128 0.53125 0.3953125 0.0515625 0.0640625
128 0.4484375 0.4046875 0.0390625 0.046875
128 0.403125 0.440625 0.0375 0.040625
128 0.35 0.446875 0.0609375 0.0484375
128 0.384375 0.4828125 0.04375 0.040625
128 0.284375 0.484375 0.08125 0.0796875
128 0.2828125 0.5640625 0.0765625 0.0671875
128 0.3453125 0.525 0.040625 0.0484375
128 0.1984375 0.5734375 0.075 0.0703125
128 0.2203125 0.65625 0.0828125 0.084375
128 0.1890625 0.721875 0.08125 0.0671875
128 0.290625 0.6265625 0.059375 0.0578125
128 0.3625 0.6671875 0.0671875 0.065625
128 0.3515625 0.5984375 0.0734375 0.06875
128 0.41875 0.665625 0.0421875 0.065625
128 0.425 0.5796875 0.0671875 0.05625
128 0.38125 0.5421875 0.040625 0.0390625
128 0.4484375 0.4890625 0.0609375 0.0546875
128 0.4859375 0.5484375 0.0703125 0.0734375
128 0.496875 0.6140625 0.0609375 0.0453125
128 0.4703125 0.675 0.0625 0.0625
128 0.5546875 0.6390625 0.065625 0.0703125
128 0.51875 0.48125 0.0625 0.0609375
128 0.5640625 0.5359375 0.0625 0.065625
128 0.6078125 0.5921875 0.0578125 0.065625
128 0.5390625 0.5875 0.03125 0.0296875
128 0.6140625 0.646875 0.040625 0.034375
128 0.5921875 0.4703125 0.0609375 0.0640625
128 0.63125 0.5296875 0.05625 0.0625
128 0.6546875 0.4640625 0.05 0.0625
128 0.7140625 0.4921875 0.0671875 0.065625
