128 0.778125 0.375 0.0796875 0.0765625
128 0.8125 0.284375 0.078125 0.0796875
128 0.7140625 0.2453125 0.0640625 0.0515625
128 0.6453125 0.28125 0.0625 0.0640625
128 0.6796875 0.3390625 0.0640625 0.0546875
128 0.7015625 0.396875 0.065625 0.0546875
128 0.784375 0.50625 0.065625 0.0578125
128 0.79375 0.4375 0.06875 0.05625
128 0.728125 0.4546875 0.05625 0.0609375
128 0.7296875 0.51875 0.034375 0.0453125
128 0.6609375 0.44375 0.05 0.05625
128 0.6828125 0.6375 0.0453125 0.0421875
128 0.5625 0.640625 0.046875 0.0515625
128 0.5125 0.6015625 0.0515625 0.05625
128 0.3984375 0.5828125 0.0375 0.0328125
128 0.2140625 0.4734375 0.0625 0.0421875
128 0.2703125 0.478125 0.0390625 0.0296875
128 0.271875 0.2765625 0.05 0.0625
128 0.3515625 0.334375 0.0609375 0.0609375
128 0.328125 0.5171875 0.05625 0.053125
128 0.5453125 0.271875 0.0703125 0.0546875
128 0.5796875 0.3328125 0.059375 0.059375
128 0.5015625 0.35 0.0578125 0.0703125
128 0.553125 0.3984375 0.046875 0.0515625
128 0.625 0.3859375 0.05625 0.0609375
128 0.7015625 0.396875 0.059375 0.053125
128 0.70625 0.5765625 0.075 0.0703125
128 0.74375 0.6515625 0.06875 0.0671875
128 0.715625 0.7328125 0.0828125 0.0828125
128 0.596875 0.7125 0.0765625 0.065625
128 0.63125 0.646875 0.0609375 0.0765625
128 0.5828125 0.5859375 0.0640625 0.0625
128 0.6125 0.521875 0.053125 0.0609375
128 0.6421875 0.5796875 0.034375 0.0671875
128 0.55625 0.5 0.0671875 0.059375
128 0.590625 0.4484375 0.0703125 0.0546875
128 0.5125 0.440625 0.0625 0.059375
128 0.4875 0.509375 0.071875 0.078125
128 0.4453125 0.4515625 0.0625 0.053125
128 0.471875 0.2390625 0.0734375 0.040625
128 0.446875 0.296875 0.0671875 0.0640625
128 0.396875 0.2515625 0.0546875 0.0609375
128 0.334375 0.253125 0.0640625 0.065625
128 0.2078125 0.26875 0.071875 0.0609375
128 0.2296875 0.3453125 0.0796875 0.071875
128 0.303125 0.3796875 0.0515625 0.0609375
128 0.3765625 0.396875 0.071875 0.0671875
128 0.31875 0.4453125 0.0578125 0.0484375
128 0.2453125 0.4203125 0.071875 0.0625
128 0.203125 0.5265625 0.0671875 0.0578125
128 0.2671875 0.54375 0.059375 0.0640625
128 0.1703125 0.5890625 0.06875 0.05625
128 0.134375 0.6421875 0.059375 0.0640625
128 0.209375 0.653125 0.0609375 0.0609375
128 0.1796875 0.7109375 0.0625 0.059375
128 0.2546875 0.6984375 0.0734375 0.0625
128 0.3140625 0.753125 0.0859375 0.05625
128 0.33125 0.6890625 0.071875 0.078125
128 0.2859375 0.6359375 0.0625 0.0640625
128 0.2359375 0.5953125 0.053125 0.059375
128 0.3296875 0.5796875 0.059375 0.0609375
128 0.3765625 0.625 0.0609375 0.0484375
128 0.403125 0.690625 0.06875 0.0640625
128 0.4640625 0.653125 0.0671875 0.0640625
128 0.465625 0.725 0.059375 0.0671875
128 0.5359375 0.75 0.0703125 0.0609375
128 0.6 0.7140625 0.065625 0.06875
128 0.5296875 0.6859375 0.053125 0.0609375
128 0.38125 0.465625 0.0640625 0.059375
128 0.3984375 0.525 0.065625 0.0609375
128 0.45625 0.56875 0.0546875 0.05625
128 0.43125 0.365625 0.0578125 0.071875
128 0.740625 0.3078125 0.0546875 0.0703125
