128 0.26875 0.4703125 0.078125 0.071875
128 0.4015625 0.4625 0.05625 0.065625
128 0.34375 0.5 0.0640625 0.06875
128 0.5171875 0.434375 0.0703125 0.065625
128 0.653125 0.340625 0.0796875 0.065625
128 0.8296875 0.44375 0.09375 0.09375
128 0.8078125 0.5484375 0.075 0.0609375
128 0.7640625 0.590625 0.08125 0.0625
128 0.65625 0.66875 0.0828125 0.09375
128 0.60625 0.546875 0.071875 0.078125
128 0.73125 0.75 0.0921875 0.0609375
128 0.4328125 0.6296875 0.071875 0.0765625
128 0.521875 0.690625 0.0796875 0.075
128 0.375 0.7078125 0.065625 0.0578125
128 0.303125 0.68125 0.0765625 0.078125
128 0.4625 0.75 0.0703125 0.0609375
128 0.4609375 0.4921875 0.0546875 0.0625
128 0.575 0.478125 0.0484375 0.05
128 0.6953125 0.4046875 0.0484375 0.0546875
128 0.746875 0.3640625 0.06875 0.05
128 0.69375 0.5453125 0.0640625 0.065625
