128 0.465625 0.728125 0.084375 0.0875
128 0.4484375 0.6515625 0.065625 0.071875
128 0.5015625 0.6390625 0.04375 0.0453125
128 0.65 0.5875 0.0640625 0.0484375
128 0.7109375 0.55 0.046875 0.0609375
128 0.49375 0.565625 0.0484375 0.0703125
128 0.4140625 0.540625 0.0703125 0.05
128 0.3578125 0.584375 0.0546875 0.0390625
128 0.2984375 0.6328125 0.078125 0.078125
128 0.2765625 0.565625 0.0671875 0.05625
128 0.3375 0.528125 0.0765625 0.0765625
128 0.34375 0.384375 0.0625 0.0671875
128 0.2734375 0.4078125 0.071875 0.0671875
128 0.3671875 0.45625 0.0796875 0.0734375
128 0.2921875 0.4703125 0.0703125 0.0609375
128 0.3890625 0.6453125 0.0609375 0.0703125
128 0.68125 0.490625 0.065625 0.06875
128 0.7296875 0.446875 0.0578125 0.065625
128 0.7140625 0.3703125 0.0546875 0.053125
128 0.66875 0.409375 0.0796875 0.0765625
128 0.5703125 0.4421875 0.065625 0.0625
128 0.5765625 0.3296875 0.0609375 0.0734375
128 0.43125 0.3078125 0.0734375 0.075
128 0.7765625 0.3390625 0.0828125 0.08125
128 0.559375 0.5375 0.0640625 0.0578125
128 0.6125 0.490625 0.0578125 0.0609375
128 0.54375 0.60625 0.0625 0.06875
128 0.4359375 0.5875 0.065625 0.0546875
