128 0.5359375 0.4125 0.103125 0.090625
128 0.6859375 0.390625 0.096875 0.09375
128 0.6984375 0.5453125 0.0765625 0.0734375
128 0.3875 0.746875 0.1 0.0671875
128 0.6140625 0.7609375 0.096875 0.040625
128 0.45 0.5140625 0.0796875 0.0859375
128 0.2328125 0.5609375 0.0953125 0.096875
128 0.35625 0.5953125 0.0875 0.09375
128 0.34375 0.465625 0.071875 0.075
128 0.5078125 0.6078125 0.0828125 0.0734375
128 0.5421875 0.68125 0.0796875 0.071875
128 0.8265625 0.434375 0.1 0.10625
128 0.71875 0.478125 0.0765625 0.0625
128 0.596875 0.515625 0.09375 0.0953125
128 0.6875 0.653125 0.109375 0.103125
