128 0.4046875 0.521875 0.0609375 0.0671875
128 0.459375 0.5484375 0.0296875 0.0375
128 0.2953125 0.4734375 0.053125 0.05625
128 0.55625 0.328125 0.0578125 0.06875
128 0.2203125 0.325 0.071875 0.0734375
128 0.2671875 0.2625 0.059375 0.0640625
128 0.2890625 0.3515625 0.0609375 0.06875
128 0.3359375 0.3046875 0.0546875 0.0625
128 0.321875 0.2453125 0.0515625 0.0515625
128 0.3890625 0.253125 0.065625 0.065625
128 0.4875 0.246875 0.06875 0.0515625
128 0.4609375 0.3046875 0.0625 0.0640625
128 0.3984375 0.3203125 0.0578125 0.059375
128 0.3578125 0.3671875 0.0578125 0.0546875
128 0.4078125 0.41875 0.071875 0.0671875
128 0.328125 0.4203125 0.0578125 0.05625
128 0.2625 0.4140625 0.05625 0.0515625
128 0.20625 0.4765625 0.0671875 0.0671875
128 0.2609375 0.515625 0.065625 0.0515625
128 0.3296875 0.5390625 0.065625 0.0609375
128 0.3625 0.4796875 0.0609375 0.065625
128 0.2 0.5796875 0.0671875 0.0625
128 0.215625 0.64375 0.0609375 0.0625
128 0.2921875 0.653125 0.06875 0.059375
128 0.275 0.5859375 0.06875 0.0640625
128 0.35 0.5984375 0.05625 0.065625
128 0.39375 0.65625 0.06875 0.0703125
128 0.459375 0.7078125 0.0828125 0.0609375
128 0.4203125 0.5890625 0.059375 0.065625
128 0.471875 0.6453125 0.059375 0.065625
128 0.496875 0.59375 0.0515625 0.053125
128 0.5109375 0.5296875 0.05625 0.059375
128 0.4625 0.4828125 0.0546875 0.0578125
128 0.46875 0.3734375 0.0578125 0.0671875
128 0.4984375 0.4265625 0.0546875 0.0546875
128 0.5453125 0.475 0.0578125 0.0671875
128 0.5640625 0.403125 0.071875 0.0796875
128 0.6203125 0.4546875 0.065625 0.0765625
128 0.634375 0.3234375 0.075 0.06875
128 0.5671875 0.2546875 0.0734375 0.0703125
128 0.6375 0.246875 0.059375 0.0546875
128 0.709375 0.25625 0.0640625 0.0734375
128 0.7734375 0.33125 0.0609375 0.078125
128 0.7046875 0.3265625 0.059375 0.071875
128 0.534375 0.7046875 0.06875 0.06875
128 0.546875 0.634375 0.059375 0.0703125
128 0.5578125 0.565625 0.065625 0.0734375
128 0.60625 0.634375 0.0703125 0.0703125
128 0.6765625 0.6171875 0.071875 0.065625
128 0.6265625 0.56875 0.0625 0.0609375
128 0.659375 0.515625 0.0609375 0.0734375
128 0.734375 0.571875 0.0609375 0.078125
128 0.8015625 0.5453125 0.0703125 0.0921875
128 0.7390625 0.49375 0.059375 0.0671875
128 0.7921875 0.4390625 0.0765625 0.0828125
128 0.7265625 0.39375 0.053125 0.0609375
128 0.659375 0.3921875 0.0484375 0.0484375
128 0.6921875 0.4453125 0.0484375 0.05
