128 0.171875 0.3109375 0.0765625 0.0734375
128 0.4640625 0.328125 0.090625 0.0578125
128 0.25 0.33125 0.0875 0.0828125
128 0.2328125 0.4 0.090625 0.0578125
128 0.6734375 0.3046875 0.08125 0.071875
128 0.365625 0.378125 0.0625 0.06875
128 0.7234375 0.2546875 0.0734375 0.0625
128 0.671875 0.36875 0.0765625 0.0625
128 0.6359375 0.428125 0.05625 0.06875
128 0.4578125 0.3953125 0.06875 0.0703125
128 0.525 0.428125 0.046875 0.0671875
128 0.5828125 0.4625 0.075 0.0609375
128 0.66875 0.503125 0.0703125 0.071875
128 0.6046875 0.5328125 0.0703125 0.0671875
128 0.61875 0.659375 0.05625 0.0625
128 0.590625 0.5921875 0.0625 0.0578125
128 0.353125 0.4484375 0.06875 0.0703125
128 0.4765625 0.4671875 0.0625 0.0578125
128 0.4109375 0.4875 0.0625 0.0625
128 0.25 0.525 0.065625 0.065625
128 0.3140625 0.4984375 0.0609375 0.0578125
128 0.2703125 0.703125 0.071875 0.0640625
128 0.3640625 0.7265625 0.059375 0.06875
128 0.3125 0.75625 0.0625 0.05
128 0.540625 0.65 0.0703125 0.0640625
128 0.4921875 0.6984375 0.065625 0.071875
128 0.5171875 0.578125 0.06875 0.0625
128 0.5234375 0.509375 0.0625 0.0671875
128 0.459375 0.5359375 0.0578125 0.0625
128 0.4171875 0.5890625 0.071875 0.0546875
128 0.371875 0.5390625 0.071875 0.0578125
128 0.309375 0.5734375 0.065625 0.06875
128 0.278125 0.64375 0.0703125 0.0625
128 0.3546875 0.621875 0.0625 0.0609375
128 0.40625 0.6671875 0.0671875 0.078125
