128 0.715625 0.3703125 0.0453125 0.0515625
128 0.6671875 0.40625 0.078125 0.0734375
128 0.6796875 0.4890625 0.0625 0.06875
128 0.7296875 0.4453125 0.0625 0.065625
128 0.709375 0.5453125 0.040625 0.040625
128 0.6484375 0.584375 0.0484375 0.05
128 0.571875 0.4390625 0.0671875 0.06875
128 0.5734375 0.3296875 0.0625 0.0765625
128 0.4296875 0.3078125 0.0765625 0.08125
128 0.340625 0.3828125 0.0609375 0.071875
128 0.4140625 0.540625 0.0703125 0.046875
128 0.4921875 0.55625 0.0484375 0.078125
128 0.5453125 0.6078125 0.071875 0.0703125
128 0.5015625 0.640625 0.0421875 0.0421875
128 0.4640625 0.728125 0.08125 0.084375
128 0.4515625 0.65 0.0671875 0.071875
128 0.3890625 0.646875 0.0625 0.0734375
128 0.353125 0.5828125 0.0546875 0.034375
128 0.2984375 0.6359375 0.0703125 0.078125
128 0.2765625 0.565625 0.0734375 0.05625
128 0.3375 0.5265625 0.0828125 0.0828125
128 0.2734375 0.4046875 0.075 0.071875
128 0.36875 0.45625 0.0734375 0.078125
128 0.2921875 0.471875 0.071875 0.05625
128 0.4359375 0.5890625 0.0640625 0.046875
128 0.778125 0.3390625 0.0859375 0.0828125
