128 0.7484375 0.3671875 0.075 0.0671875
128 0.703125 0.4046875 0.059375 0.0515625
128 0.4421875 0.428125 0.075 0.0625
128 0.6140625 0.5484375 0.06875 0.0671875
128 0.6953125 0.5453125 0.071875 0.0703125
128 0.3796875 0.51875 0.075 0.06875
128 0.309375 0.7 0.06875 0.0671875
128 0.4515625 0.6875 0.0609375 0.06875
128 0.6515625 0.34375 0.0765625 0.0734375
128 0.271875 0.46875 0.071875 0.0703125
128 0.3453125 0.4609375 0.05625 0.0515625
128 0.459375 0.4921875 0.0765625 0.0546875
128 0.46875 0.5640625 0.0609375 0.0671875
128 0.525 0.5953125 0.0703125 0.0625
128 0.721875 0.4734375 0.0671875 0.06875
128 0.83125 0.440625 0.0765625 0.06875
128 0.540625 0.6796875 0.0671875 0.0703125
