128 0.3484375 0.45 0.0703125 0.0625
128 0.2453125 0.559375 0.0734375 0.0671875
128 0.359375 0.6671875 0.053125 0.053125
128 0.496875 0.703125 0.065625 0.0546875
128 0.58125 0.546875 0.0765625 0.08125
128 0.7 0.5390625 0.0734375 0.0703125
128 0.678125 0.6609375 0.0671875 0.0796875
128 0.303125 0.7125 0.078125 0.06875
128 0.475 0.4359375 0.0640625 0.05625
128 0.5796875 0.4359375 0.0625 0.0609375
128 0.6625 0.409375 0.065625 0.0625
128 0.5 0.4984375 0.071875 0.0734375
128 0.515625 0.6109375 0.0671875 0.06875
128 0.40625 0.6296875 0.0640625 0.0671875
128 0.6265625 0.75625 0.0796875 0.0484375
128 0.4140625 0.50625 0.0765625 0.078125
