128 0.528125 0.7203125 0.0828125 0.0546875
128 0.49375 0.51875 0.059375 0.0453125
128 0.48125 0.5765625 0.059375 0.04375
128 0.553125 0.4828125 0.05625 0.05
128 0.53125 0.646875 0.08125 0.0484375
128 0.44375 0.6375 0.0765625 0.0546875
128 0.4109375 0.5765625 0.05625 0.0375
128 0.390625 0.5046875 0.0546875 0.040625
128 0.4578125 0.390625 0.05625 0.0875
128 0.596875 0.38125 0.05625 0.0640625
128 0.71875 0.4609375 0.0671875 0.0734375
128 0.6859375 0.5171875 0.0625 0.0546875
128 0.6765625 0.365625 0.090625 0.0625
128 0.321875 0.625 0.078125 0.0671875
128 0.378125 0.65625 0.05625 0.0546875
128 0.4046875 0.5921875 0.0671875 0.0671875
128 0.4015625 0.5078125 0.0625 0.0640625
128 0.35625 0.553125 0.0859375 0.0546875
128 0.221875 0.6953125 0.0640625 0.0515625
128 0.246875 0.6203125 0.0640625 0.0546875
128 0.209375 0.55625 0.0578125 0.0453125
128 0.1578125 0.584375 0.05625 0.0640625
128 0.29375 0.3703125 0.084375 0.0609375
128 0.2015625 0.440625 0.084375 0.0484375
128 0.28125 0.303125 0.0765625 0.05625
128 0.2171875 0.3671875 0.0609375 0.075
128 0.3625 0.7296875 0.090625 0.09375
128 0.2921875 0.6921875 0.0921875 0.0625
128 0.2296875 0.759375 0.0671875 0.04375
128 0.390625 0.3765625 0.065625 0.0625
128 0.7203125 0.278125 0.08125 0.078125
128 0.5484375 0.3046875 0.0796875 0.06875
128 0.5890625 0.7109375 0.0796875 0.078125
128 0.7109375 0.646875 0.0875 0.0375
128 0.6671875 0.6890625 0.084375 0.0671875
128 0.4296875 0.7109375 0.0765625 0.0703125
128 0.709375 0.75 0.09375 0.05
128 0.6140625 0.5078125 0.0625 0.08125
128 0.665625 0.5859375 0.090625 0.053125
128 0.3296875 0.4296875 0.065625 0.0796875
128 0.4015625 0.446875 0.0671875 0.075
128 0.24375 0.49375 0.05 0.059375
128 0.3078125 0.5015625 0.05625 0.053125
128 0.171875 0.4984375 0.05 0.071875
128 0.4515625 0.646875 0.0890625 0.0734375
128 0.290625 0.5640625 0.096875 0.0625
128 0.1703125 0.6515625 0.0859375 0.05
128 0.4640625 0.4609375 0.0609375 0.059375
128 0.5328125 0.3984375 0.075 0.0875
128 0.2703125 0.4296875 0.0546875 0.0765625
128 0.6484375 0.4265625 0.0671875 0.075
