128 0.371875 0.3625 0.0703125 0.06875
128 0.4234375 0.4078125 0.0671875 0.059375
128 0.4890625 0.3984375 0.0640625 0.0546875
128 0.553125 0.421875 0.059375 0.0625
128 0.65 0.4296875 0.0765625 0.06875
128 0.59375 0.475 0.06875 0.0578125
128 0.653125 0.5234375 0.0640625 0.05625
128 0.65625 0.625 0.0515625 0.0578125
128 0.609375 0.5828125 0.071875 0.05625
128 0.5515625 0.61875 0.0625 0.0609375
128 0.534375 0.703125 0.071875 0.0546875
128 0.559375 0.54375 0.05625 0.053125
128 0.5 0.565625 0.0625 0.059375
128 0.5203125 0.4953125 0.0640625 0.0609375
128 0.471875 0.4546875 0.0578125 0.059375
128 0.45625 0.5203125 0.05625 0.065625
128 0.440625 0.584375 0.0546875 0.0515625
128 0.490625 0.6359375 0.059375 0.0671875
128 0.4265625 0.64375 0.059375 0.065625
128 0.35 0.7015625 0.075 0.075
128 0.375 0.6015625 0.0671875 0.06875
128 0.3078125 0.6203125 0.05625 0.0640625
128 0.396875 0.534375 0.0578125 0.0640625
128 0.409375 0.4734375 0.06875 0.0625
128 0.3265625 0.5484375 0.0734375 0.06875
128 0.3609375 0.4265625 0.0609375 0.05625
128 0.3109375 0.48125 0.0703125 0.0640625
128 0.2234375 0.4984375 0.0765625 0.0703125
128 0.271875 0.40625 0.071875 0.0640625
