128 0.35 0.3765625 0.0640625 0.059375
128 0.303125 0.4328125 0.0703125 0.0671875
128 0.4359375 0.3984375 0.0640625 0.059375
128 0.5609375 0.4140625 0.0640625 0.0734375
128 0.6421875 0.43125 0.078125 0.059375
128 0.3453125 0.4984375 0.078125 0.0765625
128 0.39375 0.44375 0.065625 0.059375
128 0.4796875 0.4546875 0.0546875 0.0609375
128 0.4546875 0.5203125 0.06875 0.06875
128 0.4671875 0.590625 0.071875 0.05625
128 0.521875 0.5375 0.059375 0.0609375
128 0.5765625 0.5015625 0.0484375 0.0765625
128 0.6484375 0.5140625 0.071875 0.06875
128 0.5578125 0.6015625 0.065625 0.0703125
128 0.734375 0.5203125 0.0703125 0.090625
128 0.80625 0.5796875 0.0859375 0.0796875
128 0.6890625 0.5953125 0.09375 0.0609375
128 0.615625 0.5828125 0.0515625 0.075
