128 0.6625 0.409375 0.0859375 0.0921875
128 0.5734375 0.434375 0.0796875 0.096875
128 0.4984375 0.5046875 0.0765625 0.0984375
128 0.4109375 0.509375 0.0640625 0.090625
128 0.5109375 0.61875 0.0890625 0.0921875
128 0.409375 0.6234375 0.065625 0.0765625
128 0.303125 0.7203125 0.078125 0.0703125
128 0.6234375 0.753125 0.0890625 0.0578125
128 0.25 0.5703125 0.1078125 0.10625
128 0.3421875 0.4515625 0.078125 0.06875
128 0.70625 0.55 0.0953125 0.0875
128 0.6796875 0.6609375 0.1046875 0.103125
128 0.5765625 0.54375 0.06875 0.084375
128 0.5015625 0.709375 0.08125 0.0828125
128 0.3578125 0.66875 0.053125 0.0515625
