128 0.471875 0.5390625 0.090625 0.0859375
128 0.5015625 0.3390625 0.0921875 0.0921875
128 0.6453125 0.3390625 0.06875 0.0859375
128 0.3515625 0.3109375 0.0765625 0.0984375
128 0.2671875 0.4671875 0.08125 0.0921875
128 0.3765625 0.7046875 0.06875 0.0828125
128 0.7484375 0.6375 0.096875 0.075
128 0.7875 0.7140625 0.075 0.0734375
128 0.83125 0.4390625 0.0734375 0.071875
128 0.7515625 0.3625 0.096875 0.06875
128 0.7 0.4015625 0.078125 0.0515625
128 0.834375 0.5625 0.084375 0.0890625
128 0.690625 0.5453125 0.09375 0.0828125
128 0.70625 0.71875 0.084375 0.084375
128 0.4734375 0.740625 0.0859375 0.071875
128 0.3046875 0.68125 0.0703125 0.0828125
128 0.3484375 0.4890625 0.078125 0.0953125
