128 0.7140625 0.2765625 0.09375 0.0859375
128 0.5109375 0.334375 0.0890625 0.0765625
128 0.6515625 0.38125 0.0671875 0.0765625
128 0.215625 0.3328125 0.08125 0.0796875
128 0.2828125 0.2953125 0.0609375 0.0703125
128 0.403125 0.33125 0.078125 0.06875
128 0.3390625 0.33125 0.0578125 0.0671875
128 0.4359375 0.3984375 0.06875 0.0703125
128 0.584375 0.39375 0.059375 0.065625
128 0.509375 0.4078125 0.059375 0.0671875
128 0.365625 0.415625 0.0796875 0.0625
128 0.290625 0.371875 0.065625 0.0625
128 0.165625 0.4234375 0.0765625 0.0546875
128 0.2328125 0.403125 0.071875 0.05
128 0.2890625 0.440625 0.075 0.0671875
128 0.2265625 0.4703125 0.06875 0.0671875
128 0.1609375 0.49375 0.075 0.05625
128 0.20625 0.528125 0.0625 0.0484375
128 0.271875 0.5203125 0.0546875 0.059375
128 0.3296875 0.4890625 0.06875 0.0578125
128 0.4015625 0.4890625 0.06875 0.071875
128 0.465625 0.4625 0.053125 0.053125
128 0.55 0.4578125 0.075 0.0578125
128 0.6203125 0.453125 0.0671875 0.0609375
128 0.6921875 0.4515625 0.078125 0.0765625
128 0.6453125 0.5203125 0.0609375 0.071875
128 0.56875 0.5234375 0.075 0.059375
128 0.5 0.5125 0.078125 0.065625
128 0.440625 0.5453125 0.05625 0.0609375
128 0.3734375 0.553125 0.071875 0.0671875
128 0.30625 0.5734375 0.06875 0.05625
128 0.2421875 0.584375 0.0671875 0.05625
128 0.165625 0.6421875 0.0734375 0.0640625
128 0.184375 0.7328125 0.084375 0.0703125
128 0.2375 0.6515625 0.0671875 0.059375
128 0.309375 0.6375 0.0640625 0.0671875
128 0.278125 0.7125 0.0734375 0.075
128 0.35 0.74375 0.075 0.06875
128 0.3703125 0.6234375 0.065625 0.0640625
128 0.44375 0.628125 0.0640625 0.0734375
128 0.5890625 0.603125 0.075 0.078125
128 0.5140625 0.64375 0.0671875 0.0609375
128 0.5 0.58125 0.06875 0.0640625
128 0.6859375 0.58125 0.0796875 0.0765625
128 0.70625 0.640625 0.0546875 0.065625
128 0.65625 0.684375 0.075 0.065625
128 0.5921875 0.7171875 0.0796875 0.0796875
128 0.6953125 0.7453125 0.08125 0.0703125
