128 0.3484375 0.31875 0.0953125 0.0953125
128 0.5078125 0.3265625 0.0703125 0.1046875
128 0.6546875 0.3421875 0.075 0.071875
128 0.828125 0.4421875 0.0796875 0.103125
128 0.4796875 0.55 0.0859375 0.0703125
128 0.4078125 0.5921875 0.084375 0.0671875
128 0.38125 0.7 0.075 0.084375
128 0.26875 0.45625 0.075 0.0890625
128 0.3453125 0.4890625 0.0734375 0.0875
128 0.4421875 0.465625 0.0828125 0.071875
128 0.5671875 0.465625 0.084375 0.0765625
128 0.690625 0.5453125 0.1 0.096875
128 0.7515625 0.359375 0.084375 0.0953125
128 0.696875 0.409375 0.0703125 0.065625
128 0.4734375 0.740625 0.0890625 0.08125
128 0.3015625 0.68125 0.08125 0.0828125
