128 0.440625 0.4 0.075 0.0625
128 0.490625 0.4328125 0.0765625 0.0671875
128 0.4921875 0.5234375 0.0859375 0.05
128 0.4296875 0.484375 0.0609375 0.078125
128 0.49375 0.5890625 0.090625 0.0609375
128 0.415625 0.5421875 0.0640625 0.0625
128 0.3546875 0.496875 0.0875 0.0609375
128 0.596875 0.6546875 0.0765625 0.0828125
128 0.2953125 0.5296875 0.08125 0.0625
128 0.23125 0.509375 0.06875 0.0609375
128 0.290625 0.45625 0.078125 0.0546875
128 0.2390625 0.4234375 0.0859375 0.04375
128 0.1765625 0.4640625 0.0796875 0.0625
128 0.1828125 0.6421875 0.0859375 0.05625
128 0.2125 0.58125 0.071875 0.065625
128 0.25625 0.6640625 0.0640625 0.05
128 0.2796875 0.59375 0.0765625 0.0484375
128 0.5625 0.725 0.0765625 0.065625
128 0.63125 0.7515625 0.0890625 0.0484375
128 0.6609375 0.6921875 0.071875 0.05625
128 0.7125 0.5 0.096875 0.0765625
128 0.6984375 0.571875 0.06875 0.059375
128 0.715625 0.265625 0.084375 0.09375
128 0.20625 0.259375 0.1046875 0.0640625
128 0.415625 0.6734375 0.05 0.0625
128 0.36875 0.5953125 0.075 0.0609375
128 0.3703125 0.73125 0.0609375 0.0578125
128 0.5234375 0.3265625 0.0640625 0.065625
128 0.64375 0.3828125 0.05625 0.078125
128 0.5734375 0.3796875 0.0640625 0.065625
128 0.578125 0.4546875 0.0703125 0.0640625
128 0.646875 0.4578125 0.0453125 0.059375
128 0.71875 0.4171875 0.06875 0.05625
128 0.7015625 0.3484375 0.0828125 0.0671875
128 0.15 0.3265625 0.071875 0.0609375
128 0.53125 0.659375 0.075 0.053125
128 0.4796875 0.6984375 0.0625 0.0734375
128 0.1625 0.4015625 0.078125 0.0609375
128 0.2203125 0.353125 0.0859375 0.0609375
128 0.3765625 0.428125 0.06875 0.0640625
128 0.175 0.7203125 0.0734375 0.0640625
128 0.2453125 0.728125 0.0734375 0.0578125
128 0.6328125 0.5390625 0.084375 0.0625
128 0.3515625 0.659375 0.06875 0.0546875
128 0.6671875 0.6234375 0.0828125 0.0703125
128 0.4375 0.60625 0.0578125 0.065625
