128 0.50625 0.3859375 0.05625 0.065625
128 0.471875 0.44375 0.0609375 0.0578125
128 0.553125 0.4390625 0.0546875 0.0625
128 0.5140625 0.490625 0.059375 0.065625
128 0.453125 0.496875 0.0640625 0.0609375
128 0.3953125 0.4640625 0.0734375 0.0640625
128 0.5765625 0.5 0.0609375 0.0609375
128 0.5390625 0.5578125 0.059375 0.0578125
128 0.478125 0.5515625 0.0625 0.0625
128 0.6015625 0.5546875 0.0578125 0.05625
128 0.64375 0.5 0.065625 0.0546875
128 0.4046875 0.65625 0.0609375 0.0609375
128 0.3625 0.6125 0.05625 0.053125
128 0.334375 0.5625 0.0609375 0.0578125
128 0.33125 0.4953125 0.06875 0.06875
128 0.3375 0.43125 0.059375 0.0625
128 0.41875 0.396875 0.0671875 0.071875
128 0.2765625 0.45625 0.06875 0.0671875
128 0.39375 0.5390625 0.0640625 0.065625
128 0.421875 0.590625 0.06875 0.0609375
128 0.475 0.634375 0.0703125 0.0671875
128 0.5375 0.65625 0.0625 0.0734375
128 0.671875 0.565625 0.071875 0.078125
128 0.5828125 0.6109375 0.059375 0.0625
