128 0.1546875 0.340625 0.09375 0.0921875
128 0.2484375 0.584375 0.0875 0.046875
128 0.3203125 0.571875 0.0703125 0.05625
128 0.459375 0.4046875 0.075 0.065625
128 0.528125 0.5296875 0.0640625 0.065625
128 0.6765625 0.6328125 0.078125 0.0625
128 0.634375 0.753125 0.0734375 0.0546875
128 0.43125 0.6796875 0.0703125 0.0609375
128 0.7125 0.271875 0.1203125 0.0703125
128 0.221875 0.284375 0.1109375 0.071875
128 0.3078125 0.36875 0.08125 0.0640625
128 0.3234375 0.628125 0.0625 0.05
128 0.4 0.6015625 0.071875 0.05625
128 0.3875 0.5375 0.065625 0.059375
128 0.328125 0.4953125 0.0828125 0.0484375
128 0.2671875 0.515625 0.078125 0.0546875
128 0.2171875 0.471875 0.075 0.053125
128 0.2046875 0.41875 0.084375 0.0421875
128 0.4078125 0.475 0.06875 0.059375
128 0.6296875 0.4515625 0.05 0.0703125
128 0.7078125 0.34375 0.0921875 0.0703125
128 0.6421875 0.3734375 0.065625 0.0828125
128 0.7015625 0.43125 0.0859375 0.0546875
128 0.6125 0.534375 0.0765625 0.071875
128 0.3546875 0.4265625 0.059375 0.0640625
128 0.278125 0.43125 0.075 0.0671875
128 0.4578125 0.53125 0.0828125 0.0734375
128 0.4703125 0.5921875 0.0859375 0.0640625
128 0.2390625 0.6453125 0.0875 0.0515625
128 0.2390625 0.7453125 0.0671875 0.05625
128 0.3 0.759375 0.0703125 0.0421875
128 0.3546875 0.7234375 0.0734375 0.059375
128 0.36875 0.665625 0.059375 0.0734375
128 0.1859375 0.7 0.071875 0.06875
128 0.55625 0.6640625 0.05625 0.0578125
128 0.49375 0.6578125 0.065625 0.0578125
128 0.528125 0.5921875 0.0484375 0.0640625
128 0.6046875 0.6109375 0.0671875 0.0671875
128 0.7015625 0.7140625 0.0859375 0.071875
128 0.5609375 0.7265625 0.0796875 0.0671875
128 0.484375 0.728125 0.0796875 0.084375
128 0.2890625 0.69375 0.0828125 0.0796875
128 0.55625 0.4484375 0.0859375 0.0765625
128 0.478125 0.46875 0.071875 0.0578125
128 0.684375 0.4875 0.1046875 0.0828125
128 0.7015625 0.5671875 0.08125 0.0671875
128 0.628125 0.690625 0.1015625 0.0984375
128 0.234375 0.3578125 0.0796875 0.084375
