128 0.4609375 0.340625 0.084375 0.0671875
128 0.66875 0.4703125 0.0671875 0.0890625
128 0.6 0.6015625 0.0921875 0.0734375
128 0.221875 0.6671875 0.0875 0.0734375
128 0.209375 0.565625 0.08125 0.0984375
128 0.31875 0.6234375 0.075 0.0765625
128 0.2875 0.5578125 0.0796875 0.0640625
128 0.275 0.4953125 0.075 0.0640625
128 0.2359375 0.4359375 0.0796875 0.0671875
128 0.2359375 0.365625 0.0765625 0.090625
128 0.3109375 0.4 0.08125 0.06875
128 0.3328125 0.4625 0.08125 0.08125
128 0.4390625 0.3984375 0.0703125 0.06875
128 0.5796875 0.440625 0.078125 0.065625
128 0.4015625 0.453125 0.0578125 0.0625
128 0.5125 0.415625 0.0640625 0.0625
128 0.61875 0.5 0.0671875 0.0703125
128 0.5265625 0.4828125 0.0578125 0.053125
128 0.5640625 0.5296875 0.071875 0.0625
128 0.4640625 0.4609375 0.05625 0.0578125
128 0.3875 0.5484375 0.0734375 0.0671875
128 0.4265625 0.5046875 0.05625 0.05625
128 0.4875 0.5328125 0.0609375 0.0515625
128 0.5015625 0.5921875 0.0640625 0.0609375
