128 0.2640625 0.45 0.0640625 0.0703125
128 0.49375 0.3859375 0.0578125 0.053125
128 0.4046875 0.396875 0.0640625 0.0625
128 0.325 0.4296875 0.071875 0.0515625
128 0.3171875 0.4984375 0.05625 0.0625
128 0.38125 0.4640625 0.0640625 0.05
128 0.4609375 0.4421875 0.0546875 0.0453125
128 0.5421875 0.4421875 0.05 0.0515625
128 0.440625 0.5 0.05625 0.04375
128 0.384375 0.5359375 0.053125 0.0515625
128 0.3234375 0.5609375 0.0484375 0.0515625
128 0.5 0.4921875 0.046875 0.0546875
128 0.5640625 0.5015625 0.05625 0.0546875
128 0.628125 0.503125 0.053125 0.05
128 0.6578125 0.5671875 0.0625 0.0609375
128 0.590625 0.5578125 0.0453125 0.0453125
128 0.5296875 0.559375 0.046875 0.0515625
128 0.4703125 0.5484375 0.0578125 0.046875
128 0.5671875 0.6078125 0.0578125 0.053125
128 0.528125 0.65625 0.05 0.0640625
128 0.4625 0.6375 0.0546875 0.059375
128 0.4125 0.5890625 0.0515625 0.0453125
128 0.35 0.6125 0.0546875 0.0390625
128 0.39375 0.6546875 0.0625 0.05
