128 0.4640625 0.4125 0.06875 0.0640625
128 0.371875 0.4578125 0.0609375 0.059375
128 0.403125 0.51875 0.0625 0.065625
128 0.4078125 0.6234375 0.059375 0.065625
128 0.446875 0.5703125 0.0578125 0.05625
128 0.4921875 0.6125 0.059375 0.0578125
128 0.4546875 0.478125 0.065625 0.059375
128 0.5046875 0.5265625 0.065625 0.071875
128 0.5734375 0.553125 0.0640625 0.0671875
128 0.528125 0.4578125 0.0640625 0.06875
128 0.603125 0.471875 0.075 0.0765625
128 0.6546875 0.3984375 0.065625 0.0578125
128 0.678125 0.4578125 0.0609375 0.0578125
