128 0.4484375 0.4046875 0.04375 0.046875
128 0.4046875 0.4359375 0.0421875 0.04375
128 0.3515625 0.44375 0.059375 0.0484375
128 0.384375 0.484375 0.040625 0.0421875
128 0.2859375 0.484375 0.0828125 0.078125
128 0.3421875 0.521875 0.0375 0.0421875
128 0.284375 0.5640625 0.0765625 0.0671875
128 0.2 0.5734375 0.0765625 0.071875
128 0.221875 0.6578125 0.0890625 0.0828125
128 0.1875 0.721875 0.0828125 0.06875
128 0.290625 0.6265625 0.0609375 0.0578125
128 0.353125 0.5984375 0.0734375 0.06875
128 0.3828125 0.54375 0.0421875 0.040625
128 0.4265625 0.5796875 0.0640625 0.059375
128 0.41875 0.6640625 0.0375 0.0609375
128 0.3640625 0.6671875 0.0671875 0.0640625
128 0.471875 0.671875 0.0609375 0.0625
128 0.45 0.4875 0.065625 0.0578125
128 0.4859375 0.546875 0.0703125 0.071875
128 0.4953125 0.6125 0.059375 0.053125
128 0.55625 0.6390625 0.065625 0.0703125
128 0.5375 0.5859375 0.0390625 0.034375
128 0.615625 0.6453125 0.04375 0.0359375
128 0.6078125 0.5921875 0.0609375 0.065625
128 0.5625 0.5359375 0.0671875 0.0625
128 0.5203125 0.48125 0.071875 0.0640625
128 0.5921875 0.4703125 0.0609375 0.0609375
128 0.6328125 0.53125 0.0609375 0.059375
128 0.6515625 0.4640625 0.04375 0.0625
128 0.715625 0.4953125 0.0703125 0.0671875
128 0.5296875 0.3953125 0.05625 0.0671875
