128 0.53125 0.534375 0.084375 0.0765625
128 0.71875 0.475 0.078125 0.0640625
128 0.834375 0.4375 0.090625 0.0890625
128 0.6890625 0.6546875 0.0796875 0.109375
128 0.546875 0.68125 0.071875 0.0703125
128 0.5015625 0.60625 0.0703125 0.071875
128 0.3421875 0.453125 0.0953125 0.06875
128 0.4515625 0.4328125 0.0875 0.1
128 0.6875 0.403125 0.0890625 0.0578125
128 0.7515625 0.3640625 0.0796875 0.0609375
128 0.6140625 0.54375 0.0703125 0.0671875
128 0.69375 0.5421875 0.078125 0.078125
128 0.45625 0.6875 0.0796875 0.0984375
128 0.3109375 0.6890625 0.0859375 0.0828125
128 0.378125 0.521875 0.0859375 0.065625
