128 0.7078125 0.2875 0.078125 0.0953125
128 0.5578125 0.3015625 0.090625 0.0796875
128 0.234375 0.284375 0.0671875 0.065625
128 0.3078125 0.315625 0.05625 0.0609375
128 0.378125 0.3421875 0.05625 0.0703125
128 0.4390625 0.3328125 0.05 0.05625
128 0.240625 0.35 0.0703125 0.0609375
128 0.184375 0.4046875 0.0671875 0.0546875
128 0.3171875 0.3828125 0.0765625 0.05625
128 0.2609375 0.4265625 0.0609375 0.053125
128 0.4921875 0.3578125 0.0453125 0.0640625
128 0.55 0.38125 0.053125 0.053125
128 0.615625 0.3625 0.0578125 0.0625
128 0.68125 0.3609375 0.0515625 0.059375
128 0.73125 0.4078125 0.0515625 0.065625
128 0.665625 0.4359375 0.059375 0.065625
128 0.59375 0.4296875 0.05625 0.053125
128 0.521875 0.4625 0.0546875 0.0578125
128 0.4609375 0.4609375 0.05625 0.046875
128 0.446875 0.4 0.053125 0.05
128 0.3796875 0.41875 0.0515625 0.05
128 0.328125 0.453125 0.0578125 0.0515625
128 0.20625 0.4671875 0.0703125 0.06875
128 0.271875 0.4921875 0.05625 0.05
128 0.33125 0.51875 0.0546875 0.0515625
128 0.39375 0.4953125 0.0609375 0.059375
128 0.4609375 0.525 0.0640625 0.0546875
128 0.5265625 0.528125 0.0515625 0.0546875
128 0.628125 0.5375 0.0640625 0.0578125
128 0.584375 0.49375 0.0515625 0.046875
128 0.409375 0.5703125 0.0609375 0.05625
128 0.3390625 0.5875 0.0625 0.059375
128 0.28125 0.5578125 0.0484375 0.0515625
128 0.2171875 0.546875 0.0640625 0.0546875
128 0.234375 0.6109375 0.0609375 0.059375
128 0.1671875 0.65625 0.0640625 0.065625
128 0.1859375 0.7359375 0.0625 0.065625
128 0.2453125 0.684375 0.05625 0.0640625
128 0.2984375 0.6390625 0.046875 0.0546875
128 0.39375 0.628125 0.05625 0.0546875
128 0.45625 0.63125 0.0515625 0.0546875
128 0.490625 0.5828125 0.046875 0.053125
128 0.559375 0.584375 0.0671875 0.05625
128 0.6953125 0.5734375 0.059375 0.06875
128 0.63125 0.60625 0.06875 0.0671875
128 0.7109375 0.678125 0.0625 0.0765625
128 0.6359375 0.684375 0.0640625 0.065625
128 0.565625 0.696875 0.05625 0.0703125
128 0.521875 0.646875 0.0515625 0.0703125
128 0.4296875 0.6875 0.0578125 0.0625
128 0.371875 0.725 0.0515625 0.0640625
128 0.346875 0.6734375 0.0546875 0.0546875
128 0.3 0.6390625 0.046875 0.0484375
128 0.3015625 0.725 0.0578125 0.0546875
128 0.69375 0.4984375 0.0546875 0.0609375
128 0.6234375 0.75 0.078125 0.0640625
128 0.703125 0.7453125 0.0765625 0.0625
128 0.5375 0.753125 0.06875 0.0546875
128 0.4703125 0.734375 0.0578125 0.0671875
128 0.4171875 0.7609375 0.0640625 0.0390625
