128 0.7171875 0.28125 0.0671875 0.06875
128 0.7046875 0.378125 0.05 0.0484375
128 0.6578125 0.4140625 0.071875 0.06875
128 0.56875 0.3640625 0.0671875 0.065625
128 0.5828125 0.2875 0.075 0.0765625
128 0.45 0.24375 0.0671875 0.04375
128 0.43125 0.3125 0.0796875 0.075
128 0.3515625 0.3828125 0.059375 0.0609375
128 0.4421875 0.5 0.0734375 0.084375
128 0.4 0.540625 0.0484375 0.0421875
128 0.4890625 0.559375 0.0421875 0.0703125
128 0.5015625 0.634375 0.040625 0.046875
128 0.45 0.64375 0.0625 0.06875
128 0.3578125 0.58125 0.0546875 0.0296875
128 0.2765625 0.565625 0.075 0.0546875
128 0.3015625 0.6265625 0.075 0.06875
128 0.2765625 0.4015625 0.0875 0.0703125
128 0.2453125 0.503125 0.0625 0.0734375
128 0.56875 0.503125 0.0703125 0.0734375
128 0.5046875 0.484375 0.0484375 0.0578125
128 0.65625 0.6671875 0.0671875 0.0734375
128 0.6109375 0.7265625 0.084375 0.084375
128 0.5453125 0.6953125 0.0640625 0.08125
128 0.4640625 0.7328125 0.0828125 0.0953125
128 0.771875 0.346875 0.0828125 0.0828125
128 0.7015625 0.3796875 0.0421875 0.0375
128 0.728125 0.446875 0.0578125 0.0859375
128 0.678125 0.4859375 0.059375 0.053125
128 0.6828125 0.540625 0.0484375 0.0375
128 0.6328125 0.3375 0.05625 0.0609375
128 0.484375 0.40625 0.0671875 0.06875
128 0.5734375 0.4296875 0.071875 0.059375
128 0.371875 0.4546875 0.0671875 0.065625
128 0.3046875 0.4625 0.0625 0.053125
128 0.33125 0.528125 0.0734375 0.065625
128 0.6265625 0.55 0.0484375 0.0421875
128 0.54375 0.59375 0.0625 0.0703125
128 0.5921875 0.6359375 0.0453125 0.0578125
128 0.6625 0.6015625 0.078125 0.053125
128 0.390625 0.6359375 0.059375 0.0796875
