128 0.7140625 0.3734375 0.0515625 0.0484375
128 0.7296875 0.4453125 0.0578125 0.0734375
128 0.6671875 0.40625 0.0796875 0.0765625
128 0.6796875 0.490625 0.065625 0.06875
128 0.70625 0.5421875 0.0453125 0.0390625
128 0.6515625 0.59375 0.053125 0.0515625
128 0.54375 0.590625 0.0703125 0.065625
128 0.4515625 0.6484375 0.0609375 0.0671875
128 0.465625 0.728125 0.0890625 0.075
128 0.3875 0.64375 0.0640625 0.071875
128 0.3 0.6296875 0.071875 0.08125
128 0.278125 0.565625 0.075 0.0625
128 0.3578125 0.58125 0.0578125 0.034375
128 0.4140625 0.5375 0.0625 0.0453125
128 0.490625 0.5546875 0.053125 0.059375
128 0.34375 0.3828125 0.0640625 0.0625
128 0.334375 0.528125 0.0828125 0.071875
128 0.275 0.40625 0.084375 0.075
128 0.36875 0.45625 0.075 0.0765625
128 0.5734375 0.3296875 0.0609375 0.06875
128 0.5734375 0.4359375 0.0671875 0.0640625
128 0.43125 0.3140625 0.0765625 0.0640625
128 0.503125 0.446875 0.0609375 0.059375
128 0.5703125 0.503125 0.0671875 0.0609375
128 0.5921875 0.6328125 0.0578125 0.06875
128 0.646875 0.671875 0.065625 0.0734375
128 0.434375 0.5875 0.0625 0.046875
128 0.775 0.3390625 0.0828125 0.08125
128 0.2921875 0.4703125 0.0734375 0.053125
128 0.5015625 0.6390625 0.0421875 0.040625
