128 0.2125 0.3171875 0.0765625 0.071875
128 0.63125 0.2984375 0.084375 0.0671875
128 0.5328125 0.3328125 0.0734375 0.0578125
128 0.5953125 0.353125 0.0453125 0.0515625
128 0.6625 0.3734375 0.075 0.0703125
128 0.6 0.421875 0.0671875 0.0734375
128 0.528125 0.403125 0.0578125 0.05625
128 0.665625 0.45625 0.0578125 0.0578125
128 0.7296875 0.48125 0.0625 0.06875
128 0.6765625 0.5359375 0.0640625 0.0546875
128 0.6171875 0.509375 0.0546875 0.0515625
128 0.55 0.475 0.06875 0.06875
128 0.484375 0.4828125 0.0578125 0.0578125
128 0.4671875 0.4203125 0.0625 0.0671875
128 0.4046875 0.428125 0.065625 0.065625
128 0.3015625 0.4203125 0.0828125 0.06875
128 0.2078125 0.5015625 0.0828125 0.1
128 0.2828125 0.4984375 0.05625 0.0703125
128 0.3625 0.4859375 0.0765625 0.065625
128 0.43125 0.5046875 0.046875 0.0609375
128 0.48125 0.5484375 0.053125 0.0578125
128 0.55 0.54375 0.053125 0.05
128 0.6109375 0.584375 0.0734375 0.0609375
128 0.625 0.659375 0.078125 0.071875
128 0.540625 0.60625 0.0640625 0.0703125
128 0.5578125 0.728125 0.0671875 0.0671875
128 0.4765625 0.6078125 0.0609375 0.0625
128 0.41875 0.5921875 0.0671875 0.05
128 0.38125 0.546875 0.05625 0.0515625
128 0.3140625 0.559375 0.065625 0.0515625
128 0.184375 0.6265625 0.0734375 0.0640625
128 0.25 0.5765625 0.0671875 0.075
128 0.31875 0.5609375 0.06875 0.0578125
128 0.33125 0.6328125 0.0734375 0.0671875
128 0.259375 0.65 0.071875 0.0609375
128 0.2 0.7 0.0734375 0.0640625
128 0.21875 0.75 0.0734375 0.053125
128 0.284375 0.74375 0.05625 0.0734375
128 0.421875 0.740625 0.0671875 0.0796875
128 0.3375 0.70625 0.06875 0.0671875
128 0.5109375 0.6671875 0.0453125 0.065625
128 0.4625 0.690625 0.05 0.0546875
128 0.3984375 0.6609375 0.065625 0.078125
