128 0.34375 0.4875 0.0734375 0.0703125
128 0.4078125 0.459375 0.0703125 0.065625
128 0.6703125 0.65625 0.075 0.071875
128 0.8015625 0.5765625 0.084375 0.075
128 0.353125 0.3765625 0.071875 0.059375
128 0.303125 0.4296875 0.0734375 0.059375
128 0.440625 0.403125 0.05625 0.059375
128 0.503125 0.4015625 0.059375 0.0671875
128 0.4765625 0.459375 0.065625 0.065625
128 0.4546875 0.521875 0.06875 0.0671875
128 0.4109375 0.5796875 0.0671875 0.0625
128 0.48125 0.590625 0.0609375 0.0671875
128 0.5234375 0.534375 0.0625 0.0640625
128 0.5765625 0.5 0.0609375 0.06875
128 0.5703125 0.4171875 0.06875 0.065625
128 0.6421875 0.43125 0.0671875 0.071875
128 0.646875 0.515625 0.0765625 0.0671875
128 0.55625 0.5890625 0.0625 0.05625
128 0.6203125 0.5875 0.0640625 0.065625
128 0.703125 0.3875 0.075 0.0703125
128 0.73125 0.5203125 0.0828125 0.0828125
128 0.6921875 0.590625 0.084375 0.0671875
