128 0.26875 0.4703125 0.084375 0.0859375
128 0.346875 0.4515625 0.059375 0.0625
128 0.6453125 0.3421875 0.1 0.0734375
128 0.83125 0.4421875 0.0875 0.084375
128 0.71875 0.4734375 0.0828125 0.0671875
128 0.5796875 0.446875 0.0765625 0.0859375
128 0.45625 0.49375 0.0703125 0.0578125
128 0.465625 0.5609375 0.0578125 0.0671875
128 0.521875 0.6015625 0.084375 0.065625
128 0.5453125 0.6796875 0.06875 0.0796875
128 0.446875 0.425 0.0953125 0.0875
128 0.75 0.3640625 0.078125 0.0828125
128 0.6921875 0.409375 0.071875 0.0546875
128 0.6171875 0.546875 0.0703125 0.0703125
128 0.6984375 0.5484375 0.078125 0.0828125
128 0.453125 0.684375 0.0734375 0.084375
128 0.3109375 0.7 0.090625 0.1015625
128 0.38125 0.525 0.0765625 0.065625
