128 0.75 0.365625 0.0625 0.0640625
128 0.6484375 0.3453125 0.0734375 0.0828125
128 0.58125 0.471875 0.0484375 0.0578125
128 0.7015625 0.4015625 0.0546875 0.059375
128 0.4359375 0.425 0.0640625 0.06875
128 0.378125 0.521875 0.08125 0.071875
128 0.30625 0.7 0.065625 0.071875
128 0.446875 0.7171875 0.0609375 0.06875
128 0.6953125 0.55 0.065625 0.075
128 0.271875 0.4671875 0.071875 0.06875
128 0.3484375 0.4625 0.0640625 0.05625
128 0.446875 0.5078125 0.0546875 0.06875
128 0.6484375 0.4765625 0.06875 0.0765625
128 0.721875 0.4734375 0.0640625 0.065625
128 0.83125 0.4421875 0.0734375 0.06875
128 0.68125 0.653125 0.071875 0.078125
