128 0.2046875 0.3265625 0.075 0.059375
128 0.334375 0.3625 0.0796875 0.065625
128 0.24375 0.378125 0.0765625 0.065625
128 0.2515625 0.4453125 0.084375 0.0703125
128 0.2625 0.5125 0.06875 0.059375
128 0.2578125 0.575 0.0625 0.059375
128 0.2609375 0.6453125 0.0609375 0.078125
128 0.3234375 0.665625 0.071875 0.075
128 0.3265625 0.59375 0.0703125 0.065625
128 0.3328125 0.521875 0.0765625 0.0625
128 0.328125 0.428125 0.06875 0.0671875
128 0.3953125 0.415625 0.0625 0.0625
128 0.3921875 0.478125 0.0640625 0.0578125
128 0.4015625 0.6828125 0.0703125 0.0703125
128 0.425 0.53125 0.0515625 0.0515625
128 0.396875 0.584375 0.0703125 0.0515625
128 0.440625 0.63125 0.0578125 0.059375
128 0.478125 0.571875 0.0640625 0.0625
128 0.4796875 0.5015625 0.0671875 0.0671875
128 0.565625 0.4421875 0.0765625 0.0796875
128 0.64375 0.409375 0.0828125 0.08125
128 0.5828125 0.521875 0.075 0.0640625
128 0.5453125 0.5875 0.0625 0.075
128 0.6671875 0.709375 0.06875 0.06875
128 0.709375 0.6453125 0.0625 0.0796875
128 0.640625 0.6390625 0.059375 0.05625
128 0.6109375 0.584375 0.0546875 0.0515625
128 0.6390625 0.4765625 0.059375 0.0515625
128 0.6625 0.5328125 0.0734375 0.0578125
