128 0.7484375 0.3703125 0.06875 0.0671875
128 0.7 0.403125 0.0578125 0.059375
128 0.5703125 0.475 0.0625 0.0609375
128 0.4578125 0.48125 0.059375 0.071875
128 0.34375 0.4921875 0.0734375 0.071875
128 0.309375 0.6828125 0.06875 0.0734375
128 0.46875 0.7515625 0.06875 0.059375
128 0.69375 0.5484375 0.0671875 0.06875
128 0.515625 0.6984375 0.078125 0.09375
128 0.6484375 0.3421875 0.071875 0.06875
128 0.5203125 0.434375 0.06875 0.0703125
128 0.4015625 0.4609375 0.0671875 0.075
128 0.2734375 0.46875 0.0734375 0.06875
128 0.3734375 0.70625 0.071875 0.075
128 0.6546875 0.6734375 0.071875 0.075
128 0.7296875 0.759375 0.08125 0.0421875
128 0.75625 0.596875 0.071875 0.06875
128 0.8078125 0.5453125 0.0828125 0.0703125
