128 0.65625 0.4125 0.084375 0.090625
128 0.659375 0.49375 0.0796875 0.075
128 0.5765625 0.4984375 0.075 0.065625
128 0.7 0.5984375 0.0671875 0.0734375
128 0.6375 0.5609375 0.0609375 0.0625
128 0.5703125 0.5640625 0.05625 0.059375
128 0.609375 0.6171875 0.0546875 0.05
128 0.6671875 0.6578125 0.0578125 0.0640625
128 0.721875 0.7015625 0.0546875 0.0609375
128 0.6 0.684375 0.0625 0.0625
128 0.659375 0.7328125 0.0546875 0.065625
128 0.5609375 0.740625 0.059375 0.0625
128 0.5421875 0.628125 0.0640625 0.0703125
128 0.5140625 0.521875 0.0671875 0.0640625
128 0.5 0.703125 0.06875 0.0734375
128 0.4765625 0.6390625 0.053125 0.0578125
128 0.4734375 0.571875 0.05625 0.0546875
128 0.440625 0.525 0.053125 0.0515625
128 0.4484375 0.471875 0.05625 0.059375
128 0.4703125 0.403125 0.0609375 0.0703125
128 0.4015625 0.3765625 0.06875 0.0796875
128 0.340625 0.403125 0.059375 0.0640625
128 0.3890625 0.4515625 0.0484375 0.0734375
128 0.375 0.5109375 0.0578125 0.0640625
128 0.403125 0.578125 0.05625 0.059375
128 0.415625 0.6453125 0.053125 0.0640625
128 0.4375 0.7171875 0.0609375 0.0796875
128 0.36875 0.725 0.075 0.08125
128 0.29375 0.7 0.059375 0.065625
128 0.353125 0.6375 0.059375 0.0625
128 0.334375 0.56875 0.0578125 0.0578125
128 0.275 0.6359375 0.0640625 0.0640625
128 0.3 0.7 0.0578125 0.0625
128 0.221875 0.703125 0.0640625 0.0609375
128 0.2015625 0.6421875 0.0640625 0.065625
128 0.165625 0.575 0.078125 0.0671875
128 0.2609375 0.56875 0.059375 0.065625
128 0.2140625 0.5265625 0.0671875 0.0609375
128 0.3015625 0.521875 0.05 0.0484375
128 0.25625 0.475 0.0578125 0.0640625
128 0.3296875 0.4609375 0.0546875 0.05625
128 0.259375 0.4078125 0.075 0.0640625
128 0.20625 0.3578125 0.0703125 0.059375
128 0.165625 0.4 0.0765625 0.0609375
128 0.109375 0.4765625 0.0875 0.08125
128 0.1921875 0.4640625 0.0609375 0.0625
