128 0.209375 0.2875 0.084375 0.0859375
128 0.7171875 0.26875 0.084375 0.08125
128 0.703125 0.3421875 0.071875 0.08125
128 0.6296875 0.375 0.0671875 0.0703125
128 0.696875 0.409375 0.0734375 0.0734375
128 0.6359375 0.45 0.0578125 0.065625
128 0.6984375 0.4890625 0.090625 0.08125
128 0.621875 0.5234375 0.0625 0.0703125
128 0.6828125 0.55625 0.0515625 0.05
128 0.721875 0.6171875 0.059375 0.0765625
128 0.65 0.6125 0.059375 0.059375
128 0.6140625 0.6703125 0.0625 0.0578125
128 0.5859375 0.5875 0.065625 0.0640625
128 0.56875 0.4640625 0.065625 0.065625
128 0.5 0.4125 0.0796875 0.071875
128 0.4390625 0.45 0.059375 0.06875
128 0.49375 0.4875 0.0546875 0.0578125
128 0.5484375 0.534375 0.0515625 0.0484375
128 0.4890625 0.553125 0.0625 0.05625
128 0.425 0.525 0.053125 0.059375
128 0.5515625 0.640625 0.0546875 0.046875
128 0.4875 0.621875 0.05625 0.0515625
128 0.609375 0.6734375 0.0578125 0.0625
128 0.5609375 0.7328125 0.0578125 0.0609375
128 0.503125 0.690625 0.0625 0.0671875
128 0.434375 0.715625 0.0578125 0.05
128 0.4859375 0.7546875 0.053125 0.053125
128 0.421875 0.653125 0.0515625 0.059375
128 0.428125 0.590625 0.0625 0.0640625
128 0.3578125 0.5375 0.0671875 0.065625
128 0.31875 0.4765625 0.0515625 0.05
128 0.384375 0.465625 0.0515625 0.053125
128 0.340625 0.4078125 0.0671875 0.053125
128 0.2734375 0.43125 0.059375 0.0546875
128 0.2234375 0.475 0.0640625 0.0609375
128 0.2546875 0.534375 0.0578125 0.059375
128 0.2984375 0.5875 0.05 0.05
128 0.3546875 0.534375 0.075 0.0625
128 0.3625 0.6078125 0.0578125 0.065625
128 0.315625 0.64375 0.053125 0.05
128 0.1890625 0.6015625 0.0625 0.059375
128 0.246875 0.646875 0.0578125 0.065625
128 0.1796875 0.6859375 0.0609375 0.0609375
128 0.2765625 0.70625 0.05 0.0578125
128 0.2125 0.7515625 0.0734375 0.0578125
128 0.328125 0.7421875 0.0578125 0.059375
128 0.3640625 0.684375 0.05625 0.065625
