128 0.5984375 0.3859375 0.075 0.0734375
128 0.66875 0.421875 0.071875 0.0859375
128 0.6828125 0.546875 0.06875 0.059375
128 0.7046875 0.6546875 0.0703125 0.071875
128 0.6671875 0.7125 0.06875 0.071875
128 0.6328125 0.65625 0.0640625 0.0671875
128 0.6296875 0.5875 0.0671875 0.071875
128 0.5703125 0.5375 0.065625 0.075
128 0.596875 0.4625 0.075 0.078125
128 0.528125 0.428125 0.065625 0.0578125
128 0.4625 0.4359375 0.0765625 0.065625
128 0.490625 0.5046875 0.059375 0.065625
128 0.4671875 0.728125 0.0734375 0.0734375
128 0.2546875 0.6125 0.0765625 0.075
128 0.2984375 0.6796875 0.08125 0.0796875
128 0.2765625 0.4640625 0.06875 0.0609375
128 0.35 0.45 0.071875 0.084375
128 0.31875 0.5109375 0.06875 0.046875
128 0.325 0.584375 0.0828125 0.0609375
128 0.384375 0.7125 0.078125 0.06875
128 0.3640625 0.65 0.06875 0.0546875
128 0.540625 0.665625 0.078125 0.08125
128 0.475 0.60625 0.0609375 0.065625
128 0.4453125 0.55 0.0578125 0.0625
128 0.4109375 0.6046875 0.0546875 0.05625
128 0.378125 0.546875 0.0578125 0.065625
