128 0.234375 0.253125 0.0875 0.06875
128 0.653125 0.2484375 0.078125 0.0578125
128 0.53125 0.278125 0.071875 0.0671875
128 0.378125 0.2671875 0.0734375 0.0671875
128 0.3140625 0.2859375 0.065625 0.06875
128 0.653125 0.2484375 0.071875 0.0578125
128 0.4703125 0.3125 0.075 0.0703125
128 0.384375 0.3375 0.0671875 0.0703125
128 0.321875 0.346875 0.0609375 0.053125
128 0.2484375 0.3234375 0.0734375 0.0625
128 0.2109375 0.3859375 0.0640625 0.0765625
128 0.2765625 0.3890625 0.046875 0.059375
128 0.2125 0.4671875 0.0796875 0.0640625
128 0.596875 0.33125 0.05625 0.059375
128 0.6640625 0.3203125 0.05625 0.0703125
128 0.725 0.2640625 0.0625 0.05625
128 0.75625 0.321875 0.0640625 0.0609375
128 0.721875 0.3765625 0.0625 0.0640625
128 0.6328125 0.3796875 0.0484375 0.04375
128 0.575 0.3984375 0.053125 0.0484375
128 0.5171875 0.396875 0.0421875 0.05
128 0.45 0.3828125 0.071875 0.05625
128 0.3984375 0.428125 0.05 0.053125
128 0.334375 0.40625 0.05625 0.059375
128 0.2734375 0.390625 0.0578125 0.059375
128 0.290625 0.45625 0.0578125 0.053125
128 0.2625 0.5125 0.059375 0.05
128 0.2734375 0.5765625 0.0640625 0.0578125
128 0.21875 0.6125 0.0640625 0.0546875
128 0.1796875 0.6796875 0.06875 0.06875
128 0.2484375 0.6734375 0.053125 0.0609375
128 0.3046875 0.6359375 0.0546875 0.0546875
128 0.5 0.6421875 0.0625 0.065625
128 0.44375 0.6890625 0.0765625 0.078125
128 0.3578125 0.6984375 0.06875 0.078125
128 0.384375 0.634375 0.0578125 0.0625
128 0.35 0.5828125 0.0671875 0.0609375
128 0.3265625 0.5296875 0.0546875 0.059375
128 0.35 0.471875 0.0515625 0.046875
128 0.46875 0.453125 0.0609375 0.0640625
128 0.409375 0.4828125 0.0515625 0.0625
128 0.4390625 0.596875 0.0640625 0.05625
128 0.3875 0.634375 0.0515625 0.053125
128 0.3515625 0.69375 0.0703125 0.0640625
128 0.440625 0.678125 0.0796875 0.0765625
128 0.3890625 0.54375 0.0546875 0.059375
128 0.45625 0.525 0.0546875 0.0625
128 0.521875 0.50625 0.053125 0.0578125
128 0.5515625 0.453125 0.0515625 0.0546875
128 0.6140625 0.46875 0.0515625 0.0625
128 0.665625 0.4265625 0.05 0.0671875
128 0.6984375 0.4953125 0.065625 0.0703125
128 0.640625 0.528125 0.053125 0.059375
128 0.578125 0.546875 0.053125 0.0484375
128 0.509375 0.571875 0.059375 0.053125
128 0.696875 0.571875 0.06875 0.065625
128 0.6296875 0.6015625 0.0671875 0.0609375
128 0.5625 0.6140625 0.0609375 0.065625
128 0.6390625 0.6703125 0.0703125 0.0703125
128 0.5703125 0.6828125 0.05625 0.06875
