128 0.2046875 0.290625 0.0890625 0.08125
128 0.684375 0.2828125 0.0703125 0.0859375
128 0.5375 0.2796875 0.0703125 0.065625
128 0.68125 0.36875 0.0734375 0.0828125
128 0.6640625 0.4359375 0.0578125 0.071875
128 0.6265625 0.478125 0.053125 0.0625
128 0.6046875 0.4109375 0.0671875 0.0609375
128 0.571875 0.353125 0.0546875 0.05625
128 0.509375 0.3421875 0.0625 0.0578125
128 0.45625 0.3640625 0.0578125 0.065625
128 0.33125 0.346875 0.0734375 0.084375
128 0.2421875 0.4578125 0.0703125 0.075
128 0.3109375 0.4171875 0.0625 0.059375
128 0.4 0.403125 0.0671875 0.065625
128 0.384375 0.471875 0.071875 0.0625
128 0.3140625 0.4953125 0.0609375 0.0703125
128 0.1984375 0.540625 0.071875 0.08125
128 0.2734375 0.553125 0.06875 0.065625
128 0.20625 0.6328125 0.06875 0.078125
128 0.240625 0.70625 0.06875 0.0828125
128 0.2765625 0.625 0.0609375 0.06875
128 0.3328125 0.65 0.0484375 0.0640625
128 0.340625 0.5734375 0.0578125 0.0640625
128 0.4109375 0.54375 0.0640625 0.06875
128 0.39375 0.615625 0.0546875 0.05625
128 0.3890625 0.6859375 0.0453125 0.0671875
128 0.471875 0.5296875 0.0625 0.071875
128 0.5 0.4765625 0.0546875 0.065625
128 0.459375 0.4234375 0.0515625 0.0515625
128 0.5203125 0.4046875 0.0578125 0.065625
128 0.5640625 0.4671875 0.0609375 0.05625
128 0.54375 0.5390625 0.0609375 0.0609375
128 0.615625 0.54375 0.0703125 0.0703125
128 0.575 0.6015625 0.0578125 0.06875
128 0.5046875 0.5921875 0.0640625 0.0515625
128 0.4515625 0.6203125 0.0453125 0.053125
128 0.3921875 0.615625 0.0484375 0.0625
128 0.4515625 0.6953125 0.0578125 0.075
128 0.5140625 0.6625 0.053125 0.0703125
128 0.5796875 0.678125 0.0640625 0.0734375
128 0.65625 0.7015625 0.065625 0.078125
128 0.6484375 0.621875 0.0609375 0.0765625
128 0.50625 0.7328125 0.059375 0.0859375
