128 0.3609375 0.66875 0.06875 0.0515625
128 0.490625 0.70625 0.075 0.05625
128 0.6734375 0.6578125 0.0671875 0.078125
128 0.346875 0.446875 0.071875 0.0671875
128 0.2484375 0.5625 0.071875 0.065625
128 0.4140625 0.50625 0.0796875 0.08125
128 0.575 0.5484375 0.0734375 0.075
128 0.6984375 0.540625 0.0671875 0.075
128 0.3703125 0.6109375 0.071875 0.06875
128 0.5609375 0.6890625 0.0734375 0.08125
128 0.5015625 0.4984375 0.0703125 0.0859375
128 0.578125 0.440625 0.06875 0.065625
128 0.6625 0.4109375 0.0703125 0.06875
