128 0.35 0.3125 0.0953125 0.0984375
128 0.509375 0.328125 0.1015625 0.0890625
128 0.65 0.3375 0.0890625 0.078125
128 0.8234375 0.434375 0.0890625 0.0921875
128 0.8015625 0.55 0.090625 0.084375
128 0.59375 0.5890625 0.0828125 0.090625
128 0.48125 0.5484375 0.0828125 0.0765625
128 0.4078125 0.5921875 0.0890625 0.0765625
128 0.378125 0.709375 0.0828125 0.06875
128 0.2640625 0.4609375 0.0859375 0.084375
128 0.346875 0.49375 0.0765625 0.08125
128 0.44375 0.471875 0.0796875 0.078125
128 0.5640625 0.46875 0.06875 0.078125
128 0.75 0.3640625 0.08125 0.0734375
128 0.7015625 0.403125 0.08125 0.0515625
128 0.690625 0.546875 0.0890625 0.090625
128 0.46875 0.746875 0.0765625 0.06875
128 0.3046875 0.6765625 0.0734375 0.0703125
