128 0.3515625 0.3109375 0.0703125 0.071875
128 0.5078125 0.3296875 0.078125 0.0921875
128 0.26875 0.4703125 0.075 0.0703125
128 0.375 0.709375 0.0703125 0.071875
128 0.415625 0.590625 0.06875 0.0703125
128 0.46875 0.534375 0.0625 0.065625
128 0.4953125 0.59375 0.065625 0.0640625
128 0.5984375 0.54375 0.0640625 0.0671875
128 0.58125 0.653125 0.078125 0.0671875
128 0.7515625 0.634375 0.103125 0.0890625
128 0.784375 0.709375 0.0703125 0.071875
128 0.828125 0.434375 0.078125 0.0796875
128 0.6421875 0.3515625 0.075 0.0828125
128 0.36875 0.465625 0.06875 0.0703125
128 0.53125 0.4375 0.0765625 0.075
128 0.703125 0.4 0.0609375 0.0703125
128 0.69375 0.5484375 0.0703125 0.0765625
128 0.8359375 0.5640625 0.08125 0.0671875
128 0.715625 0.715625 0.08125 0.08125
128 0.453125 0.753125 0.06875 0.0546875
128 0.3078125 0.6828125 0.06875 0.0703125
