128 0.6484375 0.25 0.0828125 0.0625
128 0.7125 0.2890625 0.0765625 0.065625
128 0.6203125 0.309375 0.0671875 0.0734375
128 0.5375 0.2890625 0.0828125 0.0640625
128 0.4421875 0.2765625 0.0640625 0.0734375
128 0.378125 0.2453125 0.0734375 0.0515625
128 0.23125 0.246875 0.0921875 0.0546875
128 0.190625 0.309375 0.0640625 0.0796875
128 0.26875 0.30625 0.0703125 0.0640625
128 0.3421875 0.3109375 0.0734375 0.0609375
128 0.409375 0.3578125 0.0625 0.0609375
128 0.48125 0.3359375 0.05625 0.0578125
128 0.55 0.36875 0.0703125 0.0703125
128 0.61875 0.3859375 0.0546875 0.059375
128 0.678125 0.353125 0.0671875 0.05625
128 0.74375 0.3890625 0.065625 0.0578125
128 0.2984375 0.3640625 0.0484375 0.0390625
128 0.234375 0.371875 0.05625 0.05
128 0.15 0.365625 0.06875 0.0546875
128 0.1921875 0.421875 0.0640625 0.0484375
128 0.2703125 0.4296875 0.05625 0.0578125
128 0.334375 0.4125 0.053125 0.0515625
128 0.396875 0.4375 0.0609375 0.0546875
128 0.4640625 0.3953125 0.0578125 0.0609375
128 0.4609375 0.4703125 0.0703125 0.0734375
128 0.5265625 0.4328125 0.046875 0.0625
128 0.5875 0.45 0.05625 0.0625
128 0.6515625 0.484375 0.065625 0.0625
128 0.7328125 0.459375 0.059375 0.0609375
128 0.5953125 0.5234375 0.05625 0.053125
128 0.709375 0.534375 0.0609375 0.0671875
128 0.6453125 0.56875 0.0671875 0.05625
128 0.5890625 0.615625 0.0640625 0.065625
128 0.5421875 0.5625 0.059375 0.0578125
128 0.484375 0.546875 0.04375 0.046875
128 0.4546875 0.578125 0.0640625 0.0546875
128 0.3953125 0.5671875 0.05 0.0578125
128 0.396875 0.5046875 0.0515625 0.053125
128 0.45625 0.475 0.0640625 0.0640625
128 0.34375 0.475 0.05 0.04375
128 0.2890625 0.5 0.05 0.0546875
128 0.2296875 0.4828125 0.05 0.0671875
128 0.1578125 0.490625 0.0765625 0.065625
128 0.171875 0.55625 0.0609375 0.0578125
128 0.2421875 0.5359375 0.05 0.0546875
128 0.2609375 0.6046875 0.0703125 0.0703125
128 0.234375 0.6765625 0.071875 0.059375
128 0.3359375 0.6 0.0734375 0.0546875
128 0.3 0.6671875 0.0546875 0.065625
128 0.2921875 0.7421875 0.0625 0.065625
128 0.3578125 0.7265625 0.0640625 0.0640625
128 0.365625 0.665625 0.0703125 0.0625
128 0.428125 0.634375 0.065625 0.05
128 0.471875 0.6734375 0.05625 0.05625
128 0.428125 0.7296875 0.0546875 0.0796875
128 0.490625 0.7375 0.0484375 0.0609375
128 0.546875 0.721875 0.0640625 0.065625
128 0.54375 0.6609375 0.0625 0.065625
128 0.4984375 0.6171875 0.046875 0.0640625
128 0.5859375 0.6125 0.0609375 0.065625
