128 0.2671875 0.4671875 0.0796875 0.0734375
128 0.3453125 0.496875 0.065625 0.0671875
128 0.4078125 0.4734375 0.0578125 0.075
128 0.4484375 0.4140625 0.071875 0.084375
128 0.528125 0.4390625 0.065625 0.065625
128 0.65625 0.3453125 0.078125 0.0625
128 0.8328125 0.4390625 0.0875 0.090625
128 0.6546875 0.471875 0.078125 0.075
128 0.615625 0.5390625 0.0640625 0.05625
128 0.675 0.6140625 0.0875 0.065625
128 0.6765625 0.6828125 0.0859375 0.0703125
128 0.7265625 0.7515625 0.103125 0.053125
128 0.4359375 0.5796875 0.0953125 0.0734375
128 0.415625 0.6453125 0.0703125 0.059375
128 0.375 0.7078125 0.065625 0.0671875
128 0.534375 0.5078125 0.05625 0.05625
128 0.4640625 0.496875 0.04375 0.059375
128 0.7515625 0.3625 0.0609375 0.065625
128 0.6921875 0.403125 0.0640625 0.053125
128 0.309375 0.6796875 0.0671875 0.078125
128 0.4890625 0.7234375 0.078125 0.0796875
128 0.6921875 0.546875 0.0859375 0.071875
128 0.584375 0.4734375 0.0484375 0.0515625
