128 0.1703125 0.3421875 0.0734375 0.0796875
128 0.2421875 0.371875 0.0765625 0.0671875
128 0.221875 0.440625 0.0828125 0.0671875
128 0.353125 0.3875 0.0640625 0.078125
128 0.303125 0.421875 0.0578125 0.0640625
128 0.28125 0.4890625 0.0703125 0.0640625
128 0.3625 0.4609375 0.0609375 0.0578125
128 0.4078125 0.41875 0.0578125 0.0515625
128 0.4703125 0.4359375 0.0578125 0.0578125
128 0.425 0.4859375 0.0578125 0.065625
128 0.5359375 0.446875 0.065625 0.0703125
128 0.4859375 0.496875 0.05 0.0484375
128 0.6171875 0.4609375 0.0609375 0.05625
128 0.5890625 0.51875 0.0671875 0.0609375
128 0.6703125 0.5421875 0.065625 0.0609375
128 0.4578125 0.5546875 0.0640625 0.06875
128 0.3734375 0.5359375 0.0765625 0.0578125
128 0.403125 0.6015625 0.0734375 0.0578125
128 0.3734375 0.6640625 0.0671875 0.071875
128 0.4421875 0.6609375 0.059375 0.0625
128 0.4890625 0.61875 0.0578125 0.065625
128 0.5265625 0.55 0.06875 0.0625
128 0.6171875 0.5828125 0.0625 0.059375
128 0.55625 0.6203125 0.078125 0.059375
128 0.490625 0.6203125 0.0578125 0.053125
128 0.525 0.690625 0.0734375 0.06875
128 0.596875 0.68125 0.0671875 0.0671875
128 0.7203125 0.65625 0.0703125 0.0890625
128 0.65 0.640625 0.05625 0.0609375
128 0.675 0.7109375 0.078125 0.0640625
