128 0.2109375 0.3125 0.0703125 0.0703125
128 0.303125 0.421875 0.071875 0.0671875
128 0.2796875 0.4984375 0.05625 0.0703125
128 0.2078125 0.4984375 0.0796875 0.0671875
128 0.2515625 0.578125 0.0640625 0.0671875
128 0.1828125 0.6296875 0.071875 0.0671875
128 0.1953125 0.696875 0.0671875 0.0671875
128 0.21875 0.7515625 0.0703125 0.059375
128 0.2578125 0.6484375 0.071875 0.0734375
128 0.2859375 0.7453125 0.059375 0.0671875
128 0.3359375 0.7078125 0.065625 0.0796875
128 0.33125 0.6328125 0.0703125 0.0703125
128 0.315625 0.5609375 0.0546875 0.059375
128 0.3609375 0.4828125 0.0734375 0.0671875
128 0.403125 0.4328125 0.0671875 0.0640625
128 0.4328125 0.5 0.040625 0.0640625
128 0.38125 0.5421875 0.05625 0.05
128 0.41875 0.59375 0.05625 0.0625
128 0.4 0.659375 0.0703125 0.0734375
128 0.4203125 0.7359375 0.06875 0.08125
128 0.4609375 0.690625 0.05 0.065625
128 0.5109375 0.6671875 0.0578125 0.0734375
128 0.475 0.6109375 0.053125 0.0703125
128 0.48125 0.54375 0.059375 0.059375
128 0.4890625 0.4828125 0.0609375 0.0578125
128 0.4671875 0.4234375 0.0546875 0.0671875
128 0.53125 0.403125 0.059375 0.0640625
128 0.5328125 0.3375 0.0703125 0.0703125
128 0.553125 0.4765625 0.06875 0.0671875
128 0.5515625 0.5421875 0.05625 0.0546875
128 0.5421875 0.6015625 0.0640625 0.0625
128 0.553125 0.725 0.06875 0.0734375
128 0.6203125 0.6546875 0.0578125 0.06875
128 0.60625 0.5859375 0.0625 0.071875
128 0.615625 0.5125 0.0625 0.0703125
128 0.6015625 0.4203125 0.071875 0.071875
128 0.59375 0.3546875 0.0546875 0.053125
128 0.6328125 0.29375 0.0578125 0.071875
128 0.6640625 0.371875 0.0671875 0.0671875
128 0.6640625 0.453125 0.065625 0.06875
128 0.6765625 0.5390625 0.0625 0.0640625
128 0.725 0.4875 0.0671875 0.071875
