128 0.409375 0.3765625 0.06875 0.0703125
128 0.5609375 0.428125 0.084375 0.071875
128 0.68125 0.48125 0.075 0.059375
128 0.44375 0.496875 0.0890625 0.078125
128 0.5265625 0.5078125 0.0671875 0.0640625
128 0.4125 0.621875 0.0796875 0.0765625
128 0.484375 0.653125 0.0515625 0.05
128 0.353125 0.7015625 0.075 0.08125
128 0.3375 0.53125 0.06875 0.0640625
128 0.63125 0.5953125 0.0734375 0.0671875
128 0.6671875 0.6640625 0.0671875 0.0640625
128 0.546875 0.6859375 0.0734375 0.078125
128 0.4734375 0.71875 0.071875 0.075
128 0.7296875 0.609375 0.06875 0.065625
128 0.653125 0.4078125 0.078125 0.0625
