128 0.715625 0.2859375 0.0796875 0.08125
128 0.640625 0.365625 0.0796875 0.06875
128 0.696875 0.403125 0.0546875 0.05
128 0.7171875 0.4640625 0.065625 0.0640625
128 0.76875 0.54375 0.0734375 0.06875
128 0.7453125 0.6140625 0.0734375 0.065625
128 0.690625 0.53125 0.0640625 0.0640625
128 0.6484375 0.45 0.059375 0.0546875
128 0.5796875 0.4125 0.0671875 0.075
128 0.5140625 0.41875 0.059375 0.0578125
128 0.4421875 0.440625 0.0609375 0.0546875
128 0.403125 0.3625 0.075 0.06875
128 0.3765625 0.284375 0.0765625 0.0640625
128 0.30625 0.278125 0.0625 0.06875
128 0.23125 0.2515625 0.075 0.065625
128 0.25 0.3203125 0.075 0.0578125
128 0.2765625 0.3828125 0.05625 0.0578125
128 0.2171875 0.3984375 0.0703125 0.0609375
128 0.325 0.3390625 0.0609375 0.0421875
128 0.353125 0.396875 0.053125 0.05
128 0.3 0.4484375 0.065625 0.0609375
128 0.2125 0.5453125 0.0734375 0.071875
128 0.16875 0.6046875 0.075 0.0640625
128 0.2125 0.4703125 0.0828125 0.06875
128 0.371875 0.4546875 0.0578125 0.053125
128 0.3359375 0.5 0.0609375 0.0640625
128 0.2734375 0.5078125 0.0546875 0.053125
128 0.278125 0.5796875 0.075 0.0609375
128 0.2390625 0.6421875 0.06875 0.065625
128 0.2265625 0.7171875 0.0703125 0.05625
128 0.290625 0.7078125 0.0609375 0.0703125
128 0.309375 0.6359375 0.059375 0.0671875
128 0.3546875 0.565625 0.0671875 0.0625
128 0.375 0.6234375 0.0640625 0.0625
128 0.41875 0.7125 0.0609375 0.0734375
128 0.359375 0.6859375 0.0625 0.0578125
128 0.353125 0.746875 0.065625 0.053125
128 0.396875 0.50625 0.053125 0.0640625
128 0.4953125 0.6609375 0.0640625 0.06875
128 0.440625 0.63125 0.0546875 0.0671875
128 0.4375 0.55625 0.0578125 0.071875
128 0.50625 0.5859375 0.0578125 0.06875
128 0.4890625 0.4984375 0.05625 0.053125
128 0.540625 0.5296875 0.0671875 0.05
128 0.55 0.4765625 0.0453125 0.053125
128 0.6125 0.509375 0.0625 0.0625
128 0.675 0.65 0.0609375 0.065625
128 0.6109375 0.6265625 0.053125 0.0578125
128 0.5546875 0.625 0.05625 0.0546875
128 0.5875 0.5671875 0.046875 0.0484375
128 0.65 0.58125 0.0578125 0.0546875
