128 0.68125 0.3109375 0.078125 0.078125
128 0.7515625 0.3375 0.0625 0.0734375
128 0.728125 0.45 0.0609375 0.084375
128 0.696875 0.3890625 0.065625 0.0671875
128 0.61875 0.4 0.05625 0.05
128 0.6578125 0.4609375 0.065625 0.065625
128 0.55625 0.378125 0.065625 0.0609375
128 0.5140625 0.3390625 0.0609375 0.059375
128 0.4375 0.334375 0.0765625 0.0625
128 0.309375 0.3234375 0.084375 0.059375
128 0.3515625 0.371875 0.065625 0.0578125
128 0.284375 0.390625 0.071875 0.0625
128 0.2109375 0.421875 0.0703125 0.065625
128 0.1828125 0.4859375 0.090625 0.0671875
128 0.2 0.553125 0.084375 0.059375
128 0.1765625 0.621875 0.0796875 0.06875
128 0.2515625 0.6734375 0.065625 0.078125
128 0.3359375 0.74375 0.0828125 0.0734375
128 0.75 0.6875 0.078125 0.0625
128 0.6875 0.725 0.075 0.0640625
128 0.6890625 0.6328125 0.059375 0.075
128 0.63125 0.6796875 0.0640625 0.078125
128 0.5453125 0.7640625 0.06875 0.0328125
128 0.48125 0.75625 0.0828125 0.05
128 0.421875 0.73125 0.0625 0.0625
128 0.3828125 0.6953125 0.0609375 0.059375
128 0.3203125 0.6625 0.0578125 0.0671875
128 0.2578125 0.596875 0.0625 0.0625
128 0.259375 0.515625 0.065625 0.059375
128 0.2734375 0.45 0.0515625 0.0671875
128 0.34375 0.4328125 0.0671875 0.0625
128 0.4046875 0.4046875 0.0484375 0.05
128 0.475 0.396875 0.053125 0.0546875
128 0.521875 0.4390625 0.0484375 0.0609375
128 0.584375 0.446875 0.053125 0.05
128 0.6484375 0.4546875 0.053125 0.05625
128 0.628125 0.5296875 0.0765625 0.0625
128 0.546875 0.5046875 0.0609375 0.0546875
128 0.4859375 0.496875 0.0484375 0.0484375
128 0.3875 0.4921875 0.0578125 0.0578125
128 0.4453125 0.453125 0.0515625 0.053125
128 0.328125 0.509375 0.053125 0.0578125
128 0.375 0.5515625 0.05625 0.053125
128 0.325 0.5890625 0.0515625 0.0546875
128 0.378125 0.621875 0.059375 0.0546875
128 0.4375 0.596875 0.071875 0.059375
128 0.50625 0.5640625 0.0671875 0.06875
128 0.4390625 0.528125 0.0484375 0.0609375
128 0.5671875 0.56875 0.0484375 0.053125
128 0.628125 0.6078125 0.05625 0.0640625
128 0.5640625 0.6421875 0.06875 0.0703125
128 0.4984375 0.6234375 0.0515625 0.0453125
128 0.503125 0.690625 0.0546875 0.0578125
128 0.4390625 0.665625 0.0546875 0.0609375
128 0.571875 0.7203125 0.059375 0.065625
