128 0.65 0.34375 0.0671875 0.0796875
128 0.7046875 0.403125 0.0578125 0.059375
128 0.75 0.3671875 0.065625 0.065625
128 0.4421875 0.428125 0.0765625 0.0625
128 0.378125 0.5203125 0.0734375 0.071875
128 0.309375 0.6984375 0.071875 0.06875
128 0.446875 0.71875 0.0609375 0.075
128 0.60625 0.5578125 0.071875 0.0515625
128 0.69375 0.5390625 0.071875 0.0734375
128 0.2734375 0.465625 0.06875 0.0671875
128 0.3453125 0.4609375 0.059375 0.0515625
128 0.446875 0.4921875 0.065625 0.05625
128 0.5828125 0.4859375 0.0828125 0.071875
128 0.5828125 0.621875 0.0640625 0.0671875
128 0.6609375 0.609375 0.0703125 0.065625
128 0.7203125 0.475 0.065625 0.0625
128 0.8296875 0.4421875 0.078125 0.0671875
128 0.471875 0.5671875 0.059375 0.065625
