128 0.334375 0.44375 0.0703125 0.0640625
128 0.2890625 0.5 0.0703125 0.0640625
128 0.2734375 0.5703125 0.0828125 0.0703125
128 0.4203125 0.5515625 0.0515625 0.0609375
128 0.415625 0.4828125 0.0265625 0.0484375
128 0.446875 0.4546875 0.0375 0.0421875
128 0.5125 0.4421875 0.071875 0.0640625
128 0.6265625 0.6078125 0.08125 0.090625
128 0.546875 0.615625 0.065625 0.071875
128 0.5484375 0.534375 0.0546875 0.0640625
128 0.478125 0.509375 0.0578125 0.0609375
128 0.4828125 0.5765625 0.0484375 0.0578125
128 0.3625 0.509375 0.0515625 0.0546875
