128 0.3734375 0.3625 0.0703125 0.06875
128 0.2703125 0.4046875 0.0703125 0.0625
128 0.2234375 0.496875 0.071875 0.0703125
128 0.3109375 0.4796875 0.0671875 0.0671875
128 0.3609375 0.425 0.0609375 0.059375
128 0.421875 0.4078125 0.0609375 0.0640625
128 0.409375 0.471875 0.0703125 0.0578125
128 0.3953125 0.5359375 0.065625 0.0609375
128 0.3234375 0.5453125 0.0765625 0.0671875
128 0.3046875 0.61875 0.0546875 0.065625
128 0.3484375 0.7 0.06875 0.071875
128 0.375 0.6046875 0.065625 0.06875
128 0.428125 0.640625 0.0515625 0.0671875
128 0.4390625 0.58125 0.053125 0.05
128 0.4546875 0.5203125 0.053125 0.065625
128 0.471875 0.45 0.053125 0.0625
128 0.51875 0.49375 0.059375 0.0578125
128 0.4984375 0.5671875 0.059375 0.0578125
128 0.490625 0.634375 0.0546875 0.065625
128 0.4890625 0.3984375 0.059375 0.05
128 0.5546875 0.41875 0.05625 0.0671875
128 0.5890625 0.484375 0.065625 0.071875
128 0.5609375 0.54375 0.059375 0.0578125
128 0.5515625 0.6171875 0.0609375 0.0625
128 0.534375 0.703125 0.075 0.0609375
128 0.609375 0.5828125 0.0671875 0.0609375
128 0.6578125 0.6234375 0.0546875 0.059375
128 0.653125 0.5265625 0.0640625 0.059375
128 0.653125 0.4296875 0.0796875 0.0609375
