128 0.6515625 0.2578125 0.078125 0.0765625
128 0.71875 0.296875 0.065625 0.05
128 0.378125 0.2546875 0.084375 0.065625
128 0.2328125 0.2578125 0.090625 0.078125
128 0.21875 0.3421875 0.0734375 0.0546875
128 0.203125 0.4109375 0.0859375 0.0609375
128 0.2875 0.328125 0.0578125 0.0640625
128 0.3703125 0.325 0.0796875 0.0796875
128 0.459375 0.3765625 0.06875 0.06875
128 0.33125 0.3875 0.05625 0.0671875
128 0.271875 0.396875 0.065625 0.0546875
128 0.3671875 0.4359375 0.0515625 0.0546875
128 0.4265625 0.44375 0.05625 0.071875
128 0.3828125 0.5 0.0625 0.0640625
128 0.30625 0.5203125 0.0640625 0.0515625
128 0.3078125 0.453125 0.05 0.0515625
128 0.246875 0.4828125 0.0703125 0.0546875
128 0.1765625 0.46875 0.0796875 0.0640625
128 0.140625 0.528125 0.0765625 0.0515625
128 0.2171875 0.5328125 0.065625 0.053125
128 0.58125 0.4046875 0.075 0.0578125
128 0.6734375 0.371875 0.075 0.075
128 0.7453125 0.3609375 0.05625 0.06875
128 0.6515625 0.44375 0.0625 0.0546875
128 0.59375 0.4703125 0.05625 0.05
128 0.528125 0.4421875 0.0640625 0.0609375
128 0.728125 0.4609375 0.06875 0.071875
128 0.70625 0.5359375 0.065625 0.05625
128 0.6453125 0.5125 0.0625 0.053125
128 0.5578125 0.5265625 0.0671875 0.059375
128 0.5046875 0.496875 0.05625 0.0609375
128 0.4484375 0.5015625 0.046875 0.0453125
128 0.228125 0.5859375 0.08125 0.046875
128 0.140625 0.59375 0.0765625 0.0546875
128 0.1109375 0.659375 0.075 0.0671875
128 0.18125 0.646875 0.0625 0.0546875
128 0.253125 0.646875 0.0546875 0.0609375
128 0.321875 0.6375 0.0546875 0.0609375
128 0.371875 0.590625 0.078125 0.0765625
128 0.43125 0.553125 0.059375 0.0671875
128 0.49375 0.58125 0.065625 0.0671875
128 0.4375 0.61875 0.053125 0.06875
128 0.390625 0.6625 0.0703125 0.0546875
128 0.653125 0.584375 0.0703125 0.0625
128 0.559375 0.59375 0.0578125 0.0578125
128 0.71875 0.61875 0.0765625 0.06875
128 0.4859375 0.6421875 0.053125 0.05
128 0.4328125 0.7078125 0.0546875 0.05625
128 0.365625 0.73125 0.0609375 0.0703125
128 0.3 0.70625 0.0734375 0.0609375
128 0.1796875 0.715625 0.0828125 0.0625
128 0.24375 0.7515625 0.059375 0.053125
128 0.496875 0.7125 0.0578125 0.0609375
128 0.5640625 0.7453125 0.0578125 0.065625
128 0.5515625 0.6625 0.0578125 0.06875
128 0.684375 0.6875 0.065625 0.0640625
128 0.625 0.7234375 0.05625 0.0734375
128 0.69375 0.7515625 0.0734375 0.05625
128 0.6125 0.6375 0.0546875 0.0671875
