128 0.4421875 0.4625 0.0546875 0.075
128 0.3765625 0.5046875 0.059375 0.0609375
128 0.30625 0.5140625 0.06875 0.0625
128 0.271875 0.6 0.075 0.0703125
128 0.2609375 0.6765625 0.0875 0.078125
128 0.196875 0.6328125 0.078125 0.06875
128 0.3625 0.659375 0.071875 0.065625
128 0.3625 0.58125 0.0734375 0.071875
128 0.41875 0.5453125 0.0515625 0.059375
128 0.478125 0.5375 0.0546875 0.046875
128 0.4734375 0.5828125 0.0453125 0.040625
128 0.503125 0.484375 0.0578125 0.0609375
128 0.5390625 0.5609375 0.06875 0.06875
128 0.571875 0.496875 0.0671875 0.071875
128 0.6234375 0.55 0.078125 0.0703125
128 0.6359375 0.46875 0.084375 0.06875
128 0.7015625 0.490625 0.065625 0.065625
