223 0.1765625 0.2171875 0.078125 0.09375
223 0.3171875 0.2140625 0.078125 0.1
223 0.4625 0.221875 0.075 0.0953125
223 0.70625 0.2328125 0.3109375 0.0828125
223 0.70625 0.3328125 0.3015625 0.0765625
223 0.70625 0.446875 0.31875 0.0640625
223 0.70625 0.5625 0.3109375 0.053125
223 0.7015625 0.665625 0.334375 0.0671875
223 0.634375 0.7609375 0.078125 0.0828125
223 0.78125 0.7625 0.078125 0.09375
223 0.6546875 0.90625 0.1234375 0.1546875
223 0.8046875 0.909375 0.1171875 0.15
223 0.4625 0.5625 0.0859375 0.0921875
223 0.4625 0.4453125 0.0875 0.1
223 0.4625 0.334375 0.0890625 0.08125
223 0.31875 0.3359375 0.0703125 0.0953125
223 0.3171875 0.4515625 0.0828125 0.0921875
223 0.3140625 0.55625 0.08125 0.0875
223 0.175 0.5625 0.0953125 0.0953125
223 0.171875 0.4453125 0.1125 0.09375
223 0.178125 0.3296875 0.090625 0.0953125
