2 0.93671875 0.2796875 0.03125 0.084375
2 0.9453125 0.24140625 0.0171875 0.0640625
2 0.940625 0.19921875 0.015625 0.0421875
2 0.69765625 0.1859375 0.0171875 0.0640625
2 0.63203125 0.1734375 0.015625 0.0671875
2 0.484375 0.15390625 0.015625 0.0828125
2 0.4125 0.17734375 0.0203125 0.0828125
2 0.365625 0.18984375 0.034375 0.053125
2 0.3859375 0.16484375 0.025 0.0828125
2 0.34140625 0.128125 0.0234375 0.0765625
2 0.409375 0.08046875 0.0125 0.0453125
2 0.4265625 0.14921875 0.015625 0.0765625
2 0.4421875 0.14609375 0.015625 0.09375
2 0.459375 0.16328125 0.0234375 0.0796875
2 0.42734375 0.09453125 0.015625 0.05
2 0.46484375 0.11875 0.015625 0.0546875
2 0.47578125 0.13046875 0.0171875 0.059375
2 0.4359375 0.11953125 0.0140625 0.0609375
308 1 0.20680303125 0.339353753125 0.08964244375 0.0637241078125 0.9255358812500001 1 0.9351546140625 1 0.20680303125