308 1 0.21374462031250002 0.338202834375 0.08562517187499999 0.06535675937499999 0.93027764375 1 0.9361221453124999 1 0.21374462031250002
2 0.35703125 0.13984375 0.0203125 0.0796875
2 0.5296875 0.10078125 0.0109375 0.0390625
2 0.59296875 0.13828125 0.009375 0.0515625
2 0.5953125 0.146875 0.0140625 0.05625
2 0.6078125 0.13046875 0.0125 0.0328125
2 0.60546875 0.15859375 0.0140625 0.0609375
2 0.61171875 0.1671875 0.0125 0.0546875
2 0.6140625 0.17421875 0.0125 0.0640625
2 0.61953125 0.1625 0.0046875 0.05625
2 0.625 0.1609375 0.0078125 0.0609375
2 0.640625 0.17109375 0.0125 0.0625
2 0.65 0.1765625 0.0140625 0.0640625
2 0.6578125 0.17265625 0.0125 0.0671875
2 0.821875 0.2328125 0.0171875 0.078125
2 0.83828125 0.23984375 0.015625 0.0671875
2 0.8265625 0.23203125 0.0171875 0.071875
2 0.965625 0.37421875 0.0328125 0.1203125
