2 0.3609375 0.12890625 0.01875 0.078125
2 0.4515625 0.08671875 0.0125 0.04375
2 0.49921875 0.15078125 0.021875 0.0734375
2 0.56015625 0.1328125 0.0140625 0.0484375
2 0.5734375 0.17265625 0.0203125 0.075
2 0.596875 0.1625 0.0140625 0.0671875
2 0.609375 0.16796875 0.025 0.0625
2 0.653125 0.2125 0.021875 0.0875
2 0.6828125 0.20390625 0.021875 0.0703125
2 0.7734375 0.2375 0.0234375 0.0796875
2 0.78046875 0.18359375 0.0140625 0.040625
2 0.81484375 0.32109375 0.0296875 0.11875
2 0.9015625 0.43203125 0.04375 0.1453125
2 0.97421875 0.37734375 0.0375 0.125
2 0.86328125 0.26875 0.025 0.08125
2 0.93203125 0.22265625 0.0203125 0.0578125
2 0.98359375 0.21328125 0.0140625 0.05
308 1 0.2084585828125 0.338589115625 0.08767540625 0.0614558453125 0.9281748765625 1 0.9364557546875 1 0.2084585828125
