2 0.93671875 0.23125 0.0171875 0.0625
2 0.96171875 0.20390625 0.0140625 0.0484375
2 0.82578125 0.1875 0.0140625 0.05
2 0.76875 0.1734375 0.0203125 0.05
2 0.66015625 0.16875 0.0171875 0.065625
2 0.58515625 0.17421875 0.0125 0.0734375
2 0.56484375 0.1703125 0.01875 0.075
2 0.57578125 0.184375 0.01875 0.0828125
2 0.53671875 0.13515625 0.0140625 0.0546875
2 0.5453125 0.13125 0.015625 0.053125
2 0.47578125 0.1265625 0.015625 0.0625
2 0.45859375 0.1640625 0.01875 0.0671875
2 0.43125 0.15625 0.01875 0.0734375
2 0.41796875 0.1390625 0.01875 0.0765625
2 0.45625 0.1265625 0.0125 0.0609375
2 0.3671875 0.075 0.01875 0.046875
286 0.35234375 0.09296875 0.00625 0.0109375
2 0.353125 0.07109375 0.0109375 0.046875
2 0.36796875 0.13203125 0.01875 0.0796875
308 1 0.208196984375 0.338120928125 0.0888449859375 0.0635228265625 0.9312667156250001 1 0.937154034375 1 0.208196984375
