308 1 0.21410915625000002 0.33877928125 0.08406975312500001 0.069212046875 0.9240740671875001 1 0.93796295625 1 0.21410915625000002
2 0.37890625 0.1234375 0.0171875 0.0671875
2 0.40078125 0.115625 0.01875 0.0578125
2 0.4828125 0.10390625 0.0140625 0.0453125
2 0.50078125 0.1609375 0.015625 0.06875
2 0.4015625 0.07578125 0.009375 0.040625
286 0.38203125 0.1515625 0.00625 0.009375
2 0.55 0.14609375 0.0125 0.059375
2 0.58671875 0.11796875 0.0140625 0.04375
2 0.6125 0.17109375 0.0171875 0.06875
2 0.62265625 0.165625 0.0125 0.06875
2 0.65625 0.1984375 0.0234375 0.071875
2 0.7 0.18046875 0.0125 0.0640625
2 0.79921875 0.26328125 0.028125 0.0828125
2 0.7671875 0.1984375 0.021875 0.0671875
2 0.8234375 0.17890625 0.0109375 0.05
2 0.80703125 0.20078125 0.0171875 0.0609375
2 0.990625 0.22421875 0.01875 0.0484375
