2 0.41328125 0.09609375 0.0171875 0.0546875
2 0.99453125 0.275 0.0109375 0.0671875
2 0.9625 0.2015625 0.0109375 0.0453125
2 0.9359375 0.18828125 0.015625 0.0453125
2 0.91953125 0.1859375 0.0109375 0.0453125
2 0.909375 0.21640625 0.015625 0.0609375
2 0.88671875 0.225 0.0203125 0.0671875
2 0.8609375 0.215625 0.01875 0.06875
2 0.89765625 0.21640625 0.0140625 0.0640625
2 0.89609375 0.171875 0.0140625 0.0421875
308 1 0.20828246875 0.33877096562500003 0.08751854375 0.066408790625 0.9282358531250001 1 0.9363818203125 1 0.20828246875
