2 0.4234375 0.2125 0.0328125 0.1015625
2 0.50703125 0.2 0.01875 0.0953125
2 0.31796875 0.140625 0.0171875 0.0875
2 0.3953125 0.07578125 0.0125 0.04375
2 0.5328125 0.2 0.028125 0.090625
2 0.521875 0.18046875 0.0140625 0.084375
2 0.56171875 0.14453125 0.0203125 0.0609375
2 0.509375 0.1375 0.015625 0.046875
2 0.60703125 0.2046875 0.03125 0.0828125
2 0.6296875 0.22578125 0.0234375 0.096875
2 0.6921875 0.23203125 0.0203125 0.084375
2 0.71796875 0.221875 0.0234375 0.0859375
2 0.68828125 0.1671875 0.015625 0.0578125
2 0.76640625 0.16328125 0.0125 0.0484375
2 0.834375 0.2015625 0.015625 0.0640625
2 0.921875 0.20390625 0.015625 0.053125
2 0.9875 0.2453125 0.0234375 0.0703125
2 0.97734375 0.3640625 0.0453125 0.109375
308 1 0.20706209375 0.3380739234375 0.0865239953125 0.06542 0.9203112078125001 1 0.9380769765625001 1 0.20706209375
