308 1 0.215013153125 0.33811256093750003 0.0855713765625 0.0615209625 0.9318156453125 1 0.937991153125 1 0.215013153125
2 0.3609375 0.134375 0.01875 0.075
2 0.415625 0.08046875 0.0125 0.0421875
2 0.528125 0.1890625 0.0203125 0.0828125
2 0.59375 0.23984375 0.03125 0.0921875
2 0.596875 0.1828125 0.01875 0.0734375
2 0.60625 0.1453125 0.0125 0.0453125
2 0.63203125 0.1546875 0.0171875 0.05625
2 0.65703125 0.2265625 0.0234375 0.084375
2 0.67109375 0.2203125 0.015625 0.0828125
2 0.740625 0.17109375 0.0125 0.040625
2 0.7390625 0.209375 0.0140625 0.0671875
2 0.75625 0.221875 0.0203125 0.06875
2 0.75390625 0.19765625 0.0109375 0.025
2 0.8609375 0.20859375 0.015625 0.059375
2 0.88046875 0.225 0.01875 0.065625
