308 1 0.213612053125 0.33864914375 0.0841223734375 0.0600293125 0.9330405234375 1 0.936652759375 1 0.213612053125
2 0.39765625 0.1390625 0.0140625 0.075
2 0.5109375 0.09921875 0.0140625 0.040625
2 0.55546875 0.153125 0.015625 0.0609375
2 0.56484375 0.1609375 0.0125 0.0609375
2 0.5796875 0.171875 0.015625 0.0640625
2 0.5890625 0.17109375 0.015625 0.071875
2 0.6 0.175 0.0171875 0.071875
2 0.609375 0.14765625 0.0109375 0.0375
2 0.596875 0.13046875 0.0109375 0.03125
2 0.58125 0.134375 0.0109375 0.04375
2 0.61953125 0.16953125 0.0234375 0.059375
2 0.63125 0.153125 0.0140625 0.0546875
2 0.63359375 0.17890625 0.0140625 0.065625
2 0.64375 0.17578125 0.009375 0.0515625
2 0.6546875 0.18515625 0.01875 0.0640625
2 0.7328125 0.26796875 0.0296875 0.0875
2 0.74609375 0.26796875 0.0171875 0.09375
2 0.7 0.1875 0.0109375 0.0671875
