2 0.39921875 0.13125 0.015625 0.075
2 0.40625 0.07890625 0.0140625 0.0484375
286 0.41328125 0.1625 0.009375 0.0171875
2 0.71484375 0.2125 0.0203125 0.075
2 0.8125 0.22265625 0.021875 0.0703125
2 0.8984375 0.22421875 0.0203125 0.065625
2 0.759375 0.18671875 0.01875 0.065625
2 0.7296875 0.18046875 0.0171875 0.0609375
2 0.88828125 0.19375 0.015625 0.0484375
2 0.94140625 0.18515625 0.015625 0.0390625
2 0.90625 0.19375 0.0109375 0.040625
308 1 0.20859899999999998 0.338204840625 0.08898936874999999 0.06300335625 0.9249329843749999 1 0.939520246875 1 0.20859899999999998
