2 0.43515625 0.14375 0.0203125 0.08125
2 0.5953125 0.1125 0.0171875 0.04375
2 0.71875 0.16953125 0.0140625 0.0546875
2 0.73125 0.16953125 0.0125 0.05625
2 0.76015625 0.17578125 0.0125 0.053125
2 0.76640625 0.1890625 0.015625 0.0578125
2 0.78125 0.16953125 0.0125 0.0515625
2 0.8984375 0.25 0.0265625 0.065625
2 0.971875 0.234375 0.01875 0.059375
2 0.8765625 0.240625 0.021875 0.075
2 0.8390625 0.23671875 0.01875 0.075
2 0.9484375 0.196875 0.0171875 0.0421875
308 1 0.21479793125 0.3381196203125 0.0861888359375 0.0609419875 0.9295383125000001 1 0.9331034062500001 1 0.21479793125