308 1 0.21652726718749998 0.33915912656249997 0.08058813125 0.059207701562500006 0.9345864828125 1 0.9358223812500001 1 0.21652726718749998
2 0.32421875 0.11171875 0.0171875 0.0671875
2 0.35859375 0.06796875 0.0109375 0.04375
2 0.378125 0.1125 0.0125 0.0640625
2 0.3921875 0.096875 0.0140625 0.046875
2 0.4140625 0.128125 0.015625 0.0671875
2 0.4296875 0.13984375 0.01875 0.071875
2 0.50078125 0.13671875 0.0203125 0.05625
2 0.50625 0.16015625 0.015625 0.0734375
2 0.51484375 0.16484375 0.0140625 0.071875
2 0.5234375 0.15078125 0.0203125 0.0578125
2 0.5390625 0.15859375 0.0109375 0.071875
2 0.54765625 0.15546875 0.0109375 0.0671875
2 0.57265625 0.12890625 0.0125 0.0515625
2 0.596875 0.14296875 0.015625 0.0578125
2 0.60625 0.18984375 0.0171875 0.0703125
2 0.66875 0.20390625 0.0203125 0.075
2 0.684375 0.22109375 0.03125 0.0828125
2 0.73359375 0.2 0.0203125 0.0609375
2 0.71015625 0.1875 0.0125 0.065625