2 0.35546875 0.12265625 0.0171875 0.071875
2 0.4171875 0.08125 0.0125 0.04375
286 0.43046875 0.1640625 0.009375 0.0171875
2 0.81953125 0.2375 0.0265625 0.071875
2 0.89921875 0.2421875 0.021875 0.06875
2 0.815625 0.19921875 0.0203125 0.059375
2 0.83515625 0.2 0.01875 0.0609375
2 0.90546875 0.18671875 0.0140625 0.0328125
2 0.92890625 0.20078125 0.0171875 0.0484375
2 0.98671875 0.1953125 0.0171875 0.040625
308 1 0.2062083359375 0.3379454171875 0.0898705765625 0.0629731390625 0.928502596875 1 0.9346732828125001 1 0.2062083359375