2 0.91796875 0.23203125 0.0171875 0.0671875
2 0.73828125 0.21484375 0.0234375 0.071875
2 0.7 0.18984375 0.015625 0.0703125
2 0.9625 0.2015625 0.0125 0.0484375
2 0.73125 0.18828125 0.015625 0.0640625
2 0.49765625 0.15 0.0203125 0.0703125
2 0.378125 0.07578125 0.01875 0.04375
2 0.33125 0.1390625 0.0171875 0.0828125
2 0.34296875 0.07421875 0.0171875 0.0453125
2 0.3734375 0.1859375 0.046875 0.0390625
2 0.4078125 0.19765625 0.0234375 0.078125
2 0.396875 0.16875 0.0203125 0.0796875
2 0.46796875 0.15390625 0.015625 0.0671875
2 0.45390625 0.16015625 0.015625 0.0828125
2 0.421875 0.16640625 0.0171875 0.08125
2 0.43359375 0.153125 0.0140625 0.08125
2 0.4421875 0.14453125 0.0125 0.075
308 1 0.2064431140625 0.339473765625 0.0832653890625 0.0627070953125 0.9289940109374999 1 0.9372517359374999 1 0.2064431140625
