2 0.4703125 0.15 0.01875 0.0765625
2 0.60078125 0.1125 0.0171875 0.04375
2 0.7109375 0.16328125 0.0140625 0.053125
2 0.7203125 0.17109375 0.015625 0.053125
2 0.7328125 0.15625 0.0109375 0.046875
2 0.771875 0.17265625 0.0109375 0.0484375
2 0.82890625 0.22421875 0.0203125 0.0609375
2 0.7671875 0.15390625 0.0109375 0.040625
2 0.93125 0.20390625 0.0125 0.0484375
2 0.96875 0.22890625 0.0171875 0.053125
2 0.98828125 0.25625 0.0234375 0.0515625
2 0.97578125 0.24921875 0.021875 0.05625
2 0.9125 0.2171875 0.01875 0.0640625
308 1 0.2069655484375 0.33816939218750003 0.085537765625 0.0631481828125 0.9293411296875 1 0.9350313671875 1 0.2069655484375
