2 0.409375 0.1515625 0.0203125 0.0890625
2 0.4640625 0.08828125 0.0171875 0.0484375
2 0.9359375 0.5578125 0.053125 0.190625
2 0.85625 0.49765625 0.0578125 0.1484375
2 0.75625 0.2703125 0.0265625 0.1
2 0.9578125 0.3453125 0.034375 0.121875
2 0.696875 0.1953125 0.0234375 0.084375
2 0.75 0.17265625 0.0171875 0.0609375
2 0.77265625 0.178125 0.015625 0.065625
2 0.9484375 0.2609375 0.021875 0.075
2 0.97734375 0.23984375 0.0296875 0.0625
308 1 0.20650045781249998 0.33839368125 0.087222215625 0.0652362390625 0.9327046578125 1 0.9376050328125001 1 0.20650045781249998
