2 0.53984375 0.246875 0.028125 0.121875
2 0.55390625 0.22421875 0.0171875 0.1015625
2 0.59765625 0.19765625 0.01875 0.090625
2 0.4734375 0.1546875 0.0171875 0.078125
2 0.5140625 0.13359375 0.0203125 0.0609375
2 0.44453125 0.1546875 0.0265625 0.08125
2 0.33125 0.1625 0.0328125 0.071875
2 0.36328125 0.07265625 0.015625 0.0421875
2 0.678125 0.23828125 0.0234375 0.0890625
2 0.7234375 0.28203125 0.028125 0.1078125
2 0.76640625 0.284375 0.0328125 0.1
2 0.71640625 0.1796875 0.0203125 0.0625
2 0.74609375 0.16171875 0.015625 0.0546875
2 0.8546875 0.1859375 0.0140625 0.0515625
2 0.92578125 0.2234375 0.01875 0.0609375
2 0.3328125 0.23125 0.0296875 0.0640625
2 0.2984375 0.21875 0.053125 0.0484375
308 1 0.20734378125 0.33875842343749996 0.0864023484375 0.062957315625 0.9261151515625 1 0.9389953140625 1 0.20734378125