308 1 0.216290175 0.339287675 0.0861237875 0.0627252953125 0.9340733171875 1 0.9355769765625 1 0.216290175
2 0.40703125 0.08046875 0.009375 0.0421875
2 0.5671875 0.1765625 0.01875 0.0671875
2 0.6 0.159375 0.01875 0.0609375
2 0.7109375 0.2046875 0.0203125 0.0703125
2 0.778125 0.25234375 0.028125 0.0796875
2 0.74609375 0.20546875 0.01875 0.071875
2 0.75390625 0.2296875 0.015625 0.0765625
2 0.75859375 0.190625 0.0125 0.04375
2 0.80234375 0.21328125 0.0109375 0.0671875
2 0.81015625 0.17265625 0.0140625 0.04375
2 0.88125 0.19765625 0.015625 0.0515625
2 0.9109375 0.22109375 0.021875 0.0546875
2 0.91796875 0.18046875 0.009375 0.0375
2 0.959375 0.21328125 0.01875 0.046875
2 0.9765625 0.23671875 0.021875 0.05625