2 0.36640625 0.13125 0.021875 0.0796875
2 0.35 0.07109375 0.0125 0.04375
286 0.3390625 0.0890625 0.00625 0.0109375
2 0.33671875 0.071875 0.0140625 0.0390625
2 0.40625 0.14296875 0.015625 0.0765625
2 0.43125 0.1625 0.0171875 0.0578125
2 0.46640625 0.1640625 0.0203125 0.0765625
2 0.55390625 0.1734375 0.01875 0.075
2 0.57890625 0.18671875 0.01875 0.078125
2 0.53828125 0.13515625 0.0125 0.0609375
2 0.4546875 0.13046875 0.0125 0.0640625
2 0.46875 0.1265625 0.0140625 0.0546875
2 0.571875 0.13984375 0.0171875 0.053125
2 0.66328125 0.17109375 0.015625 0.0703125
2 0.86796875 0.21796875 0.01875 0.059375
2 0.9265625 0.2421875 0.0265625 0.0796875
2 0.96171875 0.20234375 0.0140625 0.05
2 0.81875 0.1859375 0.015625 0.05625
308 1 0.20708960781250002 0.33954222500000003 0.085953875 0.06586750625 0.9313611203125 1 0.9346138359375 1 0.20708960781250002
