286 0.5890625 0.08984375 0.00625 0.015625
2 0.60703125 0.20859375 0.021875 0.0875
2 0.63203125 0.1703125 0.0203125 0.0640625
2 0.71484375 0.17109375 0.01875 0.0578125
2 0.70859375 0.265625 0.025 0.0953125
2 0.75 0.2359375 0.0203125 0.08125
2 0.77734375 0.31953125 0.028125 0.1125
2 0.75078125 0.30703125 0.03125 0.115625
2 0.890625 0.23828125 0.0265625 0.071875
2 0.9203125 0.2078125 0.01875 0.053125
2 0.925 0.29765625 0.028125 0.090625
2 0.4375 0.08515625 0.015625 0.04375
2 0.509375 0.140625 0.021875 0.065625
2 0.54921875 0.13984375 0.0171875 0.0515625
2 0.56484375 0.13515625 0.01875 0.046875
2 0.35546875 0.1296875 0.0171875 0.0796875
308 1 0.20680702499999998 0.3378544984375 0.0865128984375 0.066840278125 0.9305555562500001 1 0.9351851859375 1 0.20680702499999998