2 0.425 0.14375 0.025 0.1015625
2 0.54921875 0.10390625 0.0171875 0.040625
2 0.68984375 0.22109375 0.0203125 0.071875
2 0.725 0.23828125 0.0234375 0.0765625
2 0.7578125 0.221875 0.0171875 0.0734375
2 0.8140625 0.24921875 0.021875 0.08125
2 0.93125 0.24375 0.021875 0.071875
2 0.99609375 0.228125 0.0078125 0.05625
2 0.8515625 0.19453125 0.0140625 0.0515625
2 0.8703125 0.18203125 0.0125 0.04375
2 0.746875 0.16171875 0.0125 0.053125
2 0.7171875 0.1578125 0.0109375 0.0484375
2 0.70078125 0.18125 0.0140625 0.0703125
2 0.70859375 0.17265625 0.0109375 0.0609375
2 0.75703125 0.1765625 0.015625 0.040625
308 1 0.20767014375 0.338898321875 0.086575871875 0.0630724390625 0.9289490734375001 1 0.9354034859375 1 0.20767014375