2 0.36640625 0.11171875 0.0203125 0.065625
286 0.35859375 0.13359375 0.0078125 0.0125
308 1 0.21369497656249997 0.3387070625 0.0862597359375 0.06019305312499999 0.93278243125 1 0.9369570734374999 1 0.21369497656249997
2 0.61484375 0.2359375 0.0203125 0.0875
2 0.7328125 0.253125 0.025 0.0828125
2 0.79375 0.25078125 0.0203125 0.0859375
2 0.828125 0.203125 0.0140625 0.059375
2 0.7046875 0.13828125 0.0078125 0.040625
2 0.78984375 0.18359375 0.0125 0.053125
2 0.82421875 0.17890625 0.0140625 0.0453125
2 0.87421875 0.221875 0.0171875 0.0625
2 0.865625 0.2125 0.0171875 0.0578125
2 0.88828125 0.21015625 0.015625 0.053125
2 0.8984375 0.2125 0.015625 0.0546875
2 0.89765625 0.17578125 0.0125 0.0390625