2 0.6140625 0.22578125 0.03125 0.09375
2 0.50859375 0.20390625 0.0171875 0.096875
2 0.53671875 0.140625 0.021875 0.0625
2 0.478125 0.153125 0.01875 0.0734375
2 0.36328125 0.20234375 0.028125 0.096875
2 0.31953125 0.14609375 0.0203125 0.0859375
2 0.375 0.07265625 0.015625 0.0484375
2 0.48984375 0.1609375 0.0125 0.059375
2 0.4953125 0.1984375 0.015625 0.08125
2 0.6484375 0.22421875 0.028125 0.090625
2 0.68359375 0.228125 0.0265625 0.0828125
2 0.6734375 0.165625 0.0171875 0.059375
2 0.76015625 0.1640625 0.0125 0.05
2 0.8375 0.203125 0.021875 0.071875
2 0.8953125 0.196875 0.01875 0.0453125
2 0.87734375 0.33828125 0.0453125 0.1203125
308 1 0.2102410640625 0.337899165625 0.0874444734375 0.0639553 0.928501890625 1 0.9353277421874999 1 0.2102410640625