2 0.70546875 0.28515625 0.028125 0.1109375
2 0.6859375 0.25859375 0.0296875 0.0984375
2 0.65390625 0.22421875 0.0265625 0.096875
2 0.5578125 0.21953125 0.034375 0.0953125
2 0.51953125 0.23046875 0.0265625 0.1109375
2 0.49609375 0.13046875 0.0234375 0.0625
2 0.44453125 0.1546875 0.0203125 0.08125
2 0.39296875 0.1546875 0.0203125 0.0828125
2 0.41484375 0.1484375 0.01875 0.08125
2 0.32890625 0.21875 0.03125 0.071875
2 0.28125 0.20703125 0.053125 0.0359375
2 0.29296875 0.15 0.03125 0.090625
2 0.35 0.071875 0.015625 0.040625
2 0.51796875 0.16328125 0.025 0.0609375
2 0.696875 0.17578125 0.0203125 0.0625
2 0.7453125 0.16328125 0.015625 0.0546875
2 0.84921875 0.18359375 0.015625 0.0515625
2 0.90390625 0.21796875 0.021875 0.071875
308 1 0.2069040484375 0.33896586093750003 0.08673020625 0.06473972812499999 0.925787721875 1 0.9363156734375 1 0.2069040484375