308 1 0.208715959375 0.339620803125 0.079878946875 0.0595204984375 0.9321374640625001 1 0.9339435828125 1 0.208715959375
2 0.346875 0.1140625 0.0140625 0.0640625
2 0.36875 0.11328125 0.0171875 0.0609375
286 0.3640625 0.14453125 0.00625 0.0109375
2 0.36796875 0.0734375 0.015625 0.040625
2 0.3953125 0.09375 0.0125 0.0453125
2 0.45234375 0.15 0.01875 0.065625
2 0.496875 0.140625 0.0140625 0.0625
2 0.509375 0.10546875 0.0125 0.04375
2 0.55234375 0.16015625 0.0171875 0.0703125
2 0.57890625 0.16171875 0.0171875 0.0671875
2 0.5953125 0.18203125 0.0140625 0.0703125
2 0.646875 0.17265625 0.0171875 0.0625
2 0.6609375 0.1828125 0.0203125 0.0625
2 0.67578125 0.13828125 0.0125 0.0421875
2 0.7265625 0.2375 0.0265625 0.078125
2 0.775 0.1984375 0.0140625 0.0609375
2 0.784375 0.1859375 0.0125 0.053125
2 0.87890625 0.20703125 0.021875 0.05625
2 0.94921875 0.275 0.0296875 0.06875
2 0.9703125 0.25 0.0234375 0.0578125
2 0.97890625 0.275 0.0265625 0.0671875
