308 1 0.21522965468750002 0.3392598109375 0.0842100625 0.0631736015625 0.9335605375 1 0.9393438421875 1 0.21522965468750002
2 0.4734375 0.14375 0.015625 0.0703125
2 0.64296875 0.1203125 0.0078125 0.0421875
2 0.6859375 0.15703125 0.0140625 0.05
2 0.7921875 0.190625 0.0125 0.05625
2 0.81484375 0.20703125 0.0171875 0.0609375
2 0.83359375 0.20703125 0.0125 0.0640625
2 0.84296875 0.18125 0.009375 0.0453125
2 0.85 0.1828125 0.0078125 0.0453125
2 0.88046875 0.24921875 0.021875 0.0734375
2 0.9359375 0.20703125 0.0234375 0.0421875
2 0.95078125 0.26953125 0.01875 0.071875
2 0.95625 0.215625 0.0140625 0.0375
2 0.9875 0.21328125 0.0171875 0.04375
