308 1 0.21371227343750002 0.3393486453125 0.083338759375 0.056193373437500006 0.93796295625 1 0.9356481406249999 1 0.21371227343750002
2 0.34609375 0.125 0.0203125 0.0671875
2 0.42734375 0.08046875 0.015625 0.0390625
2 0.45 0.13203125 0.01875 0.059375
2 0.46796875 0.12734375 0.009375 0.05625
2 0.47578125 0.1515625 0.015625 0.065625
2 0.4828125 0.1140625 0.0171875 0.0375
2 0.50234375 0.1203125 0.021875 0.053125
2 0.52265625 0.15703125 0.015625 0.06875
2 0.521875 0.14375 0.0125 0.0671875
2 0.53828125 0.1640625 0.01875 0.078125
2 0.540625 0.14453125 0.015625 0.046875
2 0.5640625 0.175 0.01875 0.0734375
2 0.571875 0.1671875 0.0125 0.071875
2 0.603125 0.18984375 0.015625 0.0734375
2 0.59296875 0.14765625 0.015625 0.0609375
2 0.60546875 0.1421875 0.015625 0.0421875
2 0.6328125 0.20546875 0.0203125 0.08125
2 0.6421875 0.2 0.0109375 0.075
2 0.6921875 0.19375 0.0140625 0.06875
2 0.68671875 0.18515625 0.0125 0.0640625
