286 0.4171875 0.15078125 0.0078125 0.0125
2 0.4078125 0.11640625 0.015625 0.065625
2 0.415625 0.08125 0.0125 0.046875
2 0.9765625 0.2671875 0.0265625 0.075
2 0.89921875 0.22734375 0.015625 0.06875
2 0.9671875 0.2015625 0.0109375 0.040625
2 0.8515625 0.20078125 0.0140625 0.0578125
2 0.86875 0.203125 0.0171875 0.059375
2 0.90859375 0.18359375 0.0109375 0.04375
2 0.89453125 0.21015625 0.01875 0.0546875
308 1 0.20747753906250002 0.3391591171875 0.08831276406250001 0.063612346875 0.931422775 1 0.9358750828125 1 0.20747753906250002
