2 0.3796875 0.14375 0.03125 0.084375
2 0.50390625 0.09453125 0.0171875 0.046875
286 0.5953125 0.2421875 0.0125 0.0234375
2 0.62421875 0.24140625 0.028125 0.0859375
2 0.64609375 0.246875 0.034375 0.09375
2 0.70703125 0.221875 0.021875 0.0796875
2 0.7296875 0.2390625 0.01875 0.0828125
2 0.6875 0.1796875 0.015625 0.06875
2 0.70078125 0.175 0.0125 0.0640625
2 0.715625 0.15859375 0.0125 0.0484375
2 0.7375 0.1859375 0.0125 0.0640625
2 0.74609375 0.1625 0.0109375 0.053125
2 0.846875 0.19609375 0.0125 0.053125
2 0.8796875 0.1859375 0.009375 0.0484375
2 0.9171875 0.246875 0.0234375 0.075
2 0.99140625 0.26953125 0.0171875 0.075
308 1 0.206768253125 0.3387542953125 0.0867525953125 0.06523551250000001 0.9238835765625 1 0.9344142796874999 1 0.206768253125
