308 1 0.2113708359375 0.33902505 0.08334105625 0.061164565625 0.9303518859375 1 0.9383504890625 1 0.2113708359375
2 0.321875 0.13828125 0.0140625 0.08125
2 0.53046875 0.1015625 0.0109375 0.040625
2 0.5984375 0.1515625 0.015625 0.05625
2 0.609375 0.15390625 0.0125 0.0546875
2 0.61328125 0.1578125 0.0125 0.05625
2 0.62734375 0.159375 0.0125 0.0609375
2 0.6328125 0.16796875 0.0109375 0.0671875
2 0.63984375 0.16796875 0.0109375 0.0609375
2 0.64765625 0.14765625 0.0125 0.025
2 0.65234375 0.175 0.0140625 0.0625
2 0.646875 0.1828125 0.0171875 0.065625
2 0.68125 0.20390625 0.01875 0.071875
2 0.73203125 0.17421875 0.0203125 0.05625
2 0.94921875 0.29296875 0.0265625 0.0890625
2 0.98359375 0.3140625 0.0328125 0.0859375