2 0.9609375 0.2015625 0.0140625 0.0484375
2 0.86953125 0.19609375 0.0203125 0.0515625
2 0.85078125 0.23046875 0.021875 0.084375
2 0.8015625 0.20546875 0.0265625 0.06875
2 0.8109375 0.1859375 0.0125 0.053125
2 0.67109375 0.17890625 0.015625 0.065625
2 0.603125 0.1515625 0.01875 0.0609375
2 0.53203125 0.13359375 0.0140625 0.059375
2 0.53828125 0.17421875 0.01875 0.0796875
2 0.565625 0.178125 0.0140625 0.078125
2 0.5796875 0.18515625 0.0171875 0.08125
2 0.471875 0.16640625 0.021875 0.078125
2 0.43203125 0.1671875 0.015625 0.0484375
2 0.40390625 0.14609375 0.015625 0.078125
2 0.3671875 0.1328125 0.01875 0.0765625
2 0.453125 0.1359375 0.0109375 0.071875
2 0.46015625 0.13046875 0.0109375 0.0671875
2 0.33828125 0.0796875 0.0140625 0.0265625
2 0.34921875 0.0703125 0.0109375 0.0453125
308 1 0.2073379578125 0.3397775140625 0.08593284062499999 0.066604196875 0.9237780359375 1 0.9332706156249999 1 0.2073379578125
