308 1 0.21529114843750002 0.3387999859375 0.0859554 0.06266955156250001 0.9322098890625 1 0.9378984718750001 1 0.21529114843750002
2 0.4125 0.13671875 0.0203125 0.05625
2 0.4140625 0.0796875 0.0109375 0.04375
286 0.43046875 0.1640625 0.0078125 0.0109375
2 0.48984375 0.13359375 0.0171875 0.0609375
2 0.64921875 0.18828125 0.01875 0.075
2 0.68359375 0.18125 0.0125 0.065625
2 0.67890625 0.1734375 0.0125 0.0546875
2 0.7234375 0.16484375 0.01875 0.05
2 0.74140625 0.16953125 0.0125 0.0484375
2 0.7734375 0.23359375 0.0203125 0.059375
2 0.81015625 0.23203125 0.0203125 0.075
2 0.81953125 0.27109375 0.021875 0.084375
2 0.87265625 0.21328125 0.0109375 0.0546875
2 0.87890625 0.209375 0.0109375 0.0546875
2 0.9328125 0.22578125 0.0203125 0.0578125
2 0.959375 0.2234375 0.0140625 0.0546875
2 0.90234375 0.21796875 0.0171875 0.0609375
