2 0.6234375 0.16875 0.0171875 0.071875
2 0.7359375 0.13828125 0.0140625 0.0375
2 0.815625 0.16875 0.0125 0.0453125
2 0.86640625 0.2015625 0.021875 0.0515625
2 0.93203125 0.228125 0.0125 0.05625
2 0.94453125 0.22890625 0.0203125 0.0546875
2 0.99296875 0.20703125 0.0125 0.0375
2 0.953125 0.19765625 0.0109375 0.04375
2 0.98203125 0.18984375 0.0125 0.0390625
2 0.89921875 0.18671875 0.0109375 0.0359375
2 0.909375 0.1796875 0.0140625 0.0375
2 0.87890625 0.17890625 0.0140625 0.0375
308 1 0.2044890171875 0.338496371875 0.08759435156249999 0.061003703124999996 0.9302689281250001 1 0.9363050765625 1 0.2044890171875