2 0.95859375 0.23828125 0.0171875 0.065625
2 0.80859375 0.22578125 0.01875 0.0765625
2 0.884375 0.1890625 0.0140625 0.0421875
2 0.85859375 0.1796875 0.0125 0.0421875
2 0.74375 0.184375 0.015625 0.05625
2 0.6734375 0.159375 0.0125 0.05625
2 0.74140625 0.15546875 0.0078125 0.0453125
2 0.58984375 0.16875 0.021875 0.0796875
2 0.609375 0.1234375 0.0140625 0.04375
2 0.54921875 0.17421875 0.0234375 0.078125
2 0.50859375 0.16328125 0.021875 0.0703125
2 0.47890625 0.1734375 0.0234375 0.0765625
2 0.46484375 0.16875 0.0203125 0.084375
2 0.41015625 0.165625 0.01875 0.0890625
2 0.484375 0.14765625 0.015625 0.075
2 0.49296875 0.10546875 0.0140625 0.04375
2 0.5203125 0.12265625 0.015625 0.0546875
2 0.559375 0.13046875 0.0125 0.0546875
2 0.3421875 0.12421875 0.0140625 0.0765625
2 0.446875 0.08671875 0.0203125 0.0453125
308 1 0.20767344843750002 0.34049695468749996 0.0851461140625 0.0662213671875 0.927738959375 1 0.93285751875 1 0.20767344843750002
