2 0.384375 0.09921875 0.0171875 0.05625
2 0.98359375 0.25234375 0.021875 0.0671875
2 0.94609375 0.26484375 0.021875 0.08125
2 0.9125 0.215625 0.0171875 0.06875
2 0.89453125 0.22734375 0.015625 0.0671875
2 0.85625 0.20703125 0.015625 0.0625
2 0.89140625 0.2125 0.0171875 0.0578125
2 0.8828125 0.18125 0.009375 0.0421875
2 0.93359375 0.18515625 0.0140625 0.04375
308 0.9999098249999999 0.20750624375 0.33904325156250004 0.087432403125 0.066682021875 0.9289806515624999 1 0.9333946859375001 0.9999098249999999 0.20750624375
2 0.896875 0.171875 0.0171875 0.04375