2 0.67421875 0.18125 0.015625 0.06875
2 0.62890625 0.15859375 0.0203125 0.0609375
2 0.578125 0.18359375 0.015625 0.08125
2 0.559375 0.178125 0.015625 0.0796875
2 0.52578125 0.16953125 0.0171875 0.075
2 0.47578125 0.16796875 0.01875 0.078125
2 0.73984375 0.19375 0.0203125 0.0703125
2 0.775 0.21640625 0.0203125 0.078125
2 0.796875 0.18671875 0.0125 0.0578125
2 0.92265625 0.2109375 0.0203125 0.053125
2 0.9609375 0.20234375 0.0125 0.046875
2 0.52890625 0.134375 0.0171875 0.053125
2 0.41328125 0.15078125 0.0203125 0.0796875
2 0.43203125 0.16875 0.0171875 0.046875
2 0.3703125 0.1296875 0.03125 0.0875
286 0.34296875 0.0875 0.00625 0.0125
2 0.34765625 0.0703125 0.0140625 0.0453125
2 0.3328125 0.07109375 0.0125 0.0359375
2 0.4515625 0.13828125 0.01875 0.0703125
308 1 0.2090832140625 0.3403794078125 0.0853871859375 0.0649057984375 0.927258671875 1 0.9337204031249999 1 0.2090832140625