308 1 0.21060007500000003 0.3356792140625 0.08679016875 0.0613194703125 0.9258373390625 1 0.9393659375000001 1 0.21060007500000003
286 0.3828125 0.14375 0.0078125 0.0125
2 0.40078125 0.1234375 0.0171875 0.06875
2 0.53515625 0.26875 0.03125 0.115625
2 0.59140625 0.20859375 0.01875 0.084375
2 0.678125 0.22421875 0.028125 0.0953125
2 0.85625 0.225 0.021875 0.065625
2 0.82265625 0.2078125 0.015625 0.0640625
2 0.83515625 0.19765625 0.01875 0.0546875
2 0.821875 0.178125 0.0125 0.04375
2 0.79609375 0.19296875 0.0203125 0.0625
2 0.73828125 0.17265625 0.01875 0.05625
2 0.70859375 0.13828125 0.0109375 0.0453125
2 0.8609375 0.18984375 0.0140625 0.03125
2 0.87421875 0.16953125 0.0125 0.0390625
