286 0.421875 0.115625 0.00625 0.0125
2 0.91328125 0.21796875 0.0171875 0.0609375
2 0.9 0.21640625 0.015625 0.05625
2 0.8625 0.21796875 0.0171875 0.0640625
2 0.8515625 0.2125 0.015625 0.0640625
2 0.9359375 0.1890625 0.015625 0.040625
2 0.9046875 0.17578125 0.0109375 0.040625
2 0.91953125 0.1859375 0.0109375 0.0390625
2 0.88359375 0.1671875 0.0140625 0.04375
2 0.41875 0.09375 0.0125 0.053125
308 1 0.2059829890625 0.33885315 0.08749007187499999 0.063241290625 0.928154425 1 0.9363609187499999 1 0.2059829890625