2 0.8234375 0.2921875 0.021875 0.10625
2 0.7890625 0.29375 0.0265625 0.1015625
2 0.7171875 0.2515625 0.028125 0.0796875
2 0.74765625 0.18515625 0.0171875 0.0578125
2 0.8578125 0.18359375 0.0109375 0.05
2 0.94296875 0.22578125 0.0140625 0.0578125
2 0.7171875 0.21484375 0.015625 0.0625
2 0.55859375 0.25625 0.0359375 0.109375
2 0.540625 0.2265625 0.028125 0.0953125
2 0.51640625 0.15546875 0.0171875 0.0765625
2 0.50078125 0.14921875 0.015625 0.0703125
2 0.53359375 0.16328125 0.0171875 0.0671875
2 0.540625 0.12734375 0.0109375 0.0515625
2 0.3984375 0.23515625 0.0375 0.10625
2 0.371875 0.240625 0.034375 0.1015625
286 0.359375 0.27109375 0.0109375 0.0234375
2 0.33359375 0.1515625 0.0234375 0.078125
2 0.38125 0.0765625 0.01875 0.04375
308 1 0.20775045468750003 0.3386510828125 0.0849561828125 0.063977534375 0.9259176484375 1 0.9332134484375001 1 0.20775045468750003
