308 1 0.21704999531250002 0.3389756203125 0.0825462484375 0.0637442921875 0.9321245734374999 1 0.9372659109375 1 0.21704999531250002
2 0.38515625 0.13671875 0.0125 0.0765625
2 0.5203125 0.1 0.0125 0.0421875
2 0.59140625 0.16640625 0.0140625 0.0609375
2 0.5984375 0.17109375 0.0109375 0.0640625
2 0.5828125 0.1375 0.009375 0.053125
2 0.596875 0.128125 0.0125 0.0296875
2 0.6 0.13515625 0.0078125 0.0171875
2 0.60703125 0.13359375 0.0046875 0.0265625
2 0.61328125 0.1484375 0.0109375 0.059375
2 0.6203125 0.1484375 0.0109375 0.040625
2 0.621875 0.171875 0.015625 0.0671875
2 0.63203125 0.16953125 0.0125 0.0625
2 0.63984375 0.165625 0.009375 0.0578125
2 0.64375 0.175 0.0125 0.0625
2 0.65859375 0.18046875 0.0125 0.0640625
2 0.70625 0.18828125 0.015625 0.0640625
2 0.96015625 0.41953125 0.0390625 0.1265625