2 0.4671875 0.14453125 0.025 0.0796875
2 0.50546875 0.17421875 0.0234375 0.0890625
2 0.54609375 0.1703125 0.01875 0.075
2 0.3515625 0.0703125 0.01875 0.04375
2 0.33515625 0.14296875 0.0234375 0.084375
2 0.6109375 0.203125 0.0296875 0.0625
2 0.62734375 0.16953125 0.025 0.06875
2 0.66875 0.225 0.028125 0.090625
2 0.69921875 0.23671875 0.021875 0.09375
2 0.7015625 0.165625 0.01875 0.0609375
2 0.640625 0.13046875 0.015625 0.046875
2 0.7625 0.2046875 0.0203125 0.071875
2 0.82109375 0.1734375 0.0140625 0.0453125
2 0.88203125 0.22265625 0.0234375 0.0609375
2 0.93359375 0.275 0.025 0.0875
2 0.95234375 0.25234375 0.021875 0.0734375
2 0.96484375 0.2328125 0.0171875 0.0625
2 0.909375 0.19140625 0.0125 0.0484375
2 0.83203125 0.17265625 0.015625 0.053125
2 0.6625 0.1953125 0.01875 0.0765625
308 1 0.205655259375 0.33933560156250003 0.08805745781249999 0.068561746875 0.9283929546874999 1 0.93592891875 1 0.205655259375