286 0.35078125 0.09296875 0.0046875 0.0109375
2 0.35078125 0.07109375 0.01875 0.046875
2 0.36875 0.13359375 0.015625 0.075
2 0.66640625 0.16796875 0.015625 0.059375
2 0.96015625 0.20390625 0.0140625 0.0484375
2 0.834375 0.184375 0.0125 0.053125
2 0.7234375 0.1625 0.0203125 0.0484375
2 0.5921875 0.1703125 0.0125 0.071875
2 0.58046875 0.17265625 0.0125 0.071875
2 0.57109375 0.17890625 0.01875 0.0828125
2 0.55703125 0.13125 0.0125 0.0515625
2 0.51015625 0.12734375 0.015625 0.05625
2 0.4796875 0.121875 0.0125 0.059375
2 0.45546875 0.1671875 0.0140625 0.05625
2 0.43046875 0.15703125 0.01875 0.0734375
2 0.42421875 0.0890625 0.0140625 0.046875
2 0.46015625 0.1203125 0.0140625 0.0578125
2 0.43828125 0.13828125 0.009375 0.06875
308 1 0.20862018125 0.338911821875 0.089212578125 0.0645933375 0.9305558078124999 1 0.9360458140624999 1 0.20862018125