2 0.3921875 0.1375 0.015625 0.0765625
2 0.5671875 0.1078125 0.0140625 0.04375
2 0.66484375 0.1453125 0.0140625 0.05
2 0.7078125 0.1765625 0.015625 0.0609375
2 0.72109375 0.16875 0.015625 0.0515625
2 0.73203125 0.19296875 0.0171875 0.0578125
2 0.74921875 0.20703125 0.034375 0.05625
2 0.74921875 0.1734375 0.0125 0.05625
2 0.7953125 0.23671875 0.0171875 0.08125
2 0.81015625 0.225 0.01875 0.065625
2 0.8421875 0.18359375 0.015625 0.0484375
2 0.87734375 0.2125 0.015625 0.0609375
2 0.946875 0.23515625 0.009375 0.0578125
2 0.9578125 0.22734375 0.0140625 0.05625
2 0.94140625 0.20859375 0.0171875 0.0453125
2 0.80390625 0.16171875 0.0125 0.0390625
308 1 0.20763027812499998 0.3383626328125 0.087562271875 0.0641037875 0.9275902125 1 0.9370514765625 1 0.20763027812499998
