308 0.066731946875 0.9317263296875 0.9990530015625 0.9311868609375 0.9995865171875 0.2098754875 0.338932909375 0.08873422812500001 0.066731946875 0.9317263296875
2 0.3953125 0.07734375 0.01875 0.0484375
2 0.54375 0.16953125 0.0234375 0.0765625
2 0.55703125 0.15234375 0.0203125 0.0703125
2 0.665625 0.20078125 0.0234375 0.0828125
2 0.70703125 0.23046875 0.025 0.0890625
2 0.72421875 0.22109375 0.0203125 0.0828125
2 0.7625 0.2171875 0.015625 0.08125
2 0.7875 0.215625 0.01875 0.071875
2 0.76875 0.1609375 0.0125 0.0421875
2 0.85546875 0.20546875 0.01875 0.0578125
2 0.88359375 0.21875 0.0234375 0.0671875
2 0.8984375 0.20390625 0.0125 0.05625
2 0.91328125 0.18515625 0.0140625 0.046875
2 0.934375 0.20859375 0.01875 0.053125
2 0.99765625 0.21484375 0.0046875 0.0328125