2 0.4046875 0.14609375 0.025 0.0828125
2 0.52421875 0.1 0.0125 0.040625
2 0.6421875 0.1796875 0.0234375 0.0640625
2 0.6328125 0.16484375 0.0140625 0.0609375
2 0.66875 0.1578125 0.01875 0.05625
2 0.68359375 0.20703125 0.01875 0.071875
2 0.7515625 0.23828125 0.0203125 0.0875
2 0.83828125 0.2578125 0.028125 0.0859375
2 0.8984375 0.22578125 0.01875 0.0609375
2 0.90390625 0.346875 0.0296875 0.0984375
2 0.9859375 0.29765625 0.028125 0.0890625
2 0.99375 0.2328125 0.0125 0.053125
308 1 0.2090916015625 0.33865399687500003 0.087343521875 0.063257928125 0.9277944437500001 1 0.9357474609375 1 0.2090916015625