308 1 0.21340453906249998 0.3386945421875 0.0824461375 0.0606815796875 0.9293809453125 1 0.9350905515625 1 0.21340453906249998
2 0.33359375 0.140625 0.0171875 0.078125
2 0.528125 0.1015625 0.0109375 0.04375
2 0.625 0.1765625 0.0125 0.0640625
2 0.61875 0.17421875 0.0140625 0.0625
2 0.62421875 0.1453125 0.0078125 0.0296875
2 0.61640625 0.16640625 0.0125 0.065625
2 0.60546875 0.1578125 0.0125 0.05625
2 0.59765625 0.14765625 0.0125 0.0546875
2 0.59375 0.13671875 0.0109375 0.05
2 0.60625 0.128125 0.0109375 0.0265625
2 0.61484375 0.1296875 0.009375 0.034375
2 0.64375 0.171875 0.0125 0.0609375
2 0.64765625 0.1765625 0.015625 0.0609375
2 0.66015625 0.171875 0.0140625 0.0703125
2 0.8140625 0.23203125 0.0171875 0.078125
2 0.8359375 0.23671875 0.0171875 0.0734375
2 0.85 0.2453125 0.0171875 0.0734375
2 0.94453125 0.34140625 0.028125 0.1046875
