2 0.98984375 0.2359375 0.015625 0.0578125
2 0.9421875 0.2265625 0.0140625 0.05625
2 0.88203125 0.18671875 0.015625 0.0234375
2 0.83046875 0.21484375 0.021875 0.0734375
2 0.79140625 0.1796875 0.0140625 0.05
2 0.80546875 0.178125 0.0125 0.0484375
2 0.7203125 0.19453125 0.0234375 0.0734375
2 0.7078125 0.17734375 0.015625 0.0609375
2 0.69375 0.20859375 0.0203125 0.08125
2 0.87265625 0.17578125 0.0109375 0.040625
2 0.946875 0.20703125 0.0125 0.05
2 0.6875 0.1328125 0.0109375 0.0421875
2 0.66640625 0.13203125 0.0140625 0.04375
2 0.65546875 0.14609375 0.0109375 0.053125
2 0.640625 0.1953125 0.015625 0.0640625
2 0.61328125 0.16015625 0.015625 0.059375
2 0.52578125 0.0984375 0.0140625 0.0421875
2 0.3984375 0.1375 0.0140625 0.0765625
2 0.76796875 0.1484375 0.0109375 0.0421875
2 0.64921875 0.1609375 0.0125 0.05625
2 0.63671875 0.17890625 0.015625 0.065625
308 1 0.20803296875 0.3390232171875 0.087210328125 0.0627085171875 0.9298998421875 1 0.9352084984375001 1 0.20803296875
