2 0.9609375 0.20390625 0.015625 0.0515625
2 0.871875 0.221875 0.025 0.06875
2 0.7734375 0.2078125 0.0171875 0.0671875
2 0.734375 0.1875 0.0171875 0.065625
2 0.6984375 0.190625 0.0234375 0.0703125
2 0.37421875 0.0734375 0.0203125 0.0484375
2 0.3421875 0.1375 0.0171875 0.0828125
2 0.3375 0.07265625 0.015625 0.0453125
286 0.44609375 0.02265625 0.009375 0.015625
2 0.44921875 0.15390625 0.0109375 0.08125
2 0.478125 0.19609375 0.0265625 0.078125
2 0.49609375 0.1515625 0.015625 0.06875
2 0.4875 0.146875 0.015625 0.0734375
2 0.46015625 0.15390625 0.015625 0.0828125
308 1 0.2079914375 0.3388369203125 0.0849857484375 0.0633199734375 0.9326067640625 1 0.9370796984374999 1 0.2079914375
