2 0.42890625 0.14609375 0.021875 0.0828125
2 0.5671875 0.10859375 0.0125 0.0421875
2 0.7078125 0.1890625 0.0171875 0.065625
2 0.76953125 0.22734375 0.0328125 0.0703125
2 0.81015625 0.2390625 0.0171875 0.0734375
2 0.9109375 0.3109375 0.0296875 0.0890625
2 0.93671875 0.23203125 0.0171875 0.0609375
2 0.99296875 0.209375 0.0140625 0.04375
2 0.90625 0.259375 0.0203125 0.046875
2 0.7234375 0.16484375 0.015625 0.0546875
2 0.68984375 0.1703125 0.0140625 0.0671875
308 1 0.20708175624999997 0.338439703125 0.085504928125 0.064522453125 0.9279496843749999 1 0.9378177953125 1 0.20708175624999997
