2 0.41640625 0.140625 0.0203125 0.078125
2 0.596875 0.11171875 0.015625 0.0421875
2 0.703125 0.1609375 0.0140625 0.053125
2 0.7625 0.184375 0.0125 0.05625
2 0.79453125 0.21484375 0.01875 0.0640625
2 0.81875 0.22265625 0.0234375 0.0671875
2 0.90078125 0.2421875 0.025 0.075
2 0.95078125 0.2359375 0.0234375 0.065625
2 0.98828125 0.271875 0.0234375 0.071875
2 0.93828125 0.2171875 0.0171875 0.05625
2 0.9328125 0.1890625 0.0140625 0.0390625
2 0.775 0.16796875 0.009375 0.04375
308 1 0.20814894375 0.3383257859375 0.08738940625 0.0632763796875 0.9267376875 1 0.9375956546875001 1 0.20814894375
