2 0.38203125 0.0953125 0.0171875 0.059375
2 0.98359375 0.24765625 0.021875 0.06875
2 0.9484375 0.26328125 0.0234375 0.0765625
2 0.91171875 0.2171875 0.01875 0.06875
2 0.9359375 0.1859375 0.0140625 0.0484375
2 0.89453125 0.2265625 0.015625 0.0703125
2 0.8625 0.21015625 0.0171875 0.0671875
2 0.8828125 0.1796875 0.009375 0.0515625
308 0.9999241375000001 0.2076322609375 0.338734053125 0.087277546875 0.069096446875 0.9265478984375 1 0.9314938578125 0.9999241375000001 0.2076322609375
2 0.89296875 0.2125 0.015625 0.0578125
2 0.89765625 0.17265625 0.0140625 0.0421875