308 1 0.2161693140625 0.33803811562499997 0.0868840640625 0.0637704234375 0.931514921875 1 0.934792965625 1 0.2161693140625
2 0.340625 0.11796875 0.015625 0.065625
286 0.4296875 0.1640625 0.0078125 0.0125
2 0.41875 0.08125 0.009375 0.04375
2 0.6125 0.1546875 0.015625 0.05625
2 0.6421875 0.16015625 0.015625 0.0546875
2 0.69296875 0.1921875 0.01875 0.06875
2 0.7 0.18203125 0.015625 0.0609375
2 0.75546875 0.165625 0.015625 0.046875
2 0.7734375 0.1734375 0.0140625 0.0453125
2 0.775 0.23984375 0.0171875 0.0421875
2 0.8328125 0.22265625 0.0171875 0.065625
2 0.86875 0.275 0.0234375 0.0828125
2 0.8984375 0.21640625 0.01875 0.046875
2 0.90546875 0.21328125 0.009375 0.0515625
2 0.97578125 0.22109375 0.0125 0.0515625
2 0.93671875 0.2234375 0.0140625 0.059375