286 0.36953125 0.1296875 0.0078125 0.015625
2 0.3640625 0.10703125 0.0203125 0.0625
2 0.85703125 0.18046875 0.0125 0.0453125
2 0.83671875 0.1890625 0.0234375 0.0640625
2 0.88203125 0.17734375 0.0125 0.040625
2 0.86875 0.20546875 0.01875 0.05625
2 0.9 0.22890625 0.0171875 0.0671875
2 0.88984375 0.209375 0.01875 0.059375
2 0.95078125 0.27734375 0.021875 0.053125
2 0.98203125 0.25703125 0.025 0.0703125
2 0.92890625 0.24375 0.021875 0.071875
2 0.97109375 0.23125 0.021875 0.05625
2 0.98203125 0.20859375 0.0140625 0.0453125
308 0.3388156515625 0.087466559375 0.06653488125 0.92797670625 1 0.9335874328125 0.9990641265625 0.2072575015625 0.3388156515625 0.087466559375
2 0.89765625 0.17578125 0.0171875 0.046875
