308 1 0.2145055734375 0.3386984546875 0.0864463828125 0.060339546875000004 0.9327170578124999 1 0.9358028203125001 1 0.2145055734375
2 0.53671875 0.1578125 0.0140625 0.0734375
2 0.678125 0.125 0.0109375 0.04375
2 0.75546875 0.15546875 0.0125 0.04375
2 0.8140625 0.1734375 0.0109375 0.0453125
2 0.825 0.2 0.009375 0.0453125
2 0.8328125 0.196875 0.0125 0.0515625
2 0.9015625 0.22109375 0.015625 0.05625
2 0.94140625 0.2453125 0.0171875 0.0625
2 0.95703125 0.26015625 0.021875 0.059375
2 0.9796875 0.2359375 0.0171875 0.053125
