2 0.93828125 0.20078125 0.021875 0.05625
2 0.771875 0.2 0.015625 0.071875
2 0.7 0.225 0.0203125 0.0890625
2 0.6515625 0.24296875 0.0265625 0.1015625
2 0.61015625 0.2015625 0.0203125 0.08125
286 0.5640625 0.140625 0.0078125 0.015625
2 0.546875 0.13515625 0.0140625 0.0640625
2 0.5703125 0.171875 0.0234375 0.0765625
2 0.66796875 0.15234375 0.0140625 0.05625
2 0.69453125 0.15234375 0.0140625 0.053125
2 0.7125 0.19453125 0.01875 0.071875
2 0.75859375 0.16640625 0.0203125 0.0484375
2 0.83828125 0.2359375 0.0203125 0.0765625
2 0.4671875 0.090625 0.01875 0.0453125
2 0.35390625 0.12734375 0.0203125 0.08125
2 0.584375 0.1296875 0.015625 0.04375
308 1 0.20644015625 0.3385282796875 0.0860802125 0.06598848125 0.9285998140625 1 0.9362175328125 1 0.20644015625
