308 1 0.21744046250000001 0.339894515625 0.08237871875 0.05850665000000001 0.9322135421875 1 0.9358578484375 1 0.21744046250000001
2 0.3671875 0.1375 0.01875 0.078125
2 0.53203125 0.10234375 0.0125 0.040625
2 0.5953125 0.14921875 0.0109375 0.059375
2 0.6046875 0.1484375 0.0125 0.0625
2 0.6109375 0.159375 0.0125 0.0578125
2 0.6171875 0.16015625 0.015625 0.059375
2 0.62734375 0.1609375 0.0140625 0.0640625
2 0.6515625 0.1625 0.0171875 0.0578125
2 0.66875 0.18046875 0.0125 0.071875
2 0.6796875 0.18125 0.0125 0.0640625
2 0.69140625 0.18203125 0.0171875 0.0640625
2 0.778125 0.2515625 0.021875 0.08125
2 0.80625 0.2515625 0.0234375 0.0765625
2 0.88359375 0.2125 0.0140625 0.0546875