2 0.39296875 0.1359375 0.0171875 0.08125
2 0.4859375 0.09375 0.0125 0.040625
2 0.58125 0.15859375 0.0203125 0.065625
2 0.60546875 0.175 0.021875 0.06875
2 0.62578125 0.15859375 0.0171875 0.0609375
2 0.6390625 0.15390625 0.0109375 0.0546875
2 0.6546875 0.20078125 0.028125 0.0765625
2 0.671875 0.16875 0.015625 0.065625
2 0.7234375 0.20078125 0.01875 0.0703125
2 0.78671875 0.22734375 0.021875 0.08125
2 0.82265625 0.20625 0.01875 0.0640625
2 0.81875 0.29921875 0.028125 0.1015625
2 0.8953125 0.2421875 0.0265625 0.065625
2 0.94375 0.221875 0.021875 0.0515625
308 1 0.2089642734375 0.337925971875 0.087469184375 0.0629607609375 0.9264959234375001 1 0.937175278125 1 0.2089642734375