308 1 0.2130357921875 0.3377416203125 0.08337272500000001 0.0623964734375 0.9322300921875 1 0.933032909375 1 0.2130357921875
2 0.3359375 0.10859375 0.0140625 0.0625
286 0.3453125 0.1359375 0.00625 0.009375
2 0.353125 0.109375 0.0109375 0.059375
2 0.34921875 0.06953125 0.009375 0.040625
2 0.35078125 0.08671875 0.0078125 0.046875
2 0.43515625 0.1453125 0.0140625 0.06875
2 0.46875 0.134375 0.0125 0.0640625
2 0.46328125 0.09609375 0.015625 0.040625
2 0.5265625 0.15390625 0.0125 0.071875
2 0.55703125 0.16328125 0.0171875 0.06875
2 0.56875 0.17890625 0.0203125 0.0734375
2 0.61015625 0.17421875 0.015625 0.065625
2 0.62265625 0.165625 0.0125 0.0609375
2 0.634375 0.134375 0.0125 0.046875
2 0.690625 0.225 0.0234375 0.0796875
2 0.71015625 0.17578125 0.015625 0.059375
2 0.75546875 0.1953125 0.015625 0.0625
2 0.7921875 0.18828125 0.0171875 0.0546875
2 0.8546875 0.25078125 0.034375 0.071875
2 0.90390625 0.26484375 0.025 0.075
2 0.9 0.23671875 0.0234375 0.059375