286 0.43046875 0.16484375 0.009375 0.0171875
2 0.38671875 0.12578125 0.0203125 0.075
2 0.4140625 0.07890625 0.0125 0.04375
2 0.7890625 0.2296875 0.0234375 0.0765625
2 0.87890625 0.2359375 0.0171875 0.0703125
2 0.8109375 0.19765625 0.0203125 0.0625
2 0.79765625 0.18515625 0.0125 0.040625
2 0.93125 0.203125 0.0140625 0.05
2 0.89921875 0.19375 0.0140625 0.0484375
2 0.9765625 0.2375 0.0203125 0.0546875
2 0.97421875 0.1921875 0.0140625 0.0375
308 1 0.2066237234375 0.338796059375 0.0893083828125 0.06389876875 0.9300003984374999 1 0.9364113578125 1 0.2066237234375