308 1 0.2171587875 0.33930707031249996 0.08365953125 0.0611286078125 0.93027764375 1 0.9369570734374999 1 0.2171587875
2 0.4390625 0.14765625 0.0171875 0.078125
2 0.5421875 0.10625 0.009375 0.0453125
2 0.603125 0.15390625 0.0125 0.065625
2 0.621875 0.16484375 0.0125 0.0609375
2 0.63125 0.17421875 0.0125 0.0640625
2 0.6375 0.16484375 0.0125 0.0640625
2 0.6421875 0.1765625 0.0140625 0.0671875
2 0.77421875 0.21953125 0.0203125 0.0703125
2 0.77734375 0.18984375 0.01875 0.0390625
2 0.796875 0.1953125 0.0203125 0.05625
2 0.80546875 0.20546875 0.0203125 0.0640625
2 0.9234375 0.31875 0.03125 0.09375