308 1 0.214348578125 0.3385225515625 0.0859858875 0.061433203125 0.9293073796875 1 0.9357600875 1 0.214348578125
2 0.55234375 0.1703125 0.0140625 0.075
2 0.609375 0.11875 0.009375 0.0390625
2 0.7359375 0.1703125 0.0125 0.0546875
2 0.7640625 0.1765625 0.0125 0.0515625
2 0.7796875 0.2140625 0.015625 0.06875
2 0.80078125 0.23515625 0.0203125 0.078125
2 0.91328125 0.234375 0.0171875 0.0625
2 0.9296875 0.2421875 0.0140625 0.0671875
2 0.9484375 0.2734375 0.0203125 0.0796875
2 0.9890625 0.32265625 0.021875 0.0921875
