2 0.71171875 0.1421875 0.015625 0.0484375
2 0.6734375 0.22734375 0.0203125 0.090625
2 0.79765625 0.2546875 0.021875 0.0921875
2 0.8375 0.2484375 0.021875 0.084375
2 0.80234375 0.1875 0.0171875 0.059375
2 0.82265625 0.20234375 0.0171875 0.0640625
2 0.83203125 0.17890625 0.0109375 0.0453125
2 0.88828125 0.221875 0.0171875 0.0671875
2 0.9046875 0.23125 0.0171875 0.0640625
308 1 0.20339383125000002 0.33857519062499997 0.08796908125 0.0741841875 0.9189719671875001 1 0.9315990624999999 1 0.20339383125000002
2 0.36328125 0.12265625 0.0234375 0.0484375
2 0.90390625 0.21328125 0.01875 0.0546875
2 0.89765625 0.1734375 0.0171875 0.0453125