308 0.9991949203124999 0.9346934921875001 1 0.21386459218749998 0.33956105625 0.08264468281250001 0.065252765625 0.9336370421875 0.9991949203124999 0.9346934921875001
2 0.3265625 0.1046875 0.015625 0.0625
2 0.34453125 0.10625 0.0140625 0.05625
2 0.34609375 0.06875 0.009375 0.0453125
2 0.4203125 0.09453125 0.015625 0.0484375
2 0.42578125 0.13984375 0.0203125 0.0609375
2 0.44140625 0.128125 0.0140625 0.0640625
2 0.5078125 0.1515625 0.0171875 0.0734375
2 0.534375 0.159375 0.01875 0.0703125
2 0.53984375 0.1734375 0.0234375 0.0703125
2 0.56328125 0.1671875 0.0203125 0.0703125
2 0.59375 0.16015625 0.0171875 0.0640625
2 0.59609375 0.128125 0.0125 0.0421875
2 0.62265625 0.153125 0.0171875 0.053125
2 0.659375 0.2125 0.0234375 0.0765625
2 0.70859375 0.16953125 0.0234375 0.0546875
2 0.76796875 0.23125 0.03125 0.0703125
2 0.8265625 0.24921875 0.0296875 0.0734375
2 0.83203125 0.221875 0.0234375 0.0640625
2 0.73828125 0.19140625 0.015625 0.0609375
