308 0.3391913640625 0.08204780625 0.06268274375 0.9321146859375 1 0.9358223812500001 0.9998390875000001 0.2185265484375 0.3391913640625 0.08204780625
2 0.49921875 0.1609375 0.01875 0.0765625
2 0.603125 0.121875 0.0125 0.0421875
2 0.70390625 0.21640625 0.0203125 0.08125
2 0.7140625 0.20703125 0.0125 0.0734375
2 0.71484375 0.16640625 0.0125 0.0359375
2 0.74609375 0.18046875 0.0109375 0.05625
2 0.83046875 0.22265625 0.021875 0.0671875
2 0.8921875 0.23203125 0.0265625 0.0703125
2 0.96953125 0.228125 0.0140625 0.053125
2 0.9625 0.2890625 0.0265625 0.0875