308 1 0.21348418125 0.3386318828125 0.08418905625 0.06104366875 0.9298216437500001 1 0.9362441734375 1 0.21348418125
2 0.475 0.153125 0.01875 0.075
2 0.54765625 0.10859375 0.0109375 0.0421875
2 0.6140625 0.16015625 0.015625 0.06875
2 0.628125 0.1703125 0.0125 0.0625
2 0.63046875 0.15703125 0.0125 0.0515625
2 0.64296875 0.18203125 0.015625 0.0671875
2 0.65625 0.17578125 0.015625 0.06875
2 0.71953125 0.17734375 0.015625 0.0546875
2 0.8328125 0.2421875 0.0234375 0.0734375
2 0.84453125 0.215625 0.0125 0.0640625
2 0.86015625 0.21875 0.01875 0.0625
2 0.9953125 0.35859375 0.009375 0.0859375