2 0.6921875 0.1875 0.015625 0.065625
2 0.57265625 0.165625 0.01875 0.0703125
2 0.55546875 0.190625 0.0171875 0.0890625
2 0.53515625 0.184375 0.025 0.0828125
2 0.4875 0.178125 0.0203125 0.0796875
2 0.45234375 0.1609375 0.0171875 0.0828125
2 0.44296875 0.15546875 0.015625 0.0765625
2 0.50546875 0.14609375 0.015625 0.0703125
2 0.51875 0.1546875 0.015625 0.071875
2 0.52890625 0.17265625 0.015625 0.0765625
2 0.55078125 0.16875 0.0140625 0.084375
2 0.90078125 0.23125 0.0203125 0.0625
2 0.96015625 0.203125 0.015625 0.046875
2 0.7609375 0.1890625 0.0125 0.065625
2 0.7703125 0.1953125 0.0203125 0.059375
2 0.34765625 0.0703125 0.015625 0.046875
2 0.371875 0.1328125 0.028125 0.0765625
2 0.32734375 0.07109375 0.015625 0.0390625
286 0.34296875 0.0890625 0.00625 0.009375
308 0.9998980859375 0.2082973734375 0.3406078609375 0.0843557234375 0.06301704999999999 0.9234013624999999 1 0.9386782234375 0.9998980859375 0.2082973734375
