81 0.3796875 0.6875 0.2 0.3671875
81 0.2734375 0.540625 0.21875 0.19375
81 0.1015625 0.509375 0.196875 0.253125
81 0.61875 0.540625 0.1078125 0.234375
81 0.7046875 0.525 0.146875 0.2359375
81 0.8671875 0.4890625 0.246875 0.16875
81 0.91875 0.49375 0.1578125 0.159375
81 0.35625 0.440625 0.1671875 0.1640625
81 0.4875 0.440625 0.0703125 0.1546875
81 0.4265625 0.440625 0.06875 0.121875
81 0.1765625 0.3890625 0.059375 0.0875
81 0.0671875 0.40625 0.134375 0.065625
81 0.521875 0.3828125 0.0734375 0.05625
81 0.6328125 0.396875 0.05625 0.0796875
81 0.665625 0.378125 0.0515625 0.0609375
81 0.7265625 0.384375 0.05625 0.065625